1303
1	2	1	3	4	2.410304	5.01
2	2	1	4	5	0.77133	2.58
3	2	1	5	6	0.275318	3.01
4	2	1	6	7	0.175692	3.07
5	2	1	7	8	0.084759	2.98
6	2	1	8	9	0.049697	2.94
7	2	1	9	10	0.032474	2.76
8	2	1	10	11	0.019096	2.81
9	3	1	10	12	0.078644	3.06
10	3	1	12	14	0.037313	3.25
11	3	1	14	16	0.02184	3.25
12	3	1	16	18	0.013381	4.56
13	3	1	18	20	0.008725	2.83
14	3	1	20	22	0.005479	3.57
15	3	1	22	24	0.004343	5.12
16	3	2	4	5	2.269823	2.15
17	3	2	5	6	0.56291	2.92
18	3	2	6	7	0.315579	3.09
19	3	2	7	8	0.139217	2.96
20	3	2	8	9	0.07621	2.76
21	3	2	9	10	0.047048	3.15
22	3	2	10	11	0.026402	2.47
23	3	2	11	12	0.018879	2.88
24	4	2	11	13	0.076537	3.06
25	4	2	13	15	0.038249	3.31
26	4	2	15	17	0.02043	3.34
27	4	2	17	19	0.012727	3.56
28	4	2	19	21	0.008446	4.47
29	4	2	21	23	0.005177	3.9
30	4	2	23	25	0.004095	6.39
31	4	2	25	27	0.003018	4.11
32	4	3	5	6	1.771481	3.01
33	4	3	6	7	0.720162	3.1
34	4	3	7	8	0.274408	3.07
35	4	3	8	9	0.136907	2.96
36	4	3	9	10	0.079053	2.92
37	4	3	10	11	0.041769	3.24
38	4	3	11	12	0.028579	3.04
39	4	3	12	13	0.017214	2.58
40	5	1	24	28	0.012845	5.43
41	5	1	28	32	0.007485	4.79
42	5	1	32	36	0.004958	5.32
43	5	1	36	40	0.003269	6.92
44	5	1	26	30	0.009858	6.04
45	5	1	30	34	0.006061	5.69
46	5	1	34	38	0.003948	5.75
47	5	1	38	42	0.002735	6.27
48	5	3	12	14	0.079516	3.03
49	5	3	14	16	0.040702	2.92
50	5	3	16	18	0.02244	3.29
51	5	3	18	20	0.013508	4.14
52	5	3	20	22	0.00802	1.67
53	5	3	22	24	0.006066	3.69
54	5	3	24	26	0.004106	4.11
55	5	3	26	28	0.0032	2.9
56	5	4	6	7	2.895423	2.75
57	5	4	7	8	0.723841	2.92
58	5	4	8	9	0.309121	2.98
59	5	4	9	10	0.160795	2.96
60	5	4	10	11	0.078993	3.13
61	5	4	11	12	0.050838	3.07
62	5	4	12	13	0.029075	2.82
63	5	4	13	14	0.020516	3.76
64	6	2	25	29	0.011949	5.03
65	6	2	29	33	0.00721	4.54
66	6	2	33	37	0.004612	8.07
67	6	2	27	31	0.008957	5.96
68	6	2	31	35	0.005742	4.65
69	6	2	35	39	0.003752	5.07
70	6	2	39	43	0.00254	4.53
71	6	4	13	15	0.078807	3.33
72	6	4	15	17	0.036932	2.92
73	6	4	17	19	0.020852	3.48
74	6	4	19	21	0.012769	3.66
75	6	4	21	23	0.007366	5.21
76	6	4	23	25	0.005587	4.35
77	6	4	25	27	0.004008	4.04
78	6	4	27	29	0.002738	6.29
79	6	5	7	8	1.858559	2.52
80	6	5	8	9	0.570369	2.9
81	6	5	9	10	0.25649	3.0
82	6	5	10	11	0.115339	3.18
83	6	5	11	12	0.069471	3.19
84	6	5	12	13	0.037678	2.92
85	6	5	13	14	0.02546	3.29
86	6	5	14	15	0.017823	3.6
87	7	3	26	30	0.012519	5.34
88	7	3	30	34	0.007363	4.95
89	7	3	34	38	0.004665	5.15
90	7	3	38	42	0.003189	4.37
91	7	3	28	32	0.009283	5.79
92	7	3	32	36	0.005903	5.12
93	7	3	36	40	0.003876	6.48
94	7	3	40	44	0.002598	6.75
95	7	5	14	16	0.082081	2.92
96	7	5	16	18	0.039555	3.45
97	7	5	18	20	0.021411	3.33
98	7	5	20	22	0.011759	3.56
99	7	5	22	24	0.008347	3.88
100	7	5	24	26	0.0054	4.57
101	7	5	26	28	0.004057	6.12
102	7	5	28	30	0.002898	4.79
103	7	6	8	9	2.289073	2.58
104	7	6	9	10	0.711772	3.03
105	7	6	10	11	0.275981	3.39
106	7	6	11	12	0.152373	3.29
107	7	6	12	13	0.077486	2.92
108	7	6	13	14	0.049581	3.45
109	7	6	14	15	0.033042	3.48
110	7	6	15	16	0.01997	1.89
111	8	1	37	44	0.009189	6.35
112	8	1	44	51	0.004894	5.26
113	8	1	51	58	0.002869	5.1
114	8	1	58	65	0.001893	5.43
115	8	1	39	46	0.007562	6.93
116	8	1	46	53	0.004123	3.27
117	8	1	53	60	0.002573	1.01
118	8	1	60	67	0.001638	-9.13
119	8	1	41	48	0.006276	4.94
120	8	1	48	55	0.003568	3.17
121	8	1	62	69	0.001469	-7.44
122	8	4	27	31	0.011932	5.54
123	8	4	31	35	0.00732	5.85
124	8	4	35	39	0.004727	6.64
125	8	4	39	43	0.003108	6.92
126	8	4	29	33	0.0094	5.5
127	8	4	33	37	0.005794	4.21
128	8	4	37	41	0.003912	4.17
129	8	4	41	45	0.002569	6.74
130	8	6	15	17	0.083163	2.69
131	8	6	17	19	0.041042	3.36
132	8	6	19	21	0.02262	3.41
133	8	6	21	23	0.012058	4.09
134	8	6	23	25	0.008568	4.32
135	8	6	25	27	0.005847	4.53
136	8	6	27	29	0.00387	5.4
137	8	6	29	31	0.003075	4.51
138	8	7	9	10	2.278821	2.73
139	8	7	10	11	0.605283	3.39
140	8	7	11	12	0.285809	3.31
141	8	7	12	13	0.132397	3.0
142	8	7	13	14	0.079125	3.51
143	8	7	14	15	0.049773	3.46
144	8	7	15	16	0.0287	1.91
145	8	7	16	17	0.019947	3.6
146	9	2	38	45	0.009037	6.27
147	9	2	52	59	0.002873	3.76
148	9	2	40	47	0.007421	5.1
149	9	2	42	49	0.006204	7.05
150	9	2	49	56	0.003542	7.26
151	9	2	56	63	0.002101	4.95
152	9	2	63	70	0.00149	-1.48
153	9	5	28	32	0.011933	4.5
154	9	5	32	36	0.007273	5.31
155	9	5	36	40	0.004634	5.13
156	9	5	40	44	0.003042	5.07
157	9	5	30	34	0.009233	6.23
158	9	5	34	38	0.005672	5.88
159	9	5	38	42	0.003778	6.12
160	9	5	42	46	0.002542	8.43
161	9	7	16	18	0.085357	3.45
162	9	7	18	20	0.040419	3.04
163	9	7	20	22	0.020085	4.02
164	9	7	22	24	0.013152	3.6
165	9	7	24	26	0.007943	4.04
166	9	7	26	28	0.005701	4.29
167	9	7	28	30	0.003933	5.55
168	9	7	30	32	0.002901	5.34
169	9	8	10	11	2.027495	3.33
170	9	8	11	12	0.672038	3.24
171	9	8	12	13	0.267911	3.0
172	9	8	13	14	0.146108	3.58
173	9	8	14	15	0.085388	3.48
174	9	8	15	16	0.046875	2.29
175	9	8	16	17	0.031063	3.46
176	9	8	17	18	0.020557	3.34
177	10	3	39	46	0.009086	6.93
178	10	3	46	53	0.004822	5.83
179	10	3	53	60	0.002932	2.5
180	10	3	41	48	0.007463	6.44
181	10	3	48	55	0.004136	6.87
182	10	3	55	62	0.002472	6.81
183	10	3	43	50	0.006312	7.12
184	10	3	50	57	0.003534	5.34
185	10	3	57	64	0.002244	4.77
186	10	6	29	33	0.012735	5.54
187	10	6	33	37	0.007526	5.42
188	10	6	37	41	0.00492	4.92
189	10	6	41	45	0.003168	6.04
190	10	6	31	35	0.009689	5.32
191	10	6	35	39	0.006017	5.0
192	10	6	39	43	0.003868	5.34
193	10	8	17	19	0.090765	3.12
194	10	8	19	21	0.043683	2.86
195	10	8	21	23	0.020912	3.33
196	10	8	23	25	0.013639	3.6
197	10	8	25	27	0.00871	3.58
198	10	8	27	29	0.005471	3.78
199	10	8	29	31	0.004193	3.63
200	10	8	31	33	0.003093	4.38
201	10	9	11	12	2.590717	2.9
202	10	9	12	13	0.685605	2.98
203	10	9	13	14	0.318104	3.62
204	10	9	14	15	0.168675	3.51
205	10	9	15	16	0.086572	2.16
206	10	9	16	17	0.054492	3.71
207	10	9	17	18	0.034531	3.07
208	10	9	18	19	0.022004	3.09
209	11	4	40	47	0.00895	6.76
210	11	4	47	54	0.004775	6.01
211	11	4	54	61	0.002856	2.75
212	11	4	42	49	0.007433	7.02
213	11	4	49	56	0.004125	5.82
214	11	4	56	63	0.002402	4.62
215	11	4	63	70	0.001671	3.34
216	11	4	44	51	0.006218	6.31
217	11	4	51	58	0.003523	2.82
218	11	4	58	65	0.002247	6.35
219	11	7	30	34	0.012397	5.15
220	11	7	34	38	0.007297	4.59
221	11	7	38	42	0.004739	6.92
222	11	7	42	46	0.003112	4.75
223	11	7	32	36	0.009532	5.73
224	11	7	36	40	0.005886	4.92
225	11	7	40	44	0.003767	5.88
226	11	7	44	48	0.002577	6.24
227	11	9	18	20	0.089222	2.86
228	11	9	20	22	0.039137	3.06
229	11	9	22	24	0.023088	3.18
230	11	9	24	26	0.01279	3.68
231	11	9	26	28	0.00862	3.66
232	11	9	28	30	0.005668	3.54
233	11	9	30	32	0.004025	5.13
234	11	9	32	34	0.003137	4.65
235	11	10	12	13	2.167645	2.71
236	11	10	13	14	0.683201	3.74
237	11	10	14	15	0.302542	3.18
238	11	10	15	16	0.141816	2.42
239	11	10	16	17	0.083306	3.45
240	11	10	17	18	0.05012	3.19
241	11	10	18	19	0.030566	3.15
242	11	10	19	20	0.020975	2.96
243	12	5	41	48	0.008892	6.07
244	12	5	43	50	0.007453	7.56
245	12	5	50	57	0.004068	3.84
246	12	5	57	64	0.00254	5.38
247	12	5	45	52	0.006143	7.1
248	12	8	31	35	0.012693	5.12
249	12	8	35	39	0.007547	5.03
250	12	8	39	43	0.004707	6.42
251	12	8	43	47	0.003183	4.59
252	12	8	33	37	0.009623	6.03
253	12	8	37	41	0.006077	5.08
254	12	8	41	45	0.003807	4.83
255	12	8	45	49	0.002603	4.68
256	12	10	19	21	0.092006	2.96
257	12	10	21	23	0.038799	3.41
258	12	10	23	25	0.022751	3.45
259	12	10	29	31	0.005769	4.77
260	12	10	31	33	0.004088	3.62
261	12	10	33	35	0.003091	7.46
262	12	11	13	14	2.696269	3.92
263	12	11	14	15	0.766717	3.63
264	12	11	15	16	0.301769	2.66
265	12	11	16	17	0.161241	3.57
266	12	11	17	18	0.091079	3.29
267	12	11	18	19	0.052902	3.07
268	12	11	19	20	0.0349	2.9
269	12	11	20	21	0.022223	3.3
270	13	6	42	49	0.008939	5.64
271	13	6	49	56	0.004841	3.04
272	13	6	63	70	0.001888	-7.67
273	13	6	44	51	0.007403	5.07
274	13	6	46	53	0.006115	7.11
275	13	6	53	60	0.003597	4.59
276	13	9	32	36	0.012587	5.43
277	13	9	36	40	0.007473	5.19
278	13	9	40	44	0.00464	3.69
279	13	9	44	48	0.003102	3.21
280	13	9	34	38	0.009426	4.72
281	13	9	46	50	0.002538	4.92
282	13	11	20	22	0.081582	3.34
283	13	11	22	24	0.042661	3.04
284	13	11	24	26	0.021226	3.53
285	13	11	26	28	0.013212	3.25
286	13	11	28	30	0.008185	3.57
287	13	11	30	32	0.00555	5.43
288	13	11	32	34	0.004159	5.31
289	13	11	34	36	0.002962	6.24
290	13	12	14	15	2.368398	3.56
291	13	12	15	16	0.608399	2.61
292	13	12	16	17	0.275966	3.63
293	13	12	17	18	0.142755	3.39
294	13	12	18	19	0.07826	3.1
295	13	12	19	20	0.049447	2.81
296	13	12	20	21	0.03037	3.1
297	13	12	21	22	0.016488	2.76
298	14	7	43	50	0.008925	6.39
299	14	7	57	64	0.00289	5.07
300	14	7	64	71	0.001761	-5.37
301	14	7	61	68	0.002139	-2.85
302	14	10	33	37	0.012427	5.22
303	14	10	37	41	0.007442	5.34
304	14	10	41	45	0.004554	4.88
305	14	10	45	49	0.003043	6.86
306	14	10	35	39	0.009464	4.89
307	14	10	39	43	0.005721	4.23
308	14	10	43	47	0.003763	3.78
309	14	10	47	51	0.002496	7.15
310	14	12	21	23	0.078068	3.24
311	14	12	23	25	0.04074	2.98
312	14	12	25	27	0.021637	3.45
313	14	12	27	29	0.011727	4.32
314	14	12	29	31	0.00819	4.62
315	14	12	31	33	0.005514	4.49
316	14	12	33	35	0.004063	6.57
317	14	12	35	37	0.002936	7.37
318	14	13	15	16	2.120947	2.08
319	14	13	16	17	0.640278	3.57
320	14	13	17	18	0.27939	3.36
321	14	13	18	19	0.140277	3.07
322	14	13	19	20	0.084036	2.75
323	14	13	20	21	0.049284	3.21
324	14	13	21	22	0.025956	3.09
325	14	13	22	23	0.02147	3.18
326	15	8	44	51	0.008967	5.69
327	15	8	51	58	0.004809	3.54
328	15	8	46	53	0.007344	6.01
329	15	8	53	60	0.004195	3.06
330	15	8	48	55	0.006161	6.71
331	15	8	55	62	0.003497	2.62
332	15	8	62	69	0.002173	-6.46
333	15	11	34	38	0.012699	5.43
334	15	11	38	42	0.007611	5.49
335	15	11	42	46	0.00474	6.45
336	15	11	46	50	0.003096	4.81
337	15	11	36	40	0.009837	5.75
338	15	11	40	44	0.005909	4.21
339	15	11	44	48	0.003845	5.28
340	15	11	48	52	0.002522	5.18
341	15	13	22	24	0.093677	3.21
342	15	13	24	26	0.040889	3.15
343	15	13	26	28	0.023043	3.07
344	15	13	28	30	0.013234	3.29
345	15	13	30	32	0.008484	3.62
346	15	13	32	34	0.006095	4.96
347	15	14	16	17	2.498149	2.69
348	15	14	17	18	0.699347	3.5
349	15	14	18	19	0.292216	3.07
350	15	14	19	20	0.160792	2.73
351	15	14	20	21	0.087649	3.42
352	15	14	21	22	0.044549	3.6
353	15	14	22	23	0.035169	3.19
354	15	14	23	24	0.022635	3.38
355	16	9	45	52	0.008856	7.04
356	16	9	52	59	0.004883	6.0
357	16	9	59	66	0.00285	9.23
358	16	9	47	54	0.007329	5.67
359	16	9	54	61	0.00414	3.68
360	16	9	49	56	0.006201	5.49
361	16	9	56	63	0.003405	3.56
362	16	9	63	70	0.00225	2.27
363	16	12	35	39	0.012712	5.1
364	16	12	39	43	0.00734	5.83
365	16	12	43	47	0.004701	5.7
366	16	12	47	51	0.003052	6.12
367	16	12	37	41	0.009809	5.61
368	16	12	41	45	0.005771	5.67
369	16	12	45	49	0.003759	5.56
370	16	12	49	53	0.002501	4.56
371	16	14	23	25	0.0879	2.92
372	16	14	25	27	0.041038	2.81
373	16	14	27	29	0.020536	3.29
374	16	14	29	31	0.013314	3.97
375	16	14	31	33	0.008522	3.42
376	16	14	33	35	0.005967	3.82
377	16	14	35	37	0.004171	3.97
378	16	14	37	39	0.003251	3.15
379	16	15	17	18	2.138865	3.45
380	16	15	18	19	0.585654	3.19
381	16	15	19	20	0.272649	2.88
382	16	15	20	21	0.136807	3.48
383	16	15	21	22	0.066042	3.58
384	16	15	22	23	0.05022	3.22
385	16	15	23	24	0.031059	2.66
386	16	15	24	25	0.019477	2.81
387	17	10	46	53	0.008809	6.11
388	17	10	53	60	0.004878	4.46
389	17	10	60	67	0.002791	6.69
390	17	10	48	55	0.007345	6.55
391	17	10	55	62	0.004053	3.39
392	17	10	50	57	0.006118	5.58
393	17	10	57	64	0.003604	3.72
394	17	10	64	71	0.002116	-1.92
395	17	13	36	40	0.013076	5.03
396	17	13	40	44	0.007524	5.52
397	17	13	44	48	0.004767	6.6
398	17	13	48	52	0.003073	5.54
399	17	13	38	42	0.009905	6.38
400	17	13	42	46	0.005961	7.33
401	17	15	24	26	0.081752	3.15
402	17	15	26	28	0.040986	2.73
403	17	15	28	30	0.021514	2.97
404	17	15	30	32	0.012883	3.25
405	17	15	32	34	0.008736	3.66
406	17	15	34	36	0.005801	4.51
407	17	15	36	38	0.004208	5.67
408	17	15	38	40	0.003191	5.1
409	17	16	18	19	2.109438	2.92
410	17	16	19	20	0.6415	2.94
411	17	16	20	21	0.27044	3.84
412	17	16	21	22	0.120764	3.69
413	17	16	22	23	0.086655	3.5
414	17	16	23	24	0.051068	2.94
415	17	16	24	25	0.030587	3.03
416	17	16	25	26	0.01908	3.57
417	18	11	47	54	0.008937	5.96
418	18	11	54	61	0.004909	3.72
419	18	11	61	68	0.002882	4.49
420	18	11	49	56	0.007495	4.92
421	18	11	51	58	0.006232	7.0
422	18	11	58	65	0.003667	8.83
423	18	14	37	41	0.013513	4.91
424	18	14	41	45	0.007598	4.54
425	18	14	45	49	0.004821	5.49
426	18	14	49	53	0.003127	3.93
427	18	14	39	43	0.009873	5.31
428	18	14	43	47	0.006102	6.0
429	18	14	47	51	0.003856	6.92
430	18	14	51	55	0.002633	6.07
431	18	16	25	27	0.085616	2.96
432	18	16	27	29	0.038392	3.22
433	18	16	29	31	0.022751	3.41
434	18	16	31	33	0.013567	3.84
435	18	16	33	35	0.008968	3.65
436	18	16	35	37	0.006019	4.84
437	18	16	37	39	0.004545	5.85
438	18	16	39	41	0.003269	5.28
439	18	17	19	20	2.249297	2.75
440	18	17	20	21	0.618397	4.23
441	18	17	21	22	0.235027	3.96
442	18	17	22	23	0.154576	3.62
443	18	17	23	24	0.08529	3.04
444	18	17	24	25	0.048319	2.94
445	18	17	25	26	0.029125	3.41
446	18	17	26	27	0.022164	2.46
447	19	12	48	55	0.008981	5.66
448	19	12	55	62	0.004815	1.65
449	19	12	62	69	0.002916	1.97
450	19	12	50	57	0.007417	5.55
451	19	12	57	64	0.004257	4.53
452	19	12	52	59	0.006354	5.99
453	19	12	59	66	0.003563	5.71
454	19	15	38	42	0.013292	5.01
455	19	15	42	46	0.007649	6.18
456	19	15	46	50	0.004734	4.75
457	19	15	50	54	0.003111	5.0
458	19	15	40	44	0.009851	5.55
459	19	15	44	48	0.006009	5.15
460	19	15	48	52	0.003779	4.59
461	19	17	26	28	0.085544	2.75
462	19	17	28	30	0.040144	3.06
463	19	17	30	32	0.022077	3.07
464	19	17	32	34	0.014023	3.71
465	19	17	34	36	0.008817	3.92
466	19	17	36	38	0.006137	4.68
467	19	17	38	40	0.004503	5.61
468	19	17	40	42	0.003221	6.96
469	19	18	20	21	2.035828	5.24
470	19	18	21	22	0.524062	4.21
471	19	18	22	23	0.29298	3.75
472	19	18	23	24	0.145917	3.1
473	19	18	24	25	0.076901	3.1
474	19	18	25	26	0.044392	3.34
475	19	18	26	27	0.032102	2.44
476	19	18	27	28	0.018323	3.31
477	20	13	49	56	0.009195	5.97
478	20	13	56	63	0.004777	5.04
479	20	13	63	70	0.003011	3.96
480	20	13	51	58	0.007573	5.87
481	20	13	58	65	0.004321	6.42
482	20	13	65	72	0.002497	2.06
483	20	13	53	60	0.006466	5.7
484	20	13	60	67	0.003566	5.76
485	20	16	39	43	0.013328	5.28
486	20	16	43	47	0.007888	5.13
487	20	16	47	51	0.004851	5.0
488	20	16	51	55	0.003227	6.15
489	20	16	41	45	0.010016	5.49
490	20	16	45	49	0.006125	5.07
491	20	16	49	53	0.003878	5.21
492	20	16	53	57	0.002677	4.33
493	20	18	27	29	0.07824	3.06
494	20	18	29	31	0.041641	3.06
495	20	18	31	33	0.02275	3.19
496	20	18	33	35	0.014089	3.5
497	20	18	35	37	0.008976	4.54
498	20	18	37	39	0.006477	4.62
499	20	18	39	41	0.004504	4.5
500	20	18	41	43	0.003171	6.78
501	20	19	21	22	1.800517	4.08
502	20	19	22	23	0.701701	4.04
503	20	19	23	24	0.285034	3.15
504	20	19	24	25	0.137015	3.15
505	20	19	25	26	0.073864	3.45
506	20	19	26	27	0.051558	2.44
507	20	19	27	28	0.02766	3.24
508	20	19	28	29	0.019284	2.52
509	21	14	50	57	0.009151	5.29
510	21	14	57	64	0.005101	4.94
511	21	14	52	59	0.007787	4.94
512	21	14	59	66	0.004256	6.25
513	21	14	54	61	0.00646	4.33
514	21	14	61	68	0.003644	4.67
515	21	17	40	44	0.01343	5.08
516	21	17	44	48	0.007857	5.55
517	21	17	48	52	0.004789	6.04
518	21	17	52	56	0.003347	6.11
519	21	17	42	46	0.010195	5.87
520	21	17	46	50	0.006091	4.98
521	21	17	50	54	0.003904	6.55
522	21	17	54	58	0.002696	5.0
523	21	19	28	30	0.082333	2.83
524	21	19	30	32	0.040662	2.81
525	21	19	32	34	0.023724	3.33
526	21	19	34	36	0.013963	3.5
527	21	19	36	38	0.009243	3.9
528	21	19	38	40	0.006489	3.85
529	21	19	40	42	0.004481	4.46
530	21	19	42	44	0.003287	3.66
531	21	20	22	23	2.870712	5.24
532	21	20	23	24	0.66651	3.12
533	21	20	24	25	0.261072	3.15
534	21	20	25	26	0.128683	3.57
535	21	20	26	27	0.081558	2.35
536	21	20	27	28	0.043091	3.33
537	21	20	28	29	0.02799	2.7
538	21	20	29	30	0.02054	3.21
539	22	15	51	58	0.008831	5.16
540	22	15	58	65	0.004916	3.88
541	22	15	53	60	0.007452	5.99
542	22	15	62	69	0.003577	-0.35
543	22	18	41	45	0.012562	5.16
544	22	18	45	49	0.007366	4.17
545	22	18	49	53	0.004531	6.11
546	22	18	53	57	0.003056	4.68
547	22	18	43	47	0.00966	5.79
548	22	18	47	51	0.005741	5.31
549	22	18	51	55	0.003725	5.88
550	22	18	55	59	0.002521	4.88
551	22	20	29	31	0.073454	3.03
552	22	20	31	33	0.036161	3.12
553	22	20	33	35	0.020667	3.25
554	22	20	35	37	0.01238	3.96
555	22	20	37	39	0.008509	3.68
556	22	20	39	41	0.005654	3.96
557	22	20	43	45	0.002984	5.99
558	22	21	23	24	1.768278	3.01
559	22	21	24	25	0.460014	3.48
560	22	21	25	26	0.190155	3.71
561	22	21	26	27	0.112127	2.55
562	22	21	27	28	0.053528	3.44
563	22	21	28	29	0.034207	2.7
564	22	21	29	30	0.023907	3.17
565	22	21	30	31	0.015376	2.75
566	23	16	52	59	0.009053	4.77
567	23	16	59	66	0.004817	3.21
568	23	16	54	61	0.007434	4.72
569	23	16	61	68	0.004101	0.68
570	23	19	42	46	0.012768	5.32
571	23	19	46	50	0.007313	5.0
572	23	19	50	54	0.004539	6.66
573	23	19	54	58	0.003062	5.43
574	23	19	44	48	0.009613	5.22
575	23	19	48	52	0.005657	5.34
576	23	19	52	56	0.003844	5.08
577	23	19	56	60	0.002497	4.98
578	23	21	30	32	0.071235	2.86
579	23	21	32	34	0.037423	3.09
580	23	21	34	36	0.020375	3.25
581	23	21	36	38	0.012696	3.13
582	23	21	38	40	0.008444	3.41
583	23	21	40	42	0.005586	3.51
584	23	21	42	44	0.003964	4.49
585	23	21	44	46	0.002963	4.11
586	23	22	24	25	1.721884	3.54
587	23	22	25	26	0.497838	3.76
588	23	22	26	27	0.247877	2.61
589	23	22	27	28	0.109881	3.65
590	23	22	28	29	0.065012	2.96
591	23	22	29	30	0.043632	3.27
592	23	22	30	31	0.02691	2.9
593	23	22	31	32	0.01818	2.75
594	24	17	53	60	0.009081	6.79
595	24	17	60	67	0.004771	4.84
596	24	17	55	62	0.007333	6.38
597	24	17	64	71	0.003459	-2.15
598	24	20	43	47	0.012957	5.37
599	24	20	47	51	0.007337	5.34
600	24	20	51	55	0.004601	4.86
601	24	20	55	59	0.003061	5.97
602	24	20	45	49	0.00961	6.09
603	24	20	49	53	0.00569	5.69
604	24	20	57	61	0.002536	3.97
605	24	22	31	33	0.079061	2.88
606	24	22	33	35	0.040814	2.62
607	24	22	35	37	0.022635	3.53
608	24	22	37	39	0.014583	3.3
609	24	22	39	41	0.009163	3.71
610	24	22	41	43	0.00603	1.95
611	24	22	43	45	0.00449	4.57
612	24	22	45	47	0.003242	6.07
613	24	23	25	26	1.814985	3.75
614	24	23	26	27	0.603309	2.61
615	24	23	27	28	0.216934	3.63
616	24	23	28	29	0.118544	2.9
617	24	23	29	30	0.07364	3.21
618	24	23	30	31	0.043079	2.73
619	24	23	31	32	0.027863	2.9
620	24	23	32	33	0.019608	2.81
621	25	18	54	61	0.008988	4.91
622	25	18	56	63	0.00717	4.98
623	25	18	63	70	0.004248	3.39
624	25	18	61	68	0.004803	4.92
625	25	18	65	72	0.003456	-8.4
626	25	21	44	48	0.012861	5.32
627	25	21	48	52	0.007221	4.72
628	25	21	52	56	0.004758	4.7
629	25	21	56	60	0.003017	4.25
630	25	21	46	50	0.009526	4.65
631	25	21	50	54	0.005684	6.54
632	25	21	54	58	0.003734	6.4
633	25	21	58	62	0.002499	5.15
634	25	23	32	34	0.082803	3.13
635	25	23	34	36	0.040606	2.94
636	25	23	36	38	0.023412	3.17
637	25	23	38	40	0.014576	3.78
638	25	23	40	42	0.009137	4.06
639	25	23	42	44	0.006215	5.08
640	25	23	44	46	0.004487	5.7
641	25	23	46	48	0.003205	5.87
642	25	24	26	27	2.116466	2.16
643	25	24	27	28	0.505721	3.99
644	25	24	28	29	0.22822	3.18
645	25	24	29	30	0.129576	3.46
646	25	24	30	31	0.069797	2.96
647	25	24	31	32	0.042776	2.82
648	25	24	32	33	0.029161	3.12
649	25	24	33	34	0.019824	3.17
650	26	19	55	62	0.008724	4.53
651	26	19	62	69	0.004824	1.98
652	26	19	57	64	0.007459	5.28
653	26	19	64	71	0.003949	-8.28
654	26	22	45	49	0.013034	6.07
655	26	22	49	53	0.007378	5.4
656	26	22	53	57	0.004697	7.49
657	26	22	47	51	0.009696	6.5
658	26	22	51	55	0.005863	5.9
659	26	22	55	59	0.003799	7.73
660	26	22	59	63	0.002443	6.88
661	26	24	33	35	0.078212	2.86
662	26	24	35	37	0.039277	3.39
663	26	24	37	39	0.023391	3.1
664	26	24	39	41	0.013746	3.33
665	26	24	41	43	0.008562	3.27
666	26	24	43	45	0.006091	3.62
667	26	24	45	47	0.004251	5.22
668	26	24	47	49	0.003082	3.82
669	26	25	27	28	1.394736	4.09
670	26	25	28	29	0.485025	3.34
671	26	25	29	30	0.226844	3.63
672	26	25	30	31	0.111578	3.06
673	26	25	31	32	0.063612	3.0
674	26	25	32	33	0.040642	3.1
675	26	25	33	34	0.027313	3.17
676	26	25	34	35	0.017652	2.59
677	27	20	56	63	0.008676	4.86
678	27	20	63	70	0.004947	-0.63
679	27	20	58	65	0.007582	8.25
680	27	23	46	50	0.013325	5.79
681	27	23	50	54	0.007628	5.42
682	27	23	54	58	0.004849	7.3
683	27	23	58	62	0.003181	8.96
684	27	23	48	52	0.009878	5.28
685	27	23	52	56	0.006281	4.41
686	27	23	56	60	0.003887	4.91
687	27	23	60	64	0.002677	7.1
688	27	25	34	36	0.083786	2.85
689	27	25	36	38	0.043575	3.12
690	27	25	38	40	0.024935	3.38
691	27	25	40	42	0.014557	4.21
692	27	25	42	44	0.009347	3.78
693	27	25	44	46	0.006447	5.43
694	27	25	46	48	0.004407	4.44
695	27	25	48	50	0.003267	5.52
696	27	26	28	29	2.011223	3.56
697	27	26	29	30	0.673112	3.6
698	27	26	30	31	0.265488	3.41
699	27	26	31	32	0.136583	3.04
700	27	26	32	33	0.083468	3.44
701	27	26	33	34	0.048978	3.18
702	27	26	34	35	0.031476	2.52
703	27	26	35	36	0.021821	3.74
704	28	21	57	64	0.009007	6.84
705	28	21	64	71	0.004604	-2.58
706	28	21	59	66	0.007262	8.64
707	28	24	47	51	0.012981	4.7
708	28	24	51	55	0.007497	4.06
709	28	24	55	59	0.0047	3.44
710	28	24	49	53	0.009635	5.37
711	28	24	53	57	0.005907	5.5
712	28	24	61	65	0.002652	7.33
713	28	26	35	37	0.082464	3.36
714	28	26	37	39	0.044459	3.31
715	28	26	39	41	0.024039	3.56
716	28	26	41	43	0.013962	3.46
717	28	26	43	45	0.009429	3.71
718	28	26	45	47	0.00627	3.5
719	28	26	47	49	0.004395	5.85
720	28	26	49	51	0.003178	6.69
721	28	27	29	30	1.974336	3.79
722	28	27	30	31	0.520598	3.25
723	28	27	31	32	0.218809	3.18
724	28	27	32	33	0.115107	3.24
725	28	27	33	34	0.06865	3.18
726	28	27	34	35	0.04009	2.37
727	28	27	35	36	0.027105	3.57
728	28	27	36	37	0.018288	3.41
729	29	22	58	65	0.00908	7.95
730	29	22	65	72	0.004647	-3.88
731	29	22	62	69	0.006197	6.23
732	29	25	48	52	0.012536	6.66
733	29	25	50	54	0.009419	5.1
734	29	25	54	58	0.005781	4.41
735	29	25	58	62	0.003689	3.03
736	29	25	62	66	0.002582	6.68
737	29	27	36	38	0.079513	2.98
738	29	27	38	40	0.041151	2.98
739	29	27	40	42	0.022179	3.62
740	29	27	42	44	0.01334	3.38
741	29	27	44	46	0.008676	4.88
742	29	27	46	48	0.005737	2.88
743	29	27	48	50	0.004029	7.65
744	29	27	50	52	0.002843	6.44
745	29	28	30	31	1.757231	3.51
746	29	28	31	32	0.509456	3.19
747	29	28	32	33	0.232381	3.5
748	29	28	33	34	0.116252	3.3
749	29	28	34	35	0.065878	2.31
750	29	28	35	36	0.042004	3.78
751	29	28	36	37	0.027392	3.15
752	29	28	37	38	0.020028	2.9
753	30	23	59	66	0.008817	8.49
754	30	26	49	53	0.012787	5.13
755	30	26	53	57	0.007474	5.37
756	30	26	57	61	0.004692	5.87
757	30	26	61	65	0.003178	7.0
758	30	26	51	55	0.009686	5.62
759	30	26	55	59	0.005862	5.67
760	30	26	59	63	0.003598	5.55
761	30	26	63	67	0.002659	10.96
762	30	28	37	39	0.088091	2.92
763	30	28	39	41	0.042796	3.17
764	30	28	41	43	0.02274	3.04
765	30	28	43	45	0.01436	3.75
766	30	28	45	47	0.00897	4.35
767	30	28	47	49	0.005995	4.63
768	30	28	49	51	0.004193	6.15
769	30	28	51	53	0.003019	3.78
770	30	29	31	32	1.964083	3.19
771	30	29	32	33	0.56745	3.54
772	30	29	33	34	0.242608	3.34
773	30	29	34	35	0.122172	2.46
774	30	29	35	36	0.073179	3.69
775	30	29	36	37	0.045485	3.13
776	30	29	37	38	0.032041	2.97
777	30	29	38	39	0.021872	2.92
778	31	24	60	67	0.008605	6.54
779	31	27	50	54	0.012416	5.58
780	31	27	54	58	0.007238	5.82
781	31	27	58	62	0.004475	2.35
782	31	27	62	66	0.003075	12.08
783	31	27	52	56	0.009712	5.28
784	31	27	56	60	0.005582	3.88
785	31	27	60	64	0.003656	7.39
786	31	29	38	40	0.089238	2.96
787	31	29	40	42	0.043349	3.06
788	31	29	42	44	0.023994	3.21
789	31	29	44	46	0.014538	3.71
790	31	29	46	48	0.009025	3.84
791	31	29	48	50	0.006078	5.08
792	31	29	50	52	0.004112	6.25
793	31	29	52	54	0.003173	3.84
794	31	30	32	33	1.981971	3.81
795	31	30	33	34	0.538215	3.45
796	31	30	34	35	0.228308	2.61
797	31	30	35	36	0.123525	3.9
798	31	30	36	37	0.072031	3.21
799	31	30	37	38	0.048445	3.04
800	31	30	38	39	0.031789	2.96
801	31	30	39	40	0.020749	3.25
802	32	25	61	68	0.008594	8.12
803	32	25	65	72	0.005793	3.29
804	32	28	51	55	0.012674	4.98
805	32	28	55	59	0.007279	4.02
806	32	28	59	63	0.004334	5.31
807	32	28	63	67	0.00312	5.47
808	32	28	53	57	0.009511	5.22
809	32	28	57	61	0.005754	3.75
810	32	28	61	65	0.003787	9.07
811	32	30	39	41	0.088134	3.13
812	32	30	41	43	0.042229	2.92
813	32	30	43	45	0.024541	3.39
814	32	30	45	47	0.014256	3.63
815	32	30	47	49	0.008976	4.19
816	32	30	49	51	0.005969	4.2
817	32	30	51	53	0.004133	3.6
818	32	30	53	55	0.003131	5.88
819	32	31	33	34	1.874837	3.13
820	32	31	34	35	0.523111	2.83
821	32	31	35	36	0.236734	4.11
822	32	31	36	37	0.125194	3.29
823	32	31	37	38	0.079039	3.19
824	32	31	38	39	0.049393	3.0
825	32	31	39	40	0.031099	2.91
826	32	31	40	41	0.021458	3.44
827	33	26	62	69	0.008816	4.11
828	33	29	52	56	0.013305	4.89
829	33	29	56	60	0.007292	4.05
830	33	29	60	64	0.004601	9.88
831	33	29	64	68	0.002806	5.31
832	33	29	54	58	0.009637	4.0
833	33	29	62	66	0.003809	7.35
834	33	31	40	42	0.089586	3.0
835	33	31	42	44	0.045055	2.86
836	33	31	44	46	0.025078	3.27
837	33	31	46	48	0.014606	3.27
838	33	31	48	50	0.009193	3.66
839	33	31	50	52	0.005949	3.81
840	33	31	52	54	0.004375	4.56
841	33	31	54	56	0.003268	2.52
842	33	32	34	35	1.813319	3.38
843	33	32	35	36	0.547438	4.28
844	33	32	36	37	0.240734	3.34
845	33	32	37	38	0.137713	3.31
846	33	32	38	39	0.080848	3.04
847	33	32	39	40	0.048818	3.1
848	33	32	40	41	0.032399	3.22
849	33	32	41	42	0.021462	2.91
850	34	27	65	72	0.006887	0.24
851	34	30	53	57	0.013122	3.51
852	34	30	57	61	0.007536	3.42
853	34	30	55	59	0.009731	3.54
854	34	30	59	63	0.005583	3.68
855	34	30	63	67	0.003915	7.08
856	34	32	41	43	0.092739	2.78
857	34	32	43	45	0.048983	3.04
858	34	32	45	47	0.026117	3.17
859	34	32	47	49	0.015332	3.63
860	34	32	49	51	0.009563	3.51
861	34	32	51	53	0.006298	4.09
862	34	32	53	55	0.004587	3.65
863	34	32	55	57	0.003157	2.21
864	34	33	35	36	2.186218	4.59
865	34	33	36	37	0.605598	3.68
866	34	33	37	38	0.286676	3.42
867	34	33	38	39	0.150563	3.25
868	34	33	39	40	0.084749	3.3
869	34	33	40	41	0.054341	3.33
870	34	33	41	42	0.033089	2.85
871	34	33	42	43	0.023121	2.98
872	35	28	64	71	0.008363	2.54
873	35	31	54	58	0.013128	5.13
874	35	31	58	62	0.00743	2.34
875	35	31	66	70	0.002961	0.27
876	35	31	60	64	0.005905	5.24
877	35	31	64	68	0.003488	7.32
878	35	33	42	44	0.09643	2.96
879	35	33	44	46	0.048503	3.01
880	35	33	46	48	0.02557	2.9
881	35	33	48	50	0.015227	2.94
882	35	33	50	52	0.009226	2.75
883	35	33	52	54	0.006488	2.17
884	35	33	54	56	0.004643	2.23
885	35	34	36	37	2.145506	3.76
886	35	34	37	38	0.632164	3.5
887	35	34	38	39	0.269833	3.33
888	35	34	39	40	0.136725	3.33
889	35	34	40	41	0.082066	3.44
890	35	34	41	42	0.048444	2.78
891	35	34	42	43	0.032613	3.13
892	35	34	43	44	0.023545	3.21
893	36	29	65	72	0.008364	1.24
894	36	32	55	59	0.013137	4.33
895	36	32	59	63	0.007162	4.57
896	36	32	63	67	0.004865	5.73
897	36	32	67	71	0.003013	-0.63
898	36	32	57	61	0.009909	4.32
899	36	32	61	65	0.006028	8.37
900	36	32	65	69	0.003484	0.92
901	36	34	43	45	0.098304	3.06
902	36	34	45	47	0.047378	2.98
903	36	34	47	49	0.025657	3.18
904	36	34	49	51	0.014973	3.56
905	36	34	51	53	0.009258	3.66
906	36	34	53	55	0.006385	3.78
907	36	34	55	57	0.004226	3.94
908	36	34	57	59	0.003232	4.71
909	36	35	37	38	2.315176	3.18
910	36	35	38	39	0.620079	3.45
911	36	35	39	40	0.25926	3.5
912	36	35	40	41	0.141368	3.57
913	36	35	41	42	0.077653	2.88
914	36	35	42	43	0.050631	2.9
915	36	35	43	44	0.035324	3.13
916	36	35	44	45	0.023382	3.18
917	37	33	56	60	0.012842	5.91
918	37	33	60	64	0.007496	4.72
919	37	33	64	68	0.004288	3.79
920	37	33	68	72	0.00305	4.09
921	37	33	58	62	0.009673	2.66
922	37	33	62	66	0.005976	8.8
923	37	35	44	46	0.096325	3.09
924	37	35	46	48	0.04611	2.91
925	37	35	48	50	0.025481	3.06
926	37	35	50	52	0.014395	2.94
927	37	35	52	54	0.009539	3.66
928	37	35	54	56	0.006447	2.76
929	37	35	56	58	0.004032	4.0
930	37	36	38	39	2.087305	3.36
931	37	36	39	40	0.558992	3.57
932	37	36	40	41	0.253937	3.68
933	37	36	41	42	0.126394	2.98
934	37	36	42	43	0.078213	2.98
935	37	36	43	44	0.052335	3.18
936	37	36	44	45	0.033563	3.06
937	37	36	45	46	0.022895	2.97
938	38	34	57	61	0.013215	3.81
939	38	34	61	65	0.00766	7.68
940	38	34	65	69	0.004296	-0.24
941	38	34	59	63	0.009311	4.6
942	38	34	63	67	0.006078	7.17
943	38	36	45	47	0.096829	3.01
944	38	36	47	49	0.047976	2.98
945	38	36	49	51	0.025983	2.92
946	38	36	51	53	0.014969	3.45
947	38	36	53	55	0.009711	3.66
948	38	36	55	57	0.006125	4.4
949	38	36	57	59	0.004503	4.17
950	38	36	59	61	0.003133	4.41
951	38	37	39	40	2.053096	3.54
952	38	37	40	41	0.592957	3.84
953	38	37	41	42	0.247351	3.1
954	38	37	42	43	0.139043	3.17
955	38	37	43	44	0.087741	3.36
956	38	37	44	45	0.05392	3.31
957	38	37	45	46	0.035639	3.38
958	38	37	46	47	0.023054	2.97
959	39	35	58	62	0.01331	3.96
960	39	35	62	66	0.007794	7.17
961	39	35	60	64	0.009956	7.81
962	39	35	64	68	0.005506	-0.04
963	39	35	68	72	0.003767	-2.06
964	39	37	46	48	0.099611	2.91
965	39	37	48	50	0.050652	3.03
966	39	37	50	52	0.026429	3.39
967	39	37	52	54	0.016309	3.39
968	39	37	54	56	0.010337	3.92
969	39	37	56	58	0.006147	3.63
970	39	37	58	60	0.004813	3.27
971	39	37	60	62	0.003059	2.46
972	39	38	40	41	2.269718	3.78
973	39	38	41	42	0.592826	3.09
974	39	38	42	43	0.274122	3.21
975	39	38	43	44	0.155758	3.42
976	39	38	44	45	0.089496	3.21
977	39	38	45	46	0.056484	3.15
978	39	38	46	47	0.035237	2.88
979	39	38	47	48	0.02468	2.97
980	40	36	59	63	0.012856	4.28
981	40	36	63	67	0.008013	6.45
982	40	36	67	71	0.004632	0.06
983	40	38	47	49	0.101378	3.09
984	40	38	49	51	0.050444	2.9
985	40	38	51	53	0.026794	3.31
986	40	38	53	55	0.01616	3.63
987	40	38	55	57	0.009595	4.02
988	40	38	57	59	0.006717	4.49
989	40	38	59	61	0.004502	2.94
990	40	38	61	63	0.003021	6.2
991	40	39	41	42	2.063507	2.71
992	40	39	42	43	0.604866	3.38
993	40	39	43	44	0.283709	3.66
994	40	39	44	45	0.146419	3.44
995	40	39	45	46	0.086639	3.24
996	40	39	46	47	0.05167	2.82
997	40	39	47	48	0.035146	3.17
998	40	39	48	49	0.024158	3.29
999	41	37	60	64	0.01355	7.43
1000	41	37	64	68	0.007159	2.11
1001	41	37	68	72	0.00471	1.92
1002	41	37	62	66	0.010366	9.81
1003	41	37	66	70	0.005787	1.17
1004	41	39	48	50	0.100019	2.96
1005	41	39	50	52	0.047987	2.97
1006	41	39	52	54	0.027455	3.39
1007	41	39	54	56	0.016208	3.38
1008	41	39	56	58	0.009066	3.36
1009	41	39	58	60	0.006789	2.83
1010	41	39	60	62	0.004151	2.56
1011	41	39	62	64	0.003574	11.61
1012	41	40	42	43	2.213237	3.34
1013	41	40	43	44	0.647836	3.48
1014	41	40	44	45	0.268576	3.5
1015	41	40	45	46	0.142936	3.34
1016	41	40	46	47	0.080609	2.97
1017	41	40	47	48	0.052503	3.06
1018	41	40	48	49	0.034863	3.1
1019	41	40	49	50	0.023934	2.83
1020	42	38	61	65	0.013768	9.27
1021	42	38	65	69	0.00705	-0.55
1022	42	38	63	67	0.010451	7.71
1023	42	38	67	71	0.005819	-0.3
1024	42	40	49	51	0.099174	2.9
1025	42	40	51	53	0.048043	3.15
1026	42	40	53	55	0.026667	3.39
1027	42	40	55	57	0.014831	3.6
1028	42	40	57	59	0.00979	3.09
1029	42	40	59	61	0.00627	2.79
1030	42	40	61	63	0.004075	5.07
1031	42	41	43	44	2.268385	3.88
1032	42	41	44	45	0.606231	3.65
1033	42	41	45	46	0.265863	3.56
1034	42	41	46	47	0.133179	3.1
1035	42	41	47	48	0.082042	3.24
1036	42	41	48	49	0.053109	3.07
1037	42	41	49	50	0.035399	2.94
1038	42	41	50	51	0.023319	2.86
1039	43	39	62	66	0.013433	9.79
1040	43	39	66	70	0.007155	-0.22
1041	43	41	50	52	0.092669	3.0
1042	43	41	52	54	0.048466	3.24
1043	43	41	54	56	0.026184	3.1
1044	43	41	56	58	0.013675	3.22
1045	43	41	58	60	0.009708	2.91
1046	43	41	60	62	0.005696	1.33
1047	43	41	62	64	0.004728	12.03
1048	43	42	44	45	2.037269	3.63
1049	43	42	45	46	0.570784	3.65
1050	43	42	46	47	0.236738	3.27
1051	43	42	47	48	0.13138	3.29
1052	43	42	48	49	0.079431	3.15
1053	43	42	49	50	0.050861	2.82
1054	43	42	50	51	0.032757	3.17
1055	43	42	51	52	0.021178	3.01
1056	44	40	63	67	0.013811	7.85
1057	44	40	67	71	0.007294	0.14
1058	44	42	51	53	0.096886	3.15
1059	44	42	53	55	0.048948	3.0
1060	44	42	55	57	0.025092	2.85
1061	44	42	57	59	0.015435	2.96
1062	44	42	59	61	0.009349	1.09
1063	44	42	61	63	0.005756	4.14
1064	44	42	65	67	0.002783	3.54
1065	44	43	45	46	2.193638	3.65
1066	44	43	46	47	0.581891	3.41
1067	44	43	47	48	0.266256	3.5
1068	44	43	48	49	0.145442	3.27
1069	44	43	49	50	0.087629	3.07
1070	44	43	50	51	0.053948	3.0
1071	44	43	51	52	0.033721	3.13
1072	44	43	52	53	0.025534	3.25
1073	45	43	52	54	0.10444	3.25
1074	45	43	54	56	0.051165	2.98
1075	45	43	56	58	0.02456	3.12
1076	45	43	58	60	0.016296	2.82
1077	45	43	60	62	0.008989	1.48
1078	45	43	66	68	0.003004	2.96
1079	45	44	46	47	2.128622	3.41
1080	45	44	47	48	0.61738	3.65
1081	45	44	48	49	0.271968	3.42
1082	45	44	49	50	0.147335	3.09
1083	45	44	50	51	0.085406	3.15
1084	45	44	51	52	0.051292	3.1
1085	45	44	52	53	0.037647	3.45
1086	45	44	53	54	0.024292	3.15
1087	46	44	53	55	0.104431	3.09
1088	46	44	55	57	0.048696	3.18
1089	46	44	57	59	0.027506	2.92
1090	46	44	59	61	0.015597	1.92
1091	46	44	61	63	0.008941	4.44
1092	46	44	67	69	0.003147	2.86
1093	46	45	47	48	2.398285	3.62
1094	46	45	48	49	0.662363	3.53
1095	46	45	49	50	0.291594	3.19
1096	46	45	50	51	0.151265	3.22
1097	46	45	51	52	0.084969	3.21
1098	46	45	52	53	0.059876	3.57
1099	46	45	53	54	0.037205	3.13
1100	46	45	54	55	0.025614	3.36
1101	47	45	54	56	0.106391	3.06
1102	47	45	56	58	0.046161	2.85
1103	47	45	58	60	0.028243	2.61
1104	47	45	60	62	0.014519	1.23
1105	47	45	64	66	0.005965	3.63
1106	47	45	66	68	0.004149	1.01
1107	47	45	68	70	0.003222	3.04
1108	47	46	48	49	2.380675	3.36
1109	47	46	49	50	0.678727	3.15
1110	47	46	50	51	0.286207	3.19
1111	47	46	51	52	0.143664	3.22
1112	47	46	52	53	0.095767	3.69
1113	47	46	53	54	0.056227	3.29
1114	47	46	54	55	0.037106	3.31
1115	47	46	55	56	0.025665	3.09
1116	48	46	55	57	0.101719	3.12
1117	48	46	57	59	0.051524	2.88
1118	48	46	59	61	0.026626	1.98
1119	48	46	61	63	0.014449	4.65
1120	48	46	67	69	0.004324	0.11
1121	48	46	69	71	0.003124	2.11
1122	48	47	49	50	2.587994	3.0
1123	48	47	50	51	0.690977	3.33
1124	48	47	51	52	0.282876	3.41
1125	48	47	52	53	0.170984	3.87
1126	48	47	53	54	0.093398	3.33
1127	48	47	54	55	0.058709	3.17
1128	48	47	55	56	0.03958	3.22
1129	48	47	56	57	0.021768	2.94
1130	49	47	56	58	0.096076	2.91
1131	49	47	58	60	0.053384	2.59
1132	49	47	60	62	0.025188	1.01
1133	49	47	64	66	0.008971	3.41
1134	49	47	66	68	0.00592	0.63
1135	49	47	68	70	0.004422	0.52
1136	49	47	70	72	0.003076	1.48
1137	49	48	50	51	2.51979	3.18
1138	49	48	51	52	0.653185	3.46
1139	49	48	52	53	0.322047	3.82
1140	49	48	53	54	0.158545	3.27
1141	49	48	54	55	0.093744	3.13
1142	49	48	55	56	0.060382	3.06
1143	49	48	56	57	0.032234	3.0
1144	49	48	57	58	0.024787	2.82
1145	50	48	57	59	0.106871	2.83
1146	50	48	59	61	0.05058	1.86
1147	50	48	61	63	0.024611	3.38
1148	50	48	65	67	0.008442	0.42
1149	50	48	67	69	0.006096	0.89
1150	50	48	69	71	0.004244	1.44
1151	50	49	51	52	2.373868	3.74
1152	50	49	52	53	0.741014	4.08
1153	50	49	53	54	0.29962	3.53
1154	50	49	54	55	0.16009	3.45
1155	50	49	55	56	0.09682	3.3
1156	50	49	56	57	0.049722	3.19
1157	50	49	57	58	0.037072	3.06
1158	50	49	58	59	0.026648	2.9
1159	51	49	58	60	0.111105	2.79
1160	51	49	60	62	0.047537	0.85
1161	51	49	64	66	0.014492	4.11
1162	51	49	66	68	0.008811	-0.11
1163	51	49	68	70	0.006202	-1.02
1164	51	49	70	72	0.004154	2.01
1165	51	50	52	53	2.760837	3.99
1166	51	50	53	54	0.698828	3.65
1167	51	50	54	55	0.304811	3.56
1168	51	50	55	56	0.167469	3.36
1169	51	50	56	57	0.080514	3.22
1170	51	50	57	58	0.057617	2.97
1171	51	50	58	59	0.0401	2.98
1172	51	50	59	60	0.026248	3.0
1173	52	50	59	61	0.103198	2.25
1174	52	50	61	63	0.04556	3.24
1175	52	50	65	67	0.013122	-0.45
1176	52	50	67	69	0.008883	1.33
1177	52	50	69	71	0.005869	1.27
1178	52	51	53	54	2.312112	3.68
1179	52	51	54	55	0.659253	3.81
1180	52	51	55	56	0.30403	3.54
1181	52	51	56	57	0.132534	3.45
1182	52	51	57	58	0.089705	3.29
1183	52	51	58	59	0.059919	3.25
1184	52	51	59	60	0.037779	2.73
1185	52	51	60	61	0.0228	1.8
1186	53	51	60	62	0.101862	1.52
1187	53	51	64	66	0.025568	4.33
1188	53	51	66	68	0.014268	0.46
1189	53	51	68	70	0.00938	-0.51
1190	53	51	70	72	0.005965	0.83
1191	53	52	54	55	2.569996	3.74
1192	53	52	55	56	0.746193	3.66
1193	53	52	56	57	0.275365	3.62
1194	53	52	57	58	0.169392	3.31
1195	53	52	58	59	0.106887	3.25
1196	53	52	59	60	0.064878	2.75
1197	53	52	60	61	0.038081	1.64
1198	53	52	61	62	0.025249	1.41
1199	54	52	61	63	0.104664	3.38
1200	54	52	63	65	0.064686	10.17
1201	54	52	65	67	0.024706	-0.26
1202	54	52	67	69	0.015374	-0.63
1203	54	52	69	71	0.009513	0.52
1204	54	53	55	56	2.592985	3.29
1205	54	53	56	57	0.639659	3.56
1206	54	53	57	58	0.328698	3.3
1207	54	53	58	59	0.18829	3.36
1208	54	53	59	60	0.106677	2.76
1209	54	53	60	61	0.060055	1.8
1210	54	53	61	62	0.038767	1.44
1211	55	53	62	64	0.127715	9.36
1212	55	53	66	68	0.02665	-0.54
1213	55	53	68	70	0.016222	-0.95
1214	55	53	70	72	0.009639	-0.46
1215	55	54	56	57	2.450165	3.36
1216	55	54	57	58	0.835131	3.36
1217	55	54	58	59	0.399525	3.56
1218	55	54	59	60	0.201923	2.82
1219	55	54	60	61	0.10696	1.94
1220	55	54	61	62	0.06671	1.77
1221	55	54	62	63	0.040057	6.45
1222	56	54	63	65	0.146243	10.26
1223	56	54	65	67	0.049739	-1.24
1224	56	54	67	69	0.028162	-1.3
1225	56	54	69	71	0.016045	-0.57
1226	56	55	57	58	2.963682	3.07
1227	56	55	58	59	0.911267	3.63
1228	56	55	59	60	0.381143	3.07
1229	56	55	60	61	0.183474	2.23
1230	56	55	61	62	0.106291	1.88
1231	56	55	62	63	0.060634	6.25
1232	56	55	63	64	0.058037	11.8
1233	56	55	64	65	0.02948	7.8
1234	57	55	64	66	0.102714	4.56
1235	57	55	66	68	0.046312	-1.06
1236	57	55	68	70	0.025624	-1.05
1237	57	55	70	72	0.01419	0.84
1238	57	56	58	59	2.59488	3.29
1239	57	56	59	60	0.720423	2.94
1240	57	56	60	61	0.29266	2.4
1241	57	56	61	62	0.154908	2.15
1242	57	56	62	63	0.082663	6.45
1243	57	56	64	65	0.036546	6.66
1244	58	56	65	67	0.090599	-0.81
1245	58	56	67	69	0.045998	-1.47
1246	58	56	69	71	0.023886	-0.96
1247	58	57	59	60	2.884214	1.88
1248	58	57	60	61	0.761724	2.35
1249	58	57	61	62	0.328171	2.22
1250	58	57	62	63	0.156362	6.15
1251	58	57	64	65	0.062743	7.35
1252	58	57	65	66	0.033038	0.52
1253	58	57	66	67	0.023086	-1.23
1254	59	58	60	61	3.088555	2.06
1255	59	58	61	62	0.808472	2.59
1256	59	58	62	63	0.31106	5.9
1257	59	58	64	65	0.10688	7.37
1258	59	58	65	66	0.053484	-0.3
1259	59	58	66	67	0.035882	-2.21
1260	59	58	67	68	0.023941	-0.48
1261	60	59	62	63	0.781257	5.9
1262	60	59	64	65	0.193346	7.92
1263	60	59	65	66	0.089327	-0.58
1264	60	59	66	67	0.056379	-1.53
1265	60	59	68	69	0.025011	-0.66
1266	61	60	63	64	1.003619	9.04
1267	61	60	64	65	0.335036	7.21
1268	61	60	66	67	0.080746	-0.85
1269	61	60	67	68	0.04925	-1.5
1270	62	61	63	64	3.644253	5.75
1271	62	61	64	65	0.86168	8.18
1272	62	61	65	66	0.289907	5.21
1273	62	61	66	67	0.150158	4.98
1274	62	61	67	68	0.08536	5.42
1275	62	61	68	69	0.053639	3.01
1276	62	61	69	70	0.032385	6.84
1277	63	62	64	65	3.416793	6.72
1278	63	62	65	66	0.716671	7.23
1279	63	62	67	68	0.15422	10.92
1280	63	62	68	69	0.090967	9.38
1281	63	62	69	70	0.051858	10.85
1282	63	62	70	71	0.031913	10.9
1283	63	62	71	72	0.020739	9.48
1284	64	63	66	67	0.916004	7.56
1285	64	63	67	68	0.402882	8.65
1286	64	63	68	69	0.219285	8.56
1287	64	63	69	70	0.115439	10.23
1288	64	63	70	71	0.067447	9.23
1289	64	63	71	72	0.042128	8.79
1290	65	64	67	68	0.719282	2.82
1291	65	64	68	69	0.318053	2.01
1292	65	64	69	70	0.150331	3.03
1293	65	64	70	71	0.082329	1.91
1294	65	64	71	72	0.048878	1.52
1295	66	65	67	68	2.498502	3.65
1296	66	65	68	69	0.686954	1.78
1297	66	65	69	70	0.266732	2.82
1298	66	65	70	71	0.132537	2.0
1299	66	65	71	72	0.073698	1.46
1300	67	66	68	69	3.075202	1.65
1301	67	66	69	70	0.715022	3.65
1302	67	66	70	71	0.294222	2.52
1303	67	66	71	72	0.148304	2.01
