1187
1	2	1	3	4	2.234651	4.35
2	2	1	4	5	0.562472	3.48
3	2	1	5	6	0.210819	2.62
4	2	1	6	7	0.112605	3.69
5	2	1	7	8	0.057747	2.34
6	2	1	10	11	0.016705	3.63
7	3	1	10	12	0.073645	3.31
8	3	1	12	14	0.038641	2.28
9	3	1	14	16	0.024167	4.17
10	3	1	16	18	0.015744	3.19
11	3	1	18	20	0.010652	2.9
12	3	1	20	22	0.007433	3.0
13	3	1	24	26	0.00399	5.21
14	3	2	4	5	2.659881	2.92
15	3	2	5	6	0.638901	2.81
16	3	2	6	7	0.264306	3.68
17	3	2	7	8	0.11374	2.76
18	3	2	10	11	0.025501	4.38
19	3	2	11	12	0.018776	2.78
20	4	2	11	13	0.073104	2.94
21	4	2	13	15	0.039194	3.48
22	4	2	15	17	0.022781	4.56
23	4	2	17	19	0.015336	3.56
24	4	3	5	6	2.310306	3.45
25	4	3	6	7	0.64702	3.87
26	4	3	7	8	0.217942	2.98
27	4	3	10	11	0.034436	4.21
28	4	3	11	12	0.024258	2.81
29	4	3	12	13	0.016666	3.19
30	5	1	24	28	0.01593	3.92
31	5	1	28	32	0.009315	2.88
32	5	1	32	36	0.005798	4.32
33	5	1	30	34	0.007362	4.05
34	5	1	34	38	0.004543	6.55
35	5	1	38	42	0.002878	2.9
36	5	3	12	14	0.068106	2.39
37	5	3	14	16	0.038853	4.3
38	5	3	16	18	0.023663	3.84
39	5	3	18	20	0.015211	3.5
40	5	3	20	22	0.010173	3.27
41	5	3	22	24	0.006992	2.56
42	5	3	26	28	0.00374	1.52
43	5	4	6	7	2.832415	3.5
44	5	4	7	8	0.614845	2.71
45	5	4	10	11	0.056561	3.58
46	5	4	11	12	0.036952	2.98
47	5	4	12	13	0.024116	2.62
48	5	4	13	14	0.015949	2.1
49	6	2	25	29	0.015763	1.4
50	6	2	29	33	0.008999	5.19
51	6	2	33	37	0.005695	6.39
52	6	2	31	35	0.007172	4.98
53	6	2	39	43	0.002878	5.55
54	6	4	13	15	0.068496	3.45
55	6	4	15	17	0.036373	3.48
56	6	4	17	19	0.022935	2.73
57	6	4	19	21	0.015041	2.69
58	6	4	21	23	0.010314	3.01
59	6	4	23	25	0.006573	4.2
60	6	4	25	27	0.005222	2.81
61	6	4	27	29	0.003558	4.28
62	6	5	10	11	0.093568	3.88
63	6	5	11	12	0.055271	2.86
64	6	5	12	13	0.033691	3.04
65	6	5	13	14	0.021208	2.23
66	7	3	26	30	0.015534	4.62
67	7	3	30	34	0.009176	4.25
68	7	3	34	38	0.005503	5.26
69	7	3	38	42	0.003417	5.21
70	7	3	28	32	0.011771	3.75
71	7	3	36	40	0.00436	3.5
72	7	3	40	44	0.002984	4.8
73	7	5	14	16	0.072445	4.0
74	7	5	16	18	0.040263	3.19
75	7	5	18	20	0.024272	4.05
76	7	5	20	22	0.015398	3.45
77	7	5	22	24	0.010162	3.6
78	7	5	24	26	0.007189	3.75
79	7	5	26	28	0.005135	5.19
80	7	5	28	30	0.003771	5.19
81	7	6	9	10	0.618533	1.23
82	7	6	10	11	0.216574	3.99
83	7	6	11	12	0.108777	3.0
84	7	6	12	13	0.059372	3.45
85	7	6	13	14	0.034716	2.33
86	7	6	15	16	0.016372	2.97
87	8	1	44	51	0.008232	2.47
88	8	1	51	58	0.003693	5.22
89	8	1	60	67	0.002014	4.71
90	8	1	41	48	0.00954	2.39
91	8	1	48	55	0.005012	3.51
92	8	4	31	35	0.009094	4.98
93	8	4	39	43	0.003457	6.21
94	8	4	33	37	0.007102	4.3
95	8	4	37	41	0.004162	6.79
96	8	4	41	45	0.003491	4.37
97	8	6	15	17	0.069928	3.34
98	8	6	17	19	0.040383	2.92
99	8	6	19	21	0.024785	3.03
100	8	6	21	23	0.016157	4.44
101	8	6	23	25	0.009882	3.81
102	8	6	25	27	0.007573	5.24
103	8	6	27	29	0.005039	5.37
104	8	6	29	31	0.003907	3.99
105	8	7	10	11	0.573234	3.84
106	8	7	11	12	0.221361	2.52
107	8	7	12	13	0.100944	3.18
108	8	7	13	14	0.052758	2.34
109	8	7	15	16	0.022024	1.95
110	8	7	16	17	0.017791	4.67
111	9	2	45	52	0.007884	1.46
112	9	2	52	59	0.003635	6.58
113	9	2	59	66	0.002325	3.29
114	9	2	54	61	0.003167	6.51
115	9	2	61	68	0.001905	2.71
116	9	5	28	32	0.015193	5.7
117	9	5	32	36	0.008844	3.44
118	9	5	36	40	0.005257	4.25
119	9	5	40	44	0.003517	4.16
120	9	5	30	34	0.011552	6.3
121	9	5	38	42	0.00409	5.35
122	9	7	16	18	0.071059	3.36
123	9	7	18	20	0.038993	3.34
124	9	7	20	22	0.023167	2.55
125	9	7	22	24	0.014566	3.45
126	9	7	26	28	0.006805	4.51
127	9	8	10	11	2.362145	3.99
128	9	8	11	12	0.579361	1.88
129	9	8	12	13	0.202135	3.1
130	9	8	13	14	0.088942	2.39
131	10	3	39	46	0.011422	2.54
132	10	3	46	53	0.007252	5.18
133	10	3	53	60	0.003578	8.08
134	10	3	60	67	0.002221	2.98
135	10	3	48	55	0.005678	7.04
136	10	3	55	62	0.003127	7.83
137	10	3	62	69	0.001879	2.44
138	10	3	43	50	0.01	1.64
139	10	3	50	57	0.004577	6.82
140	10	6	33	37	0.00888	4.41
141	10	6	35	39	0.006565	5.08
142	10	6	43	47	0.004252	5.22
143	10	8	17	19	0.070775	2.43
144	10	8	19	21	0.039458	2.37
145	10	8	21	23	0.023986	3.72
146	10	8	23	25	0.013938	2.92
147	10	8	25	27	0.010244	4.54
148	10	8	29	31	0.004927	4.92
149	10	9	12	13	0.580001	3.12
150	10	9	13	14	0.196476	2.82
151	10	9	15	16	0.051488	2.73
152	10	9	16	17	0.037093	4.91
153	10	9	18	19	0.017291	5.26
154	11	4	40	47	0.012209	3.13
155	11	4	47	54	0.006862	5.35
156	11	4	54	61	0.003614	6.55
157	11	4	42	49	0.011524	2.33
158	11	4	49	56	0.005454	5.42
159	11	4	56	63	0.003175	3.44
160	11	4	51	58	0.004453	5.32
161	11	4	58	65	0.002853	5.61
162	11	4	65	72	0.001646	4.37
163	11	7	30	34	0.015133	4.3
164	11	7	34	38	0.008406	5.79
165	11	7	38	42	0.004973	4.53
166	11	7	42	46	0.004642	4.81
167	11	7	32	36	0.011239	4.57
168	11	7	36	40	0.006476	6.33
169	11	7	40	44	0.004237	7.94
170	11	9	18	20	0.072971	3.71
171	11	9	20	22	0.039376	3.38
172	11	9	22	24	0.023262	3.54
173	11	9	24	26	0.01503	3.76
174	11	9	26	28	0.009926	4.51
175	11	9	28	30	0.006839	3.21
176	11	9	30	32	0.00501	3.25
177	11	9	32	34	0.003659	4.62
178	11	10	12	13	2.431221	3.48
179	11	10	13	14	0.527679	3.3
180	11	10	18	19	0.024203	4.62
181	11	10	19	20	0.018022	3.07
182	12	5	41	48	0.013292	4.2
183	12	5	48	55	0.006607	6.9
184	12	5	55	62	0.00359	3.12
185	12	5	62	69	0.002129	-0.06
186	12	5	43	50	0.011897	4.46
187	12	5	50	57	0.005277	6.58
188	12	5	57	64	0.003222	4.88
189	12	5	64	71	0.001862	1.58
190	12	5	45	52	0.009932	4.62
191	12	5	52	59	0.004449	8.19
192	12	5	59	66	0.002803	5.13
193	12	8	31	35	0.014949	4.5
194	12	8	35	39	0.008147	4.59
195	12	8	39	43	0.005001	5.46
196	12	8	43	47	0.005028	4.29
197	12	8	33	37	0.011245	4.23
198	12	8	37	41	0.006181	5.34
199	12	8	41	45	0.004969	5.1
200	12	8	45	49	0.00437	3.62
201	12	10	19	21	0.073283	2.66
202	12	10	21	23	0.040591	3.84
203	12	10	23	25	0.022208	3.69
204	12	10	25	27	0.015562	3.36
205	12	10	27	29	0.00959	3.92
206	12	10	29	31	0.006972	4.19
207	12	10	31	33	0.004721	4.09
208	12	10	33	35	0.003869	4.16
209	12	11	13	14	2.123745	4.44
210	12	11	14	15	0.610913	6.4
211	12	11	19	20	0.025664	2.56
212	12	11	20	21	0.017089	3.19
213	13	6	42	49	0.013839	5.13
214	13	6	58	65	0.003272	4.38
215	13	6	53	60	0.004443	6.69
216	13	6	60	67	0.002723	5.04
217	13	9	32	36	0.014905	3.74
218	13	9	36	40	0.008226	5.1
219	13	9	40	44	0.005252	4.72
220	13	9	44	48	0.005443	4.84
221	13	9	34	38	0.010941	3.76
222	13	9	46	50	0.004071	6.64
223	13	11	20	22	0.071739	2.71
224	13	11	22	24	0.038689	3.38
225	13	11	24	26	0.023497	2.97
226	13	11	26	28	0.014756	3.72
227	13	11	28	30	0.009811	3.01
228	13	11	30	32	0.006917	2.75
229	13	11	32	34	0.004927	4.62
230	13	11	34	36	0.003533	4.84
231	13	12	19	20	0.038027	2.37
232	13	12	20	21	0.024008	3.17
233	13	12	21	22	0.017566	3.6
234	14	7	43	50	0.014037	4.88
235	14	7	64	71	0.002083	5.34
236	14	7	45	52	0.011618	4.63
237	14	7	59	66	0.003151	4.49
238	14	10	33	37	0.014603	4.06
239	14	10	37	41	0.007732	3.96
240	14	10	41	45	0.006027	5.55
241	14	10	45	49	0.005211	4.67
242	14	10	35	39	0.010355	5.26
243	14	10	39	43	0.006166	3.3
244	14	10	43	47	0.00603	4.43
245	14	10	47	51	0.003777	3.46
246	14	12	21	23	0.071665	3.29
247	14	12	23	25	0.035703	2.88
248	14	12	25	27	0.023522	3.25
249	14	12	27	29	0.013765	3.29
250	14	12	29	31	0.009603	3.27
251	14	12	31	33	0.006292	4.49
252	14	12	33	35	0.004998	3.85
253	14	12	35	37	0.0032	4.91
254	14	13	15	16	2.026642	1.8
255	14	13	16	17	0.590221	4.32
256	14	13	19	20	0.058725	2.78
257	14	13	20	21	0.034079	2.96
258	14	13	21	22	0.023768	3.9
259	14	13	22	23	0.017101	3.97
260	15	8	44	51	0.014666	5.25
261	15	8	51	58	0.006026	5.05
262	15	8	58	65	0.003733	6.76
263	15	8	65	72	0.002117	2.1
264	15	8	46	53	0.011031	5.34
265	15	8	53	60	0.00515	5.52
266	15	8	48	55	0.008467	5.59
267	15	8	62	69	0.002593	3.76
268	15	11	34	38	0.014534	3.68
269	15	11	38	42	0.007991	4.46
270	15	11	42	46	0.007034	4.16
271	15	11	46	50	0.004947	4.94
272	15	11	36	40	0.01076	2.88
273	15	11	40	44	0.006601	5.15
274	15	11	44	48	0.006656	6.74
275	15	11	48	52	0.003634	5.19
276	15	13	22	24	0.073378	3.58
277	15	13	24	26	0.04046	3.03
278	15	13	26	28	0.023799	3.48
279	15	13	28	30	0.014991	3.29
280	15	13	30	32	0.010146	3.44
281	15	13	32	34	0.006973	4.68
282	15	13	34	36	0.004859	4.11
283	15	13	36	38	0.003488	4.83
284	15	14	16	17	2.824068	4.35
285	15	14	19	20	0.123471	2.22
286	15	14	22	23	0.028027	4.16
287	15	14	23	24	0.017262	3.29
288	16	9	45	52	0.014093	4.79
289	16	9	59	66	0.003658	6.21
290	16	9	47	54	0.010359	4.54
291	16	9	61	68	0.003002	2.61
292	16	9	49	56	0.008077	4.62
293	16	9	56	63	0.004464	6.75
294	16	9	63	70	0.002568	1.38
295	16	12	35	39	0.013674	3.42
296	16	12	39	43	0.007836	4.17
297	16	12	43	47	0.007439	5.87
298	16	12	47	51	0.004549	5.37
299	16	12	37	41	0.009987	3.53
300	16	12	41	45	0.007534	4.59
301	16	12	45	49	0.006335	4.62
302	16	12	49	53	0.003414	6.29
303	16	14	23	25	0.067384	2.54
304	16	14	25	27	0.040919	3.33
305	16	14	27	29	0.022379	3.72
306	16	14	33	35	0.007155	4.0
307	16	14	35	37	0.004468	4.89
308	16	14	37	39	0.003456	3.12
309	16	15	18	19	0.584029	4.75
310	16	15	19	20	0.225053	2.47
311	16	15	20	21	0.097316	3.15
312	16	15	21	22	0.055692	3.81
313	16	15	22	23	0.035493	3.68
314	16	15	23	24	0.0208	2.73
315	16	15	24	25	0.015786	3.97
316	17	10	53	60	0.00601	4.72
317	17	10	60	67	0.003545	4.02
318	17	10	55	62	0.005164	5.97
319	17	10	62	69	0.002948	3.07
320	17	10	50	57	0.007884	3.57
321	17	10	57	64	0.004577	4.77
322	17	13	44	48	0.008087	4.47
323	17	13	48	52	0.004312	6.01
324	17	13	38	42	0.010141	4.35
325	17	13	46	50	0.005922	4.33
326	17	15	24	26	0.070889	2.82
327	17	15	26	28	0.03803	3.29
328	17	15	28	30	0.02243	3.41
329	17	15	30	32	0.014482	3.54
330	17	15	32	34	0.009541	4.12
331	17	15	34	36	0.006449	3.33
332	17	15	38	40	0.003299	3.03
333	17	16	19	20	0.653526	2.43
334	17	16	20	21	0.220839	3.17
335	17	16	21	22	0.10702	3.93
336	17	16	22	23	0.061324	3.9
337	17	16	23	24	0.033566	2.73
338	17	16	24	25	0.024405	3.15
339	17	16	25	26	0.018359	2.97
340	18	11	47	54	0.012519	3.48
341	18	11	54	61	0.00614	5.31
342	18	11	49	56	0.009691	4.51
343	18	11	56	63	0.005278	5.59
344	18	11	51	58	0.007711	4.09
345	18	11	58	65	0.004669	2.76
346	18	14	37	41	0.01356	3.15
347	18	14	41	45	0.009813	3.82
348	18	14	45	49	0.008062	4.75
349	18	14	43	47	0.009577	3.92
350	18	14	47	51	0.005714	5.5
351	18	14	51	55	0.003317	4.11
352	18	16	25	27	0.076879	2.88
353	18	16	27	29	0.038277	3.63
354	18	16	29	31	0.023784	3.39
355	18	16	31	33	0.014261	3.44
356	18	16	33	35	0.010462	5.0
357	18	16	35	37	0.006339	2.62
358	18	16	37	39	0.004753	4.6
359	18	16	39	41	0.00306	3.97
360	18	17	19	20	2.783514	2.43
361	18	17	20	21	0.609088	3.3
362	18	17	21	22	0.22845	4.35
363	18	17	22	23	0.110689	4.14
364	18	17	23	24	0.054214	2.88
365	18	17	24	25	0.036712	3.92
366	18	17	25	26	0.026322	4.0
367	18	17	26	27	0.018637	4.75
368	19	12	48	55	0.012104	6.09
369	19	12	55	62	0.006105	3.45
370	19	12	62	69	0.003424	1.65
371	19	15	46	50	0.007337	4.25
372	19	15	50	54	0.003939	4.75
373	19	15	44	48	0.010179	2.5
374	19	15	48	52	0.005251	4.71
375	19	15	52	56	0.003187	4.84
376	19	17	26	28	0.072766	2.9
377	19	17	28	30	0.039125	3.25
378	19	17	30	32	0.023695	3.3
379	19	17	32	34	0.014874	4.0
380	19	17	34	36	0.00964	4.09
381	19	17	36	38	0.006505	3.58
382	19	17	38	40	0.004628	3.94
383	19	17	40	42	0.003148	0.73
384	19	18	20	21	2.498264	3.19
385	19	18	21	22	0.608704	4.33
386	19	18	22	23	0.229584	3.9
387	19	18	23	24	0.095273	3.06
388	19	18	24	25	0.057975	3.45
389	19	18	25	26	0.038706	3.22
390	19	18	26	27	0.025999	3.31
391	19	18	27	28	0.016111	3.22
392	20	13	49	56	0.011784	3.92
393	20	13	56	63	0.00626	6.13
394	20	13	65	72	0.00299	3.0
395	20	13	60	67	0.004507	2.4
396	20	16	39	43	0.013866	2.11
397	20	16	43	47	0.012303	3.81
398	20	16	51	55	0.004054	6.4
399	20	16	41	45	0.012823	2.4
400	20	16	45	49	0.010237	3.82
401	20	16	49	53	0.005212	5.7
402	20	16	53	57	0.003273	5.58
403	20	18	27	29	0.070995	3.15
404	20	18	29	31	0.040244	2.91
405	20	18	31	33	0.022649	3.51
406	20	18	33	35	0.015798	3.58
407	20	18	35	37	0.009179	3.81
408	20	18	37	39	0.006668	5.28
409	20	18	39	41	0.004155	0.83
410	20	19	21	22	2.521154	4.89
411	20	19	22	23	0.62393	3.65
412	20	19	23	24	0.205774	3.06
413	20	19	24	25	0.107178	3.57
414	20	19	25	26	0.064032	3.48
415	20	19	26	27	0.039999	3.74
416	20	19	27	28	0.023692	3.0
417	20	19	28	29	0.018267	4.11
418	21	14	50	57	0.01151	5.12
419	21	14	64	71	0.003467	2.47
420	21	17	40	44	0.014366	3.58
421	21	17	44	48	0.013235	3.15
422	21	17	48	52	0.006623	4.37
423	21	17	52	56	0.003939	4.38
424	21	17	42	46	0.014474	3.25
425	21	17	46	50	0.009432	2.94
426	21	17	50	54	0.004909	4.46
427	21	17	54	58	0.003262	5.29
428	21	19	28	30	0.072396	2.81
429	21	19	30	32	0.040126	2.83
430	21	19	32	34	0.023573	4.17
431	21	19	34	36	0.014562	3.07
432	21	19	36	38	0.009447	3.84
433	21	19	38	40	0.006491	4.49
434	21	19	40	42	0.004342	2.61
435	21	19	42	44	0.003904	3.39
436	21	20	22	23	2.406473	3.29
437	21	20	23	24	0.532197	2.91
438	21	20	24	25	0.218861	3.51
439	21	20	25	26	0.110481	3.42
440	21	20	26	27	0.06138	3.72
441	21	20	27	28	0.03379	3.38
442	21	20	28	29	0.024801	3.97
443	21	20	29	30	0.016597	2.82
444	22	15	51	58	0.011211	4.51
445	22	15	58	65	0.006458	4.59
446	22	15	65	72	0.003457	2.39
447	22	15	53	60	0.009348	3.76
448	22	15	60	67	0.005275	2.88
449	22	15	55	62	0.007906	4.91
450	22	15	62	69	0.004342	3.93
451	22	18	41	45	0.016971	3.81
452	22	18	45	49	0.012996	3.71
453	22	18	49	53	0.006426	4.4
454	22	18	53	57	0.003933	4.47
455	22	18	43	47	0.015891	4.47
456	22	18	47	51	0.008907	4.28
457	22	18	51	55	0.004917	5.62
458	22	18	55	59	0.003197	6.62
459	22	20	29	31	0.07418	2.82
460	22	20	31	33	0.038058	3.39
461	22	20	33	35	0.024854	3.17
462	22	20	35	37	0.013766	3.21
463	22	20	37	39	0.009547	3.44
464	22	20	39	41	0.00576	2.98
465	22	20	41	43	0.0051	3.29
466	22	20	43	45	0.004575	2.92
467	22	21	23	24	2.341112	2.66
468	22	21	24	25	0.639008	3.48
469	22	21	25	26	0.25188	3.31
470	22	21	26	27	0.116687	3.88
471	22	21	27	28	0.057035	3.29
472	22	21	28	29	0.038964	3.99
473	22	21	29	30	0.02479	2.46
474	22	21	30	31	0.019305	3.88
475	23	16	52	59	0.01146	5.07
476	23	16	59	66	0.00649	4.11
477	23	16	54	61	0.009651	5.54
478	23	16	61	68	0.005255	4.6
479	23	16	56	63	0.008191	5.94
480	23	16	63	70	0.004391	1.94
481	23	19	42	46	0.019526	3.94
482	23	19	46	50	0.012143	5.49
483	23	19	50	54	0.006153	5.32
484	23	19	54	58	0.003997	6.12
485	23	19	44	48	0.017428	4.33
486	23	19	48	52	0.008409	5.47
487	23	19	52	56	0.004877	5.73
488	23	19	56	60	0.003369	5.93
489	23	21	30	32	0.076694	3.1
490	23	21	32	34	0.040987	4.33
491	23	21	34	36	0.023696	3.27
492	23	21	36	38	0.01461	4.2
493	23	22	24	25	2.708196	3.87
494	23	22	25	26	0.688293	3.41
495	23	22	26	27	0.247602	4.17
496	23	22	27	28	0.102545	3.51
497	23	22	28	29	0.062605	4.43
498	23	22	29	30	0.037083	2.92
499	23	22	30	31	0.02761	3.94
500	23	22	31	32	0.017208	3.17
501	24	17	53	60	0.011185	4.65
502	24	17	60	67	0.006164	4.46
503	24	17	55	62	0.009386	5.25
504	24	17	57	64	0.008168	6.25
505	24	20	43	47	0.020424	3.58
506	24	20	47	51	0.010983	4.17
507	24	20	51	55	0.005883	4.49
508	24	20	55	59	0.003757	5.1
509	24	20	45	49	0.0164	4.72
510	24	20	49	53	0.007785	5.21
511	24	20	53	57	0.004663	6.23
512	24	20	57	61	0.003262	5.12
513	24	22	31	33	0.066803	3.29
514	24	22	33	35	0.039872	3.33
515	24	22	35	37	0.020771	3.01
516	24	22	37	39	0.013688	3.79
517	24	22	39	41	0.00794	2.81
518	24	22	41	43	0.00678	4.29
519	24	22	43	45	0.005883	3.85
520	24	22	45	47	0.005541	5.46
521	24	23	25	26	2.515629	3.06
522	24	23	26	27	0.58872	3.93
523	24	23	27	28	0.188915	3.36
524	24	23	28	29	0.097901	4.2
525	24	23	29	30	0.051816	2.67
526	24	23	30	31	0.035753	3.58
527	24	23	31	32	0.021227	2.56
528	24	23	32	33	0.015459	4.44
529	25	18	54	61	0.011163	7.63
530	25	18	61	68	0.005999	0.26
531	25	18	56	63	0.009413	7.06
532	25	18	63	70	0.005011	-1.59
533	25	18	65	72	0.004276	-1.17
534	25	21	54	58	0.004605	6.39
535	25	21	58	62	0.003366	5.88
536	25	23	32	34	0.067846	4.16
537	25	23	34	36	0.03571	3.03
538	25	23	36	38	0.020673	3.76
539	25	23	38	40	0.012909	2.49
540	25	23	42	44	0.006698	2.1
541	25	23	44	46	0.007003	5.0
542	25	24	26	27	2.52437	4.2
543	25	24	27	28	0.521133	3.34
544	25	24	28	29	0.211997	4.14
545	25	24	29	30	0.095235	2.79
546	25	24	30	31	0.058861	3.75
547	25	24	31	32	0.032539	2.56
548	25	24	32	33	0.022875	4.4
549	25	24	33	34	0.017311	3.74
550	26	19	57	64	0.009619	5.29
551	26	22	45	49	0.021266	5.43
552	26	22	49	53	0.00972	3.18
553	26	22	53	57	0.005613	6.57
554	26	22	57	61	0.003837	5.96
555	26	22	47	51	0.013934	3.09
556	26	22	51	55	0.007218	3.82
557	26	22	55	59	0.004461	5.24
558	26	22	59	63	0.003292	6.01
559	26	24	33	35	0.074405	3.17
560	26	24	35	37	0.035461	2.86
561	26	24	37	39	0.021867	3.84
562	26	24	39	41	0.012093	2.21
563	26	24	41	43	0.009893	4.17
564	26	24	43	45	0.008258	3.62
565	26	24	45	47	0.007554	4.91
566	26	24	47	49	0.004685	4.59
567	26	25	27	28	2.224359	3.56
568	26	25	28	29	0.588995	4.37
569	26	25	29	30	0.208401	2.92
570	26	25	30	31	0.110084	4.28
571	26	25	31	32	0.054541	2.83
572	26	25	32	33	0.035524	4.75
573	26	25	33	34	0.026078	3.07
574	26	25	34	35	0.018382	3.94
575	27	20	56	63	0.011309	6.24
576	27	20	58	65	0.009662	4.67
577	27	20	60	67	0.007778	3.87
578	27	23	50	54	0.009175	1.3
579	27	23	58	62	0.003976	5.71
580	27	23	56	60	0.004635	5.45
581	27	25	34	36	0.072035	3.15
582	27	25	36	38	0.038202	3.29
583	27	25	38	40	0.022308	2.31
584	27	25	40	42	0.013169	3.09
585	27	25	46	48	0.007137	3.41
586	27	26	28	29	2.732601	4.21
587	27	26	29	30	0.603049	2.62
588	27	26	30	31	0.242013	4.12
589	27	26	31	32	0.099144	2.96
590	27	26	33	34	0.03959	3.5
591	27	26	34	35	0.026536	2.71
592	27	26	35	36	0.015792	4.19
593	28	21	57	64	0.011288	3.92
594	28	21	64	71	0.005641	2.56
595	28	21	59	66	0.009401	3.17
596	28	21	61	68	0.00751	2.01
597	28	24	47	51	0.018124	4.06
598	28	24	51	55	0.008909	4.02
599	28	24	55	59	0.005388	5.1
600	28	24	59	63	0.003897	4.57
601	28	24	49	53	0.012261	4.43
602	28	24	53	57	0.00685	4.74
603	28	24	57	61	0.004587	5.46
604	28	24	61	65	0.003288	6.17
605	28	26	35	37	0.063765	2.76
606	28	26	37	39	0.035938	3.29
607	28	26	39	41	0.018666	2.11
608	28	26	41	43	0.014486	3.06
609	28	26	43	45	0.011545	2.43
610	28	26	45	47	0.01021	3.66
611	28	26	47	49	0.006126	3.97
612	28	26	49	51	0.004058	4.11
613	28	27	29	30	2.163138	2.23
614	28	27	30	31	0.572447	4.04
615	28	27	31	32	0.179301	2.69
616	28	27	33	34	0.054892	3.24
617	28	27	34	35	0.034238	3.42
618	28	27	35	36	0.019784	3.09
619	28	27	36	37	0.015355	2.86
620	29	22	58	65	0.011279	5.05
621	29	22	65	72	0.005614	1.92
622	29	22	60	67	0.008993	3.9
623	29	25	48	52	0.016875	2.94
624	29	25	60	64	0.004001	3.99
625	29	25	50	54	0.011589	3.15
626	29	25	58	62	0.004778	4.86
627	29	27	36	38	0.065499	3.18
628	29	27	38	40	0.034936	2.55
629	29	27	40	42	0.019288	3.56
630	29	27	42	44	0.014682	2.4
631	29	27	44	46	0.014165	3.25
632	29	27	46	48	0.009091	2.11
633	29	27	48	50	0.005578	3.44
634	29	27	50	52	0.003654	3.92
635	29	28	30	31	2.627397	4.26
636	29	28	31	32	0.51085	3.0
637	29	28	33	34	0.103672	3.63
638	29	28	34	35	0.058023	3.68
639	29	28	35	36	0.031264	2.82
640	29	28	36	37	0.023451	3.36
641	29	28	37	38	0.015868	4.79
642	30	23	59	66	0.010902	4.79
643	30	23	61	68	0.00864	3.45
644	30	23	63	70	0.007076	2.67
645	30	26	49	53	0.015741	3.85
646	30	26	53	57	0.008391	5.0
647	30	26	57	61	0.005456	3.09
648	30	26	61	65	0.003843	3.18
649	30	26	51	55	0.011145	4.29
650	30	26	55	59	0.006494	5.24
651	30	26	59	63	0.004595	4.92
652	30	26	63	67	0.002883	2.88
653	30	28	37	39	0.066284	3.25
654	30	28	39	41	0.03166	2.23
655	30	28	41	43	0.022974	3.25
656	30	28	43	45	0.017336	2.43
657	30	28	45	47	0.014664	3.51
658	30	28	47	49	0.008433	2.83
659	30	29	32	33	0.536168	6.62
660	30	29	33	34	0.210028	3.71
661	30	29	34	35	0.098011	3.84
662	30	29	35	36	0.047741	3.06
663	30	29	36	37	0.033674	3.44
664	30	29	37	38	0.021786	4.44
665	30	29	38	39	0.01629	2.64
666	31	24	60	67	0.010689	4.23
667	31	24	62	69	0.00851	2.55
668	31	24	64	71	0.00709	1.41
669	31	27	50	54	0.014899	2.9
670	31	27	54	58	0.008398	6.5
671	31	27	52	56	0.010892	3.79
672	31	27	56	60	0.006719	5.58
673	31	27	60	64	0.004692	5.45
674	31	27	64	68	0.002642	4.71
675	31	29	38	40	0.067733	2.35
676	31	29	40	42	0.034261	3.07
677	31	29	42	44	0.0243	2.33
678	31	29	44	46	0.022229	2.34
679	31	29	46	48	0.013634	3.04
680	31	29	48	50	0.007996	4.12
681	31	29	50	52	0.005071	3.54
682	31	29	52	54	0.003491	5.19
683	31	30	33	34	0.598421	3.44
684	31	30	34	35	0.212324	3.65
685	31	30	35	36	0.089827	3.0
686	31	30	36	37	0.057119	3.41
687	31	30	37	38	0.034631	4.12
688	31	30	38	39	0.02493	2.52
689	31	30	39	40	0.015801	2.16
690	32	25	61	68	0.010297	3.5
691	32	25	63	70	0.008362	3.71
692	32	25	65	72	0.006993	2.07
693	32	28	51	55	0.014449	4.33
694	32	28	59	63	0.005559	4.35
695	32	28	63	67	0.003411	3.41
696	32	28	61	65	0.004596	4.4
697	32	28	65	69	0.002642	0.9
698	32	30	39	41	0.059366	2.25
699	32	30	41	43	0.03939	3.12
700	32	30	43	45	0.027405	1.72
701	32	30	45	47	0.02223	2.64
702	32	30	47	49	0.012176	2.76
703	32	30	49	51	0.007459	3.36
704	32	30	51	53	0.004741	4.06
705	32	31	33	34	2.376436	3.56
706	32	31	34	35	0.516524	3.57
707	32	31	35	36	0.170351	2.98
708	32	31	36	37	0.091617	3.54
709	32	31	37	38	0.049877	4.4
710	32	31	38	39	0.033637	2.69
711	32	31	39	40	0.020421	2.44
712	32	31	40	41	0.012867	3.63
713	33	26	62	69	0.009791	2.49
714	33	26	64	71	0.008068	0.45
715	33	29	52	56	0.013705	4.89
716	33	29	60	64	0.005546	4.28
717	33	29	54	58	0.010376	5.43
718	33	29	62	66	0.004251	4.62
719	33	29	66	70	0.002589	1.06
720	33	31	40	42	0.059477	3.24
721	33	31	42	44	0.038395	1.74
722	33	31	44	46	0.032799	2.28
723	33	31	46	48	0.01903	3.01
724	33	31	48	50	0.010566	4.41
725	33	31	50	52	0.006441	4.53
726	33	31	52	54	0.004274	2.27
727	33	32	34	35	1.946815	3.36
728	33	32	35	36	0.426542	2.88
729	33	32	36	37	0.181794	3.63
730	33	32	37	38	0.084527	4.51
731	33	32	38	39	0.051767	2.67
732	33	32	39	40	0.029768	2.56
733	33	32	40	41	0.018138	2.83
734	33	32	41	42	0.01641	4.21
735	34	30	53	57	0.013683	6.01
736	34	30	61	65	0.005515	4.7
737	34	30	65	69	0.003088	5.9
738	34	30	55	59	0.010167	6.24
739	34	30	63	67	0.004064	3.06
740	34	32	41	43	0.074563	3.09
741	34	32	43	45	0.046962	1.84
742	34	32	45	47	0.035536	2.59
743	34	32	47	49	0.018253	2.62
744	34	32	49	51	0.01055	3.63
745	34	32	51	53	0.006411	2.35
746	34	32	53	55	0.004565	1.5
747	34	32	55	57	0.003136	4.72
748	34	33	35	36	2.135155	2.75
749	34	33	36	37	0.559268	3.74
750	34	33	37	38	0.196587	4.63
751	34	33	38	39	0.101917	2.88
752	34	33	39	40	0.053	2.35
753	34	33	40	41	0.030394	2.43
754	34	33	41	42	0.026366	3.82
755	34	33	42	43	0.019242	3.29
756	35	28	64	71	0.00969	2.56
757	35	31	54	58	0.013816	5.34
758	35	31	58	62	0.008715	2.79
759	35	31	62	66	0.005239	4.02
760	35	31	66	70	0.003126	0.81
761	35	31	64	68	0.003725	4.59
762	35	31	68	72	0.003071	-0.12
763	35	33	42	44	0.081479	2.17
764	35	33	44	46	0.063229	2.07
765	35	33	46	48	0.034211	2.07
766	35	33	48	50	0.017811	3.38
767	35	33	50	52	0.01035	3.22
768	35	33	52	54	0.006575	1.91
769	35	34	36	37	2.711129	4.51
770	35	34	37	38	0.581562	4.81
771	35	34	38	39	0.226716	3.18
772	35	34	39	40	0.09934	2.52
773	35	34	40	41	0.051699	2.92
774	35	34	41	42	0.041777	4.06
775	35	34	42	43	0.028786	1.95
776	35	34	43	44	0.019632	2.04
777	36	29	65	72	0.009354	1.5
778	36	32	55	59	0.012908	6.21
779	36	32	59	63	0.008235	3.78
780	36	32	63	67	0.004794	4.28
781	36	32	67	71	0.003416	-0.3
782	36	32	57	61	0.010283	6.31
783	36	32	61	65	0.006605	3.66
784	36	32	65	69	0.003637	0.58
785	36	34	43	45	0.085413	1.88
786	36	34	45	47	0.05936	2.29
787	36	34	47	49	0.028256	2.42
788	36	34	49	51	0.0153	3.38
789	36	34	51	53	0.008816	2.97
790	36	34	53	55	0.006021	3.85
791	36	34	55	57	0.004008	4.49
792	36	34	57	59	0.003154	4.8
793	36	35	38	39	0.480789	2.9
794	36	35	39	40	0.166621	2.56
795	36	35	40	41	0.075608	2.71
796	36	35	41	42	0.055236	3.41
797	36	35	42	43	0.035244	1.32
798	36	35	43	44	0.023366	0.41
799	36	35	44	45	0.022643	0.35
800	37	33	56	60	0.013314	5.61
801	37	33	64	68	0.004351	2.43
802	37	33	68	72	0.003524	0.03
803	37	33	62	66	0.006216	3.54
804	37	35	44	46	0.104338	1.95
805	37	35	46	48	0.051223	2.46
806	37	35	48	50	0.024463	2.61
807	37	35	50	52	0.013268	3.25
808	37	35	52	54	0.00801	3.72
809	37	35	54	56	0.005605	3.74
810	37	36	38	39	2.072512	2.97
811	37	36	39	40	0.472905	2.62
812	37	36	40	41	0.172951	3.0
813	37	36	41	42	0.107911	3.93
814	37	36	42	43	0.061062	2.04
815	37	36	43	44	0.037393	1.81
816	37	36	44	45	0.034882	1.6
817	37	36	45	46	0.028077	2.39
818	38	34	57	61	0.012905	6.25
819	38	34	59	63	0.010084	5.8
820	38	34	63	67	0.005671	3.57
821	38	36	45	47	0.110473	2.4
822	38	36	47	49	0.047503	2.39
823	38	36	49	51	0.023663	3.01
824	38	36	51	53	0.012779	2.71
825	38	36	53	55	0.008312	3.6
826	38	36	55	57	0.005338	5.37
827	38	37	39	40	2.0707	2.17
828	38	37	40	41	0.502441	2.64
829	38	37	41	42	0.240021	3.76
830	38	37	42	43	0.109952	1.92
831	38	37	43	44	0.059154	1.6
832	38	37	44	45	0.051702	1.44
833	38	37	45	46	0.039768	2.11
834	38	37	46	47	0.024557	1.83
835	39	35	58	62	0.013185	5.76
836	39	35	66	70	0.004157	2.92
837	39	35	60	64	0.010113	5.21
838	39	35	68	72	0.00402	0.72
839	39	37	46	48	0.103276	1.88
840	39	37	48	50	0.044261	2.46
841	39	37	50	52	0.022178	2.29
842	39	37	52	54	0.012563	3.0
843	39	37	56	58	0.005661	1.94
844	39	37	58	60	0.004324	5.5
845	39	38	40	41	2.604148	2.37
846	39	38	41	42	0.765372	3.36
847	39	38	42	43	0.256417	1.78
848	39	38	43	44	0.114225	1.52
849	39	38	44	45	0.090094	1.71
850	39	38	45	46	0.06445	1.98
851	39	38	46	47	0.037993	2.0
852	39	38	47	48	0.024355	2.39
853	40	36	59	63	0.012741	4.16
854	40	36	63	67	0.0069	2.9
855	40	36	67	71	0.004663	0.36
856	40	36	61	65	0.009825	4.72
857	40	36	65	69	0.005045	3.15
858	40	38	47	49	0.087253	1.68
859	40	38	49	51	0.038999	2.11
860	40	38	51	53	0.019517	1.97
861	40	38	53	55	0.011976	1.81
862	40	38	57	59	0.005439	3.48
863	40	38	59	61	0.004046	2.46
864	40	38	61	63	0.003089	3.41
865	40	39	41	42	2.768178	2.85
866	40	39	42	43	0.581728	1.24
867	40	39	43	44	0.19612	0.98
868	40	39	44	45	0.133375	1.26
869	40	39	45	46	0.08681	1.44
870	40	39	46	47	0.048199	1.4
871	40	39	47	48	0.029622	0.58
872	40	39	48	49	0.017969	1.84
873	41	37	60	64	0.011973	4.11
874	41	37	64	68	0.005821	1.91
875	41	37	62	66	0.008602	4.11
876	41	37	66	70	0.004686	1.59
877	41	39	48	50	0.064437	1.95
878	41	39	50	52	0.029499	2.43
879	41	39	52	54	0.015632	2.23
880	41	39	54	56	0.009809	2.43
881	41	39	58	60	0.00475	2.66
882	41	40	42	43	1.686826	0.84
883	41	40	43	44	0.381709	1.2
884	41	40	44	45	0.209926	1.8
885	41	40	45	46	0.119006	1.98
886	41	40	46	47	0.060694	1.54
887	41	40	47	48	0.035272	1.46
888	41	40	48	49	0.020635	2.03
889	41	40	49	50	0.013549	2.78
890	42	38	63	67	0.008091	2.44
891	42	40	49	51	0.062687	2.54
892	42	40	51	53	0.028495	2.07
893	42	40	53	55	0.016203	2.67
894	42	40	55	57	0.009418	3.51
895	42	40	57	59	0.006772	4.28
896	42	40	59	61	0.004861	4.3
897	42	40	61	63	0.003594	5.16
898	42	41	43	44	1.99556	1.38
899	42	41	44	45	0.731383	2.81
900	42	41	45	46	0.313442	3.01
901	42	41	46	47	0.134701	2.64
902	42	41	47	48	0.070657	2.11
903	42	41	48	49	0.038456	2.75
904	42	41	49	50	0.024113	3.34
905	42	41	50	51	0.015761	3.9
906	43	39	62	66	0.011286	5.05
907	43	41	50	52	0.066289	2.67
908	43	41	52	54	0.031501	2.58
909	43	41	54	56	0.018267	3.87
910	43	41	56	58	0.011371	3.84
911	43	41	58	60	0.008059	3.85
912	43	41	62	64	0.004102	3.58
913	43	41	64	66	0.002758	5.78
914	43	42	44	45	4.551354	2.67
915	43	42	45	46	1.143662	3.01
916	43	42	46	47	0.351912	2.64
917	43	42	47	48	0.149138	1.98
918	43	42	48	49	0.070825	2.67
919	43	42	49	50	0.040789	1.91
920	43	42	50	51	0.025084	2.1
921	43	42	51	52	0.015311	2.11
922	44	40	63	67	0.010923	4.94
923	44	40	67	71	0.006939	-1.6
924	44	42	51	53	0.063638	2.81
925	44	42	53	55	0.032244	2.94
926	44	42	55	57	0.017323	2.76
927	44	42	57	59	0.01178	4.0
928	44	42	59	61	0.00808	3.07
929	44	43	45	46	5.517255	2.28
930	44	43	46	47	1.071433	2.28
931	44	43	47	48	0.331061	1.71
932	44	43	48	49	0.129364	2.49
933	44	43	49	50	0.066077	2.47
934	44	43	50	51	0.037674	2.73
935	44	43	51	52	0.021816	3.24
936	44	43	52	53	0.015231	4.12
937	45	43	52	54	0.073336	2.29
938	45	43	54	56	0.037534	2.37
939	45	43	56	58	0.021496	3.18
940	45	43	58	60	0.014288	2.69
941	45	43	60	62	0.009795	5.05
942	45	43	62	64	0.006677	3.51
943	45	43	66	68	0.002694	0.41
944	45	44	46	47	6.625943	1.09
945	45	44	47	48	1.302702	0.77
946	45	44	48	49	0.384102	1.6
947	45	44	49	50	0.164472	1.65
948	45	44	50	51	0.083607	2.04
949	45	44	51	52	0.045078	1.14
950	45	44	52	53	0.029881	2.13
951	45	44	53	54	0.018373	3.04
952	46	44	53	55	0.090512	2.42
953	46	44	55	57	0.042939	1.81
954	46	44	57	59	0.026751	3.38
955	46	44	59	61	0.017237	3.54
956	46	44	61	63	0.011734	4.19
957	46	44	63	65	0.008085	3.19
958	46	44	67	69	0.003929	-0.75
959	46	45	47	48	7.116029	0.43
960	46	45	48	49	1.320271	1.44
961	46	45	49	50	0.427471	1.46
962	46	45	50	51	0.181845	1.86
963	46	45	51	52	0.088619	1.6
964	46	45	52	53	0.054554	2.1
965	46	45	53	54	0.031769	2.47
966	46	45	54	55	0.025109	3.27
967	47	45	54	56	0.091769	2.43
968	47	45	56	58	0.046516	2.4
969	47	45	58	60	0.028345	2.33
970	47	45	60	62	0.018255	3.29
971	47	45	62	64	0.011778	2.25
972	47	45	64	66	0.007401	2.03
973	47	45	68	70	0.004264	1.09
974	47	46	48	49	5.58425	1.01
975	47	46	49	50	1.126904	0.84
976	47	46	50	51	0.357824	1.22
977	47	46	51	52	0.149683	0.98
978	47	46	52	53	0.083303	1.26
979	47	46	53	54	0.04534	2.01
980	47	46	54	55	0.034124	2.52
981	47	46	55	56	0.018293	2.07
982	48	46	55	57	0.081981	2.28
983	48	46	57	59	0.045412	2.4
984	48	46	59	61	0.026815	2.56
985	48	46	61	63	0.017047	2.22
986	48	46	63	65	0.011159	2.43
987	48	46	65	67	0.006169	2.17
988	48	46	69	71	0.00436	1.52
989	48	47	49	50	5.519523	0.54
990	48	47	50	51	1.026805	0.99
991	48	47	51	52	0.321623	0.84
992	48	47	52	53	0.152592	1.65
993	48	47	53	54	0.075323	1.38
994	48	47	54	55	0.052886	1.92
995	48	47	55	56	0.026857	1.8
996	48	47	56	57	0.021457	2.86
997	49	47	56	58	0.086941	2.62
998	49	47	58	60	0.046525	1.97
999	49	47	60	62	0.027283	2.16
1000	49	47	62	64	0.016339	3.82
1001	49	47	64	66	0.009694	3.33
1002	49	47	66	68	0.005664	1.23
1003	49	48	50	51	5.010761	0.51
1004	49	48	51	52	0.934887	0.65
1005	49	48	52	53	0.327715	1.29
1006	49	48	53	54	0.136808	1.54
1007	49	48	54	55	0.087679	2.42
1008	49	48	55	56	0.041515	1.8
1009	49	48	56	57	0.031252	2.43
1010	49	48	57	58	0.019705	4.0
1011	50	48	57	59	0.086504	2.55
1012	50	48	59	61	0.045579	2.22
1013	50	48	61	63	0.026393	3.31
1014	50	48	63	65	0.016101	2.37
1015	50	48	65	67	0.008486	2.27
1016	50	49	51	52	4.320167	0.35
1017	50	49	52	53	0.908733	1.12
1018	50	49	53	54	0.288015	1.42
1019	50	49	54	55	0.160424	2.1
1020	50	49	55	56	0.069072	1.4
1021	50	49	56	57	0.048994	2.42
1022	50	49	57	58	0.029244	1.94
1023	50	49	58	59	0.021988	2.62
1024	51	49	58	60	0.088767	1.98
1025	51	49	60	62	0.046268	2.08
1026	51	49	62	64	0.025091	2.61
1027	51	49	64	66	0.014192	1.6
1028	51	49	66	68	0.007799	0.78
1029	51	49	68	70	0.00703	0.93
1030	51	49	70	72	0.005498	-1.42
1031	51	50	52	53	4.264678	0.75
1032	51	50	53	54	0.762481	1.19
1033	51	50	54	55	0.328456	1.75
1034	51	50	55	56	0.121645	1.22
1035	51	50	56	57	0.078482	2.4
1036	51	50	57	58	0.042957	1.74
1037	51	50	58	59	0.030957	1.94
1038	51	50	59	60	0.020591	2.67
1039	52	50	59	61	0.082636	2.21
1040	52	50	61	63	0.042304	2.52
1041	52	50	63	65	0.023767	2.28
1042	52	50	65	67	0.011742	2.39
1043	52	50	67	69	0.00878	0.68
1044	52	50	69	71	0.007025	0.54
1045	52	51	53	54	3.658305	1.12
1046	52	51	54	55	0.866599	1.81
1047	52	51	55	56	0.233824	1.14
1048	52	51	56	57	0.131964	1.94
1049	52	51	57	58	0.065998	1.6
1050	52	51	58	59	0.04462	1.69
1051	52	51	59	60	0.028211	1.74
1052	52	51	60	61	0.01918	2.78
1053	53	51	60	62	0.085472	2.56
1054	53	51	62	64	0.040678	1.54
1055	53	51	64	66	0.021198	2.71
1056	53	51	66	68	0.010929	0.95
1057	53	51	68	70	0.009363	1.4
1058	53	52	54	55	4.931376	1.86
1059	53	52	55	56	0.677249	1.2
1060	53	52	56	57	0.291742	2.06
1061	53	52	57	58	0.124922	1.89
1062	53	52	58	59	0.077441	2.1
1063	53	52	59	60	0.046199	1.53
1064	53	52	60	61	0.029922	2.81
1065	53	52	61	62	0.021739	1.68
1066	54	52	61	63	0.080415	2.27
1067	54	52	63	65	0.039994	1.94
1068	54	52	65	67	0.01826	1.35
1069	54	52	67	69	0.012776	1.98
1070	54	52	69	71	0.00969	0.2
1071	54	53	55	56	2.771355	1.2
1072	54	53	56	57	0.698397	2.0
1073	54	53	57	58	0.224696	1.91
1074	54	53	58	59	0.123227	1.68
1075	54	53	59	60	0.068428	1.42
1076	54	53	60	61	0.041781	2.17
1077	54	53	61	62	0.029079	1.46
1078	54	53	62	63	0.016545	1.75
1079	55	53	62	64	0.07972	2.04
1080	55	53	64	66	0.037485	2.17
1081	55	53	66	68	0.017817	1.6
1082	55	53	68	70	0.014435	1.03
1083	55	53	70	72	0.010395	-2.06
1084	55	54	56	57	3.999592	2.28
1085	55	54	57	58	0.646114	2.11
1086	55	54	58	59	0.276189	1.84
1087	55	54	59	60	0.136485	1.71
1088	55	54	60	61	0.077131	2.47
1089	55	54	61	62	0.050809	1.58
1090	55	54	62	63	0.02768	2.22
1091	55	54	63	64	0.02181	1.98
1092	56	54	63	65	0.073601	1.98
1093	56	54	65	67	0.030509	1.74
1094	56	54	67	69	0.019799	1.2
1095	56	54	69	71	0.014311	-0.39
1096	56	55	57	58	2.192388	2.01
1097	56	55	58	59	0.521069	1.92
1098	56	55	59	60	0.202408	1.71
1099	56	55	60	61	0.101596	2.61
1100	56	55	61	62	0.061836	1.44
1101	56	55	62	63	0.032019	2.21
1102	56	55	63	64	0.02416	1.56
1103	56	55	64	65	0.014255	2.81
1104	57	55	64	66	0.061249	2.54
1105	57	55	66	68	0.026385	1.59
1106	57	55	68	70	0.019935	0.98
1107	57	55	70	72	0.01369	-0.22
1108	57	56	58	59	2.496213	1.94
1109	57	56	59	60	0.561757	2.04
1110	57	56	60	61	0.216735	3.01
1111	57	56	61	62	0.115864	1.89
1112	57	56	62	63	0.054769	2.33
1113	57	56	63	64	0.039185	1.54
1114	57	56	64	65	0.022298	2.03
1115	57	56	65	66	0.014785	2.56
1116	58	56	65	67	0.053742	2.27
1117	58	56	67	69	0.031455	1.65
1118	58	56	69	71	0.020985	0.26
1119	58	57	59	60	2.580753	1.65
1120	58	57	60	61	0.533892	2.9
1121	58	57	61	62	0.219166	1.88
1122	58	57	62	63	0.08763	2.54
1123	58	57	63	64	0.058464	1.6
1124	58	57	64	65	0.031492	1.58
1125	58	57	65	66	0.019859	1.6
1126	59	58	60	61	2.711396	2.66
1127	59	58	61	62	0.611137	1.8
1128	59	58	62	63	0.190184	2.33
1129	59	58	63	64	0.111273	1.48
1130	59	58	64	65	0.055325	2.13
1131	59	58	65	66	0.032932	1.52
1132	59	58	66	67	0.017009	0.96
1133	59	58	67	68	0.013932	3.34
1134	60	59	61	62	2.697236	1.92
1135	60	59	62	63	0.455831	2.49
1136	60	59	63	64	0.207704	1.56
1137	60	59	64	65	0.091285	2.34
1138	60	59	65	66	0.050288	2.04
1139	60	59	66	67	0.024458	2.0
1140	60	59	67	68	0.019265	2.46
1141	60	59	68	69	0.016003	1.22
1142	61	60	62	63	1.982886	2.42
1143	61	60	63	64	0.509063	1.42
1144	61	60	64	65	0.175889	2.28
1145	61	60	65	66	0.084765	2.0
1146	61	60	66	67	0.038093	1.41
1147	61	60	67	68	0.028281	1.59
1148	61	60	68	69	0.022637	0.49
1149	61	60	69	70	0.014667	0.99
1150	62	61	63	64	2.881287	1.22
1151	62	61	64	65	0.507375	2.61
1152	62	61	65	66	0.189391	2.01
1153	62	61	66	67	0.073769	1.44
1154	62	61	67	68	0.050677	2.29
1155	62	61	68	69	0.037326	0.69
1156	62	61	69	70	0.023612	2.06
1157	62	61	70	71	0.019929	1.09
1158	63	62	64	65	2.29368	2.92
1159	63	62	65	66	0.454088	2.29
1160	63	62	66	67	0.135151	1.67
1161	63	62	67	68	0.080678	2.49
1162	63	62	68	69	0.05503	0.96
1163	63	62	69	70	0.03168	1.53
1164	63	62	70	71	0.025462	1.03
1165	63	62	71	72	0.014573	2.1
1166	64	63	65	66	1.901725	2.22
1167	64	63	66	67	0.353813	1.78
1168	64	63	67	68	0.173459	2.61
1169	64	63	68	69	0.103859	1.46
1170	64	63	69	70	0.0557	2.03
1171	64	63	70	71	0.042195	0.73
1172	64	63	71	72	0.0231	1.52
1173	65	64	66	67	1.012692	1.36
1174	65	64	67	68	0.312185	2.25
1175	65	64	68	69	0.149527	1.01
1176	65	64	69	70	0.072863	1.69
1177	65	64	70	71	0.051028	0.57
1178	65	64	71	72	0.026517	1.77
1179	66	65	67	68	1.563231	2.35
1180	66	65	68	69	0.367635	0.95
1181	66	65	69	70	0.140379	1.72
1182	66	65	70	71	0.084891	0.78
1183	66	65	71	72	0.040496	2.16
1184	67	66	68	69	1.189642	0.99
1185	67	66	69	70	0.266678	1.81
1186	67	66	70	71	0.125224	0.78
1187	67	66	71	72	0.0525	2.17
