2086
1	2	1	3	4	1.934733	1.32
2	2	1	4	5	0.418006	1.05
3	2	1	5	6	0.181327	1.68
4	2	1	6	7	0.085959	1.65
5	2	1	7	8	0.048382	1.27
6	2	1	8	9	0.030025	1.8
7	2	1	9	10	0.018492	1.69
8	2	1	10	11	0.012337	1.94
9	3	2	4	5	1.623433	1.12
10	3	2	5	6	0.456335	2.06
11	3	2	6	7	0.169563	1.97
12	3	2	7	8	0.081831	1.42
13	3	2	8	9	0.04584	1.67
14	3	2	9	10	0.02612	1.71
15	3	2	10	11	0.016637	1.95
16	3	2	11	12	0.011628	2.07
17	3	1	5	7	0.8932	1.92
18	3	1	7	9	0.206113	1.52
19	3	1	9	11	0.073641	1.54
20	3	1	11	13	0.035033	1.84
21	3	1	13	15	0.020099	1.8
22	3	1	15	17	0.012241	2.33
23	3	1	17	19	0.007895	1.27
24	3	1	19	21	0.005521	2.13
25	4	3	5	6	2.224834	2.13
26	4	3	6	7	0.510782	2.11
27	4	3	7	8	0.194059	1.5
28	4	3	8	9	0.093811	1.81
29	4	3	9	10	0.048053	1.74
30	4	3	10	11	0.028403	1.53
31	4	3	11	12	0.01889	1.95
32	4	3	12	13	0.01251	1.11
33	4	2	6	8	0.95616	1.92
34	4	2	8	10	0.213855	1.78
35	4	2	10	12	0.075584	1.88
36	4	2	12	14	0.036409	1.74
37	4	2	14	16	0.020824	1.74
38	4	2	16	18	0.012909	1.88
39	4	2	18	20	0.008152	2.27
40	4	2	20	22	0.005823	2.59
41	4	1	7	10	0.586494	1.59
42	4	1	10	13	0.123879	1.78
43	4	1	13	16	0.048718	1.81
44	4	1	16	19	0.023446	1.62
45	4	1	22	25	0.007806	1.64
46	5	4	6	7	1.969058	1.86
47	5	4	7	8	0.48225	1.48
48	5	4	8	9	0.186614	2.0
49	5	4	9	10	0.082444	1.84
50	5	4	10	11	0.043754	1.8
51	5	4	11	12	0.026809	2.03
52	5	4	12	13	0.016942	1.72
53	5	4	13	14	0.012054	1.69
54	5	3	7	9	0.956569	1.62
55	5	3	9	11	0.202677	1.77
56	5	3	11	13	0.075182	1.8
57	5	3	13	15	0.037409	1.89
58	5	3	15	17	0.020902	1.86
59	5	3	17	19	0.012839	1.92
60	5	3	19	21	0.008462	2.13
61	5	2	8	11	0.571563	1.86
62	5	2	11	14	0.122801	1.81
63	5	2	14	17	0.048214	1.78
64	5	2	17	20	0.023379	1.92
65	5	2	20	23	0.013302	1.62
66	5	2	26	29	0.005322	2.04
67	5	1	9	13	0.386512	1.75
68	5	1	13	17	0.090706	1.83
69	5	1	17	21	0.034751	1.6
70	5	1	21	25	0.016801	2.44
71	5	1	25	29	0.00935	2.07
72	6	5	8	9	0.55387	2.04
73	6	5	9	10	0.195614	1.92
74	6	5	10	11	0.08975	2.01
75	6	5	11	12	0.049499	2.35
76	6	5	12	13	0.029056	1.75
77	6	5	13	14	0.01939	2.23
78	6	5	14	15	0.013942	1.72
79	6	4	8	10	1.018519	2.0
80	6	4	10	12	0.209855	2.0
81	6	4	12	14	0.077482	1.68
82	6	4	14	16	0.039032	1.8
83	6	4	16	18	0.021846	1.77
84	6	4	18	20	0.01284	2.11
85	6	4	20	22	0.008891	1.68
86	6	4	22	24	0.005774	2.33
87	6	3	9	12	0.583223	1.89
88	6	3	12	15	0.129325	1.71
89	6	3	15	18	0.050933	1.67
90	6	3	18	21	0.024175	1.71
91	6	3	21	24	0.01366	2.44
92	6	3	24	27	0.008633	2.01
93	6	3	30	33	0.003618	1.92
94	6	2	10	14	0.399226	1.91
95	6	2	14	18	0.094665	1.77
96	6	2	18	22	0.035739	2.06
97	6	2	22	26	0.016972	1.88
98	6	2	26	30	0.009836	2.33
99	6	2	38	42	0.002595	3.3
100	6	1	11	16	0.30801	1.88
101	6	1	16	21	0.072492	1.78
102	6	1	21	26	0.027547	2.17
103	6	1	26	31	0.013595	2.22
104	6	1	36	41	0.004508	2.79
105	7	6	8	9	2.230302	1.75
106	7	6	9	10	0.51359	1.83
107	7	6	10	11	0.190092	2.04
108	7	6	11	12	0.091516	2.39
109	7	6	12	13	0.04818	1.68
110	7	6	13	14	0.029901	2.17
111	7	6	14	15	0.020349	1.81
112	7	6	15	16	0.013511	1.54
113	7	5	9	11	0.98904	1.89
114	7	5	11	13	0.218315	2.11
115	7	5	13	15	0.08362	1.97
116	7	5	15	17	0.040239	1.77
117	7	5	17	19	0.022475	1.48
118	7	5	19	21	0.01402	1.58
119	7	5	21	23	0.00953	2.58
120	7	5	23	25	0.005995	2.43
121	7	4	10	13	0.585489	2.03
122	7	4	13	16	0.134306	1.81
123	7	4	16	19	0.051328	1.78
124	7	4	19	22	0.0255	2.37
125	7	4	22	25	0.013794	1.74
126	7	4	25	28	0.008652	1.8
127	7	4	28	31	0.005526	1.12
128	7	4	31	34	0.003631	2.55
129	7	3	11	15	0.414393	2.0
130	7	3	15	19	0.096488	1.68
131	7	3	19	23	0.038042	2.0
132	7	3	23	27	0.017831	2.47
133	7	3	27	31	0.0098	1.83
134	7	2	12	17	0.314724	1.77
135	7	2	17	22	0.074763	1.89
136	7	2	22	27	0.028475	2.28
137	7	2	27	32	0.013421	2.59
138	7	2	42	47	0.002997	3.97
139	7	1	13	19	0.257811	1.77
140	7	1	19	25	0.060374	2.19
141	7	1	25	31	0.022983	2.35
142	7	1	31	37	0.010969	2.86
143	7	1	37	43	0.005927	2.71
144	7	1	43	49	0.003771	4.25
145	7	1	55	61	0.001766	2.97
146	8	7	9	10	2.058042	1.3
147	8	7	10	11	0.507531	1.89
148	8	7	11	12	0.199098	2.35
149	8	7	12	13	0.089509	1.8
150	8	7	13	14	0.050568	2.11
151	8	7	14	15	0.031386	1.88
152	8	7	15	16	0.019844	1.5
153	8	7	16	17	0.013694	1.44
154	8	6	10	12	0.988044	2.06
155	8	6	12	14	0.218172	1.91
156	8	6	14	16	0.085111	1.8
157	8	6	16	18	0.041208	1.68
158	8	6	18	20	0.022166	1.65
159	8	6	20	22	0.014441	2.44
160	8	6	22	24	0.009	2.15
161	8	6	24	26	0.006318	1.64
162	8	5	11	14	0.606507	2.15
163	8	5	14	17	0.139517	1.77
164	8	5	17	20	0.053065	1.67
165	8	5	20	23	0.026789	2.1
166	8	5	23	26	0.013833	1.88
167	8	5	29	32	0.005747	2.0
168	8	5	32	35	0.003846	3.06
169	8	4	12	16	0.419641	1.84
170	8	4	16	20	0.098101	1.71
171	8	4	20	24	0.038139	1.95
172	8	4	24	28	0.018711	1.88
173	8	4	28	32	0.010104	1.94
174	8	4	32	36	0.006051	2.73
175	8	4	36	40	0.004067	1.84
176	8	3	13	18	0.328407	1.83
177	8	3	18	23	0.076375	1.97
178	8	3	23	28	0.028846	2.06
179	8	3	28	33	0.013813	2.28
180	8	3	33	38	0.00797	2.46
181	8	3	38	43	0.004661	2.42
182	8	3	48	53	0.00214	1.97
183	8	2	14	20	0.264119	1.75
184	8	2	20	26	0.061502	2.06
185	8	2	26	32	0.023816	2.21
186	8	2	32	38	0.011168	2.83
187	8	2	44	50	0.003843	2.35
188	8	2	50	56	0.002545	3.1
189	8	1	15	22	0.219852	1.81
190	8	1	22	29	0.050932	2.08
191	8	1	29	36	0.019155	2.08
192	8	1	36	43	0.009322	2.58
193	8	1	57	64	0.00221	2.13
194	9	8	11	12	0.538594	2.27
195	9	8	12	13	0.191812	1.89
196	9	8	13	14	0.094697	2.23
197	9	8	14	15	0.052339	1.92
198	9	8	15	16	0.03076	1.83
199	9	8	16	17	0.020037	2.17
200	9	8	17	18	0.014358	1.48
201	9	7	11	13	1.01908	2.16
202	9	7	13	15	0.229057	2.07
203	9	7	15	17	0.084387	1.75
204	9	7	17	19	0.041081	1.5
205	9	7	19	21	0.023276	2.27
206	9	7	21	23	0.014877	2.37
207	9	6	12	15	0.608661	1.95
208	9	6	15	18	0.139823	1.67
209	9	6	18	21	0.052798	1.94
210	9	6	21	24	0.026413	2.03
211	9	6	24	27	0.015226	1.84
212	9	6	30	33	0.005677	2.4
213	9	5	13	17	0.437199	1.95
214	9	5	17	21	0.100902	1.59
215	9	5	21	25	0.039376	2.33
216	9	5	25	29	0.019137	2.08
217	9	5	29	33	0.01026	2.25
218	9	5	37	41	0.004014	1.69
219	9	5	41	45	0.002868	2.06
220	9	4	14	19	0.333408	1.74
221	9	4	19	24	0.078125	2.08
222	9	4	24	29	0.03028	2.03
223	9	4	29	34	0.014001	2.15
224	9	4	34	39	0.008164	2.31
225	9	4	39	44	0.004729	2.08
226	9	4	44	49	0.003193	2.9
227	9	3	15	21	0.267683	1.69
228	9	3	21	27	0.063973	2.28
229	9	3	27	33	0.023383	2.19
230	9	3	33	39	0.011736	2.49
231	9	3	39	45	0.006309	2.73
232	9	3	45	51	0.003891	2.46
233	9	2	16	23	0.224752	1.8
234	9	2	23	30	0.051452	2.13
235	9	2	30	37	0.019811	2.25
236	9	2	37	44	0.009293	2.49
237	9	2	44	51	0.005277	3.04
238	9	2	51	58	0.003401	3.5
239	9	1	17	25	0.19183	1.88
240	9	1	25	33	0.044326	2.11
241	9	1	33	41	0.016935	2.34
242	10	9	11	12	2.087894	2.04
243	10	9	12	13	0.482374	1.74
244	10	9	13	14	0.192672	2.37
245	10	9	14	15	0.090378	2.07
246	10	9	15	16	0.048045	1.84
247	10	9	16	17	0.028895	1.74
248	10	9	17	18	0.019682	1.67
249	10	9	18	19	0.012468	1.05
250	10	8	12	14	0.961459	1.94
251	10	8	14	16	0.221583	1.95
252	10	8	16	18	0.083022	1.74
253	10	8	18	20	0.038931	1.68
254	10	8	20	22	0.023062	2.5
255	10	8	22	24	0.013596	1.92
256	10	8	26	28	0.006668	1.83
257	10	7	13	16	0.610565	2.11
258	10	7	16	19	0.135939	1.65
259	10	7	19	22	0.053735	2.06
260	10	7	22	25	0.025713	1.64
261	10	6	14	18	0.430804	1.84
262	10	6	18	22	0.098639	1.97
263	10	6	22	26	0.038064	1.77
264	10	6	26	30	0.01931	1.98
265	10	6	30	34	0.010125	2.35
266	10	6	34	38	0.006547	2.01
267	10	6	42	46	0.002841	2.81
268	10	5	15	20	0.327579	1.72
269	10	5	20	25	0.078691	2.01
270	10	5	25	30	0.030284	2.13
271	10	5	30	35	0.014264	2.55
272	10	5	35	40	0.008036	2.5
273	10	5	45	50	0.003205	2.76
274	10	4	16	22	0.266423	1.81
275	10	4	22	28	0.062939	1.86
276	10	4	28	34	0.023526	2.4
277	10	4	34	40	0.011727	2.58
278	10	4	40	46	0.006413	2.86
279	10	4	46	52	0.003878	1.65
280	10	4	58	64	0.001851	2.0
281	10	3	17	24	0.223938	1.81
282	10	3	24	31	0.053321	2.15
283	10	3	31	38	0.019846	2.37
284	10	3	38	45	0.009498	2.47
285	10	3	45	52	0.005366	2.73
286	10	3	52	59	0.003418	2.61
287	10	3	59	66	0.002264	3.56
288	10	2	18	26	0.189412	1.97
289	10	2	26	34	0.044984	2.28
290	10	2	34	42	0.017172	2.4
291	10	2	42	50	0.008155	2.92
292	10	2	58	66	0.002936	2.71
293	10	1	19	28	0.168476	2.04
294	10	1	28	37	0.038596	2.5
295	10	1	37	46	0.014471	2.1
296	10	1	46	55	0.007128	2.37
297	10	1	55	64	0.004176	2.81
298	11	10	13	14	0.483587	2.16
299	11	10	14	15	0.186024	2.03
300	11	10	15	16	0.084206	1.86
301	11	10	16	17	0.045973	1.88
302	11	10	17	18	0.028969	1.54
303	11	10	18	19	0.01731	1.54
304	11	10	19	20	0.012678	2.33
305	11	9	13	15	0.952952	2.16
306	11	9	15	17	0.207231	1.84
307	11	9	17	19	0.078507	1.44
308	11	9	19	21	0.03849	1.88
309	11	9	21	23	0.022603	2.22
310	11	9	23	25	0.012849	2.06
311	11	9	25	27	0.009179	1.88
312	11	9	27	29	0.005898	2.52
313	11	8	14	17	0.586783	1.92
314	11	8	17	20	0.13204	1.64
315	11	8	20	23	0.052961	1.74
316	11	8	23	26	0.024259	2.37
317	11	8	26	29	0.014746	2.19
318	11	7	15	19	0.411038	1.71
319	11	7	19	23	0.099249	1.98
320	11	7	23	27	0.037716	1.92
321	11	7	27	31	0.01815	2.04
322	11	7	31	35	0.010019	2.62
323	11	7	35	39	0.006313	2.33
324	11	7	39	43	0.00392	2.44
325	11	6	16	21	0.3202	1.67
326	11	6	21	26	0.077072	2.13
327	11	6	26	31	0.030456	2.08
328	11	6	31	36	0.014038	2.73
329	11	6	36	41	0.007885	2.13
330	11	6	41	46	0.004852	2.43
331	11	5	17	23	0.264862	1.71
332	11	5	23	29	0.06204	2.11
333	11	5	29	35	0.023742	2.27
334	11	5	35	41	0.011556	2.76
335	11	5	41	47	0.006401	2.91
336	11	4	18	25	0.218763	1.89
337	11	4	25	32	0.052752	2.11
338	11	4	32	39	0.019762	2.56
339	11	4	39	46	0.009472	2.59
340	11	3	19	27	0.192765	2.06
341	11	3	27	35	0.04394	2.22
342	11	3	35	43	0.016963	2.61
343	11	3	43	51	0.008201	2.66
344	11	3	59	67	0.002972	2.92
345	11	2	20	29	0.167966	2.04
346	11	2	29	38	0.038549	2.23
347	11	2	38	47	0.014503	3.6
348	11	2	47	56	0.007226	2.59
349	11	2	56	65	0.004217	2.19
350	11	1	21	31	0.148688	2.11
351	11	1	31	41	0.033717	2.49
352	11	1	41	51	0.012943	2.49
353	11	1	51	61	0.006605	2.39
354	12	11	13	14	1.80379	2.0
355	12	11	14	15	0.491732	1.92
356	12	11	15	16	0.171075	1.92
357	12	11	16	17	0.082749	1.94
358	12	11	17	18	0.046313	1.46
359	12	11	18	19	0.025387	1.44
360	12	11	19	20	0.018055	1.68
361	12	11	20	21	0.012817	1.33
362	12	10	14	16	0.93298	1.92
363	12	10	16	18	0.204062	1.74
364	12	10	18	20	0.073479	1.68
365	12	10	20	22	0.038851	2.31
366	12	10	22	24	0.021031	2.07
367	12	9	15	18	0.555912	1.8
368	12	9	18	21	0.124621	1.71
369	12	9	21	24	0.050829	2.31
370	12	9	24	27	0.025753	2.07
371	12	8	16	20	0.399343	1.71
372	12	8	20	24	0.096592	1.95
373	12	8	24	28	0.038359	1.83
374	12	8	28	32	0.018111	1.97
375	12	8	32	36	0.009866	3.17
376	12	8	36	40	0.00613	3.31
377	12	7	17	22	0.314574	1.71
378	12	7	22	27	0.076487	1.84
379	12	7	27	32	0.028885	2.29
380	12	7	32	37	0.014116	2.76
381	12	7	37	42	0.00759	2.46
382	12	6	18	24	0.254537	1.83
383	12	6	24	30	0.063311	1.98
384	12	6	30	36	0.023567	2.11
385	12	6	36	42	0.011474	2.28
386	12	5	19	26	0.22064	2.01
387	12	5	26	33	0.053116	2.06
388	12	5	33	40	0.020098	2.39
389	12	5	40	47	0.009553	2.39
390	12	4	20	28	0.191734	1.95
391	12	4	28	36	0.04417	2.4
392	12	4	36	44	0.016904	2.46
393	12	4	52	60	0.004725	3.54
394	12	3	21	30	0.168082	2.15
395	12	3	30	39	0.038732	2.27
396	12	3	39	48	0.014635	2.75
397	12	3	48	57	0.007219	3.29
398	12	3	57	66	0.004253	3.51
399	12	2	22	32	0.147235	1.95
400	12	2	32	42	0.033818	2.54
401	12	2	42	52	0.012963	3.0
402	12	2	52	62	0.00654	2.42
403	12	1	23	34	0.129821	2.16
404	12	1	34	45	0.030763	2.59
405	12	1	45	56	0.011732	2.97
406	12	1	56	67	0.005953	3.21
407	13	12	14	15	1.831454	1.22
408	13	12	15	16	0.448472	1.75
409	13	12	16	17	0.168177	1.88
410	13	12	17	18	0.082611	1.5
411	13	12	18	19	0.040878	1.4
412	13	12	19	20	0.026372	1.88
413	13	12	20	21	0.017481	1.67
414	13	11	15	17	0.870307	1.81
415	13	11	17	19	0.195206	1.44
416	13	11	19	21	0.074744	1.69
417	13	11	21	23	0.038744	2.08
418	13	11	23	25	0.020158	2.03
419	13	11	25	27	0.013621	1.77
420	13	11	27	29	0.008366	2.59
421	13	11	29	31	0.005924	2.58
422	13	10	16	19	0.538188	1.68
423	13	10	19	22	0.12621	2.01
424	13	10	22	25	0.049097	1.38
425	13	10	25	28	0.024843	1.86
426	13	9	17	21	0.386864	1.56
427	13	9	21	25	0.094388	1.97
428	13	9	25	29	0.037102	1.92
429	13	9	29	33	0.017381	1.75
430	13	9	33	37	0.010127	2.37
431	13	9	37	41	0.0057	2.64
432	13	9	41	45	0.003874	2.67
433	13	8	18	23	0.301712	1.74
434	13	8	23	28	0.073444	1.95
435	13	8	28	33	0.028289	2.31
436	13	8	33	38	0.014095	2.37
437	13	8	38	43	0.007447	1.97
438	13	8	48	53	0.003025	2.06
439	13	8	53	58	0.002203	3.81
440	13	7	19	25	0.254685	1.95
441	13	7	25	31	0.062012	2.01
442	13	7	31	37	0.023409	2.29
443	13	7	37	43	0.010871	2.56
444	13	7	43	49	0.00629	2.39
445	13	7	49	55	0.003856	3.38
446	13	6	20	27	0.219034	1.91
447	13	6	27	34	0.050461	2.15
448	13	6	34	41	0.019896	2.23
449	13	6	41	48	0.009503	2.5
450	13	6	48	55	0.005281	2.85
451	13	6	55	62	0.003381	3.56
452	13	6	62	69	0.002303	2.34
453	13	5	21	29	0.189936	2.07
454	13	5	29	37	0.044389	2.15
455	13	5	37	45	0.016476	2.49
456	13	5	53	61	0.004772	2.78
457	13	5	61	69	0.002974	1.75
458	13	4	22	31	0.164754	1.84
459	13	4	31	40	0.038138	2.23
460	13	4	40	49	0.014619	2.62
461	13	4	49	58	0.007275	2.39
462	13	3	23	33	0.144326	2.01
463	13	3	33	43	0.03416	2.07
464	13	3	43	53	0.013058	1.33
465	13	2	24	35	0.132228	2.06
466	13	2	35	46	0.03042	2.47
467	13	2	57	68	0.006007	2.47
468	14	13	15	16	1.769554	2.64
469	14	13	16	17	0.492231	2.42
470	14	13	17	18	0.179537	1.54
471	14	13	18	19	0.073379	1.68
472	14	13	19	20	0.0458	2.19
473	14	12	16	18	0.922514	2.07
474	14	12	18	20	0.18648	1.8
475	14	12	20	22	0.079492	2.07
476	14	12	22	24	0.037369	1.52
477	14	12	24	26	0.021593	1.62
478	14	12	26	28	0.014189	1.84
479	14	12	30	32	0.006024	0.99
480	14	11	17	20	0.538206	1.65
481	14	11	20	23	0.132316	1.71
482	14	11	23	26	0.047945	1.83
483	14	11	26	29	0.02583	1.98
484	14	11	29	32	0.013777	1.74
485	14	11	32	35	0.008172	2.7
486	14	11	38	41	0.003603	1.5
487	14	10	18	22	0.37818	1.84
488	14	10	22	26	0.093346	1.52
489	14	10	26	30	0.038134	1.92
490	14	10	30	34	0.017374	2.15
491	14	10	34	38	0.010194	2.49
492	14	10	42	46	0.003883	2.19
493	14	9	19	24	0.309203	1.98
494	14	9	24	29	0.07611	1.75
495	14	9	29	34	0.028083	2.03
496	14	9	39	44	0.007397	2.13
497	14	9	54	59	0.002193	3.63
498	14	8	20	26	0.25735	1.84
499	14	8	26	32	0.063059	1.69
500	14	8	32	38	0.023205	2.64
501	14	8	44	50	0.00623	2.33
502	14	8	50	56	0.00388	2.44
503	14	8	62	68	0.001865	2.33
504	14	7	21	28	0.220445	2.01
505	14	7	28	35	0.051186	2.21
506	14	7	35	42	0.019641	2.04
507	14	7	42	49	0.009366	2.94
508	14	7	49	56	0.005344	2.73
509	14	6	22	30	0.188758	1.8
510	14	6	30	38	0.044281	1.89
511	14	6	38	46	0.016628	2.88
512	14	6	46	54	0.008125	3.22
513	14	5	23	32	0.163976	1.97
514	14	5	32	41	0.038327	2.1
515	14	5	41	50	0.014741	2.4
516	14	5	59	68	0.004258	2.44
517	14	4	24	34	0.14837	2.07
518	14	4	34	44	0.034478	2.5
519	14	4	44	54	0.013088	4.19
520	14	3	25	36	0.132745	2.23
521	14	3	58	69	0.006015	1.88
522	15	14	16	17	1.766487	1.67
523	15	14	17	18	0.459218	1.59
524	15	14	18	19	0.150817	1.69
525	15	14	19	20	0.074081	1.91
526	15	14	20	21	0.040869	2.08
527	15	14	21	22	0.026647	2.61
528	15	14	23	24	0.010969	1.6
529	15	13	17	19	0.862728	1.58
530	15	13	19	21	0.190152	1.86
531	15	13	21	23	0.078063	2.03
532	15	13	23	25	0.035566	1.74
533	15	13	25	27	0.022167	1.58
534	15	13	27	29	0.012848	1.83
535	15	13	29	31	0.008694	1.08
536	15	13	31	33	0.005709	1.56
537	15	12	18	21	0.498862	1.72
538	15	12	21	24	0.125273	2.01
539	15	12	24	27	0.051191	1.71
540	15	12	27	30	0.023836	1.77
541	15	12	30	33	0.013299	2.13
542	15	12	33	36	0.00841	2.9
543	15	12	36	39	0.005485	1.64
544	15	11	19	23	0.381593	1.89
545	15	11	23	27	0.091573	1.75
546	15	11	27	31	0.035863	1.86
547	15	11	31	35	0.017309	2.27
548	15	11	35	39	0.009889	2.03
549	15	11	47	51	0.002601	2.16
550	15	10	20	25	0.302001	1.81
551	15	10	25	30	0.074407	1.69
552	15	10	30	35	0.02801	2.1
553	15	10	35	40	0.013614	1.89
554	15	10	40	45	0.007435	2.9
555	15	10	45	50	0.004548	2.21
556	15	10	50	55	0.003024	3.58
557	15	9	21	27	0.253019	1.95
558	15	9	27	33	0.058948	2.03
559	15	9	33	39	0.023317	2.62
560	15	9	39	45	0.010764	2.22
561	15	9	45	51	0.006001	2.16
562	15	9	51	57	0.003873	3.88
563	15	9	57	63	0.002604	1.97
564	15	9	63	69	0.001817	5.8
565	15	8	22	29	0.213219	1.65
566	15	8	36	43	0.019193	2.21
567	15	8	43	50	0.009331	2.78
568	15	7	23	31	0.183271	1.91
569	15	7	31	39	0.043573	2.21
570	15	7	39	47	0.016296	2.29
571	15	7	47	55	0.008123	2.85
572	15	7	55	63	0.004729	2.91
573	15	7	63	71	0.003002	5.49
574	15	6	24	33	0.165521	1.86
575	15	6	33	42	0.038619	2.23
576	15	6	42	51	0.014377	2.34
577	15	6	51	60	0.007357	2.79
578	15	6	60	69	0.004268	1.03
579	15	5	25	35	0.146923	2.01
580	15	5	35	45	0.033988	2.34
581	15	5	45	55	0.013028	2.55
582	15	4	26	37	0.133685	2.07
583	15	4	37	48	0.029783	2.47
584	15	4	59	70	0.00603	1.32
585	16	15	17	18	1.976483	1.41
586	16	15	18	19	0.401313	1.89
587	16	15	19	20	0.163081	2.52
588	16	15	20	21	0.080172	1.72
589	16	15	22	23	0.028742	1.26
590	16	15	23	24	0.016152	2.33
591	16	15	24	25	0.013022	1.11
592	16	14	18	20	0.789194	1.95
593	16	14	20	22	0.194224	2.13
594	16	14	22	24	0.073565	1.47
595	16	14	24	26	0.037173	1.64
596	16	14	26	28	0.022665	1.69
597	16	14	28	30	0.013095	2.21
598	16	14	30	32	0.008701	2.07
599	16	13	19	22	0.526201	2.22
600	16	13	22	25	0.125077	1.47
601	16	13	25	28	0.051118	1.44
602	16	13	28	31	0.024658	2.17
603	16	13	31	34	0.013242	2.13
604	16	13	34	37	0.008886	2.08
605	16	13	37	40	0.005194	1.54
606	16	13	40	43	0.003638	2.22
607	16	12	20	24	0.384427	1.89
608	16	12	24	28	0.09563	1.47
609	16	12	28	32	0.03654	2.25
610	16	12	32	36	0.017365	2.43
611	16	12	40	44	0.005837	2.5
612	16	11	21	26	0.304212	2.06
613	16	11	26	31	0.076412	1.77
614	16	11	31	36	0.027992	2.47
615	16	11	36	41	0.013573	2.76
616	16	11	51	56	0.003133	3.54
617	16	10	22	28	0.250056	1.48
618	16	10	28	34	0.059471	2.23
619	16	10	34	40	0.023338	1.98
620	16	10	40	46	0.010946	2.16
621	16	10	46	52	0.00601	2.43
622	16	10	52	58	0.003876	3.27
623	16	10	64	70	0.001811	1.3
624	16	9	23	30	0.209492	1.8
625	16	9	30	37	0.050804	2.07
626	16	9	37	44	0.018578	1.92
627	16	9	44	51	0.009141	2.42
628	16	9	58	65	0.003353	2.85
629	16	9	65	72	0.002215	0.29
630	16	8	24	32	0.188551	1.6
631	16	7	25	34	0.164495	1.95
632	16	7	34	43	0.038535	2.28
633	16	7	43	52	0.014542	3.57
634	16	6	26	36	0.148823	2.03
635	16	6	36	46	0.033884	2.08
636	16	6	46	56	0.012949	2.9
637	16	5	27	38	0.129964	2.29
638	17	16	18	19	1.550712	1.72
639	17	16	19	20	0.394511	2.46
640	17	16	20	21	0.153512	1.97
641	17	16	21	22	0.07806	2.9
642	17	16	23	24	0.023324	1.86
643	17	16	24	25	0.017719	1.42
644	17	16	25	26	0.011557	1.41
645	17	15	19	21	0.79098	2.28
646	17	15	21	23	0.197037	2.28
647	17	15	23	25	0.070253	1.77
648	17	15	25	27	0.038602	1.35
649	17	15	27	29	0.02066	2.11
650	17	15	29	31	0.01315	1.23
651	17	15	33	35	0.006061	1.47
652	17	14	20	23	0.515864	2.04
653	17	14	23	26	0.116987	1.88
654	17	14	26	29	0.051582	2.15
655	17	14	29	32	0.024259	2.0
656	17	13	21	25	0.380798	2.1
657	17	13	25	29	0.094322	1.58
658	17	13	29	33	0.035856	1.53
659	17	13	33	37	0.018248	1.98
660	17	13	37	41	0.009314	2.43
661	17	13	41	45	0.005876	1.78
662	17	13	45	49	0.003815	3.36
663	17	12	22	27	0.298438	1.5
664	17	12	27	32	0.072292	1.69
665	17	12	32	37	0.028207	2.42
666	17	12	37	42	0.013075	2.81
667	17	12	47	52	0.004542	2.94
668	17	12	52	57	0.003064	3.58
669	17	12	57	62	0.002164	3.24
670	17	11	23	29	0.242228	1.75
671	17	11	29	35	0.059459	1.77
672	17	11	35	41	0.022767	2.15
673	17	11	41	47	0.010823	2.47
674	17	11	53	59	0.003848	1.41
675	17	10	24	31	0.214467	1.65
676	17	10	31	38	0.050024	2.0
677	17	10	38	45	0.01864	2.13
678	17	9	25	33	0.184612	1.8
679	17	9	33	41	0.043425	2.35
680	17	9	49	57	0.007967	3.68
681	17	8	35	44	0.037703	2.21
682	17	8	44	53	0.014352	2.49
683	17	8	53	62	0.007235	2.9
684	17	8	62	71	0.00425	2.83
685	17	7	27	37	0.143472	2.07
686	17	7	37	47	0.032717	2.35
687	17	7	47	57	0.012958	2.62
688	17	6	28	39	0.129916	2.28
689	17	6	39	50	0.029691	2.4
690	17	6	50	61	0.011916	3.25
691	17	6	61	72	0.006058	4.94
692	18	17	19	20	1.832857	2.56
693	18	17	20	21	0.462946	2.01
694	18	17	22	23	0.087927	1.38
695	18	17	23	24	0.040609	2.1
696	18	17	24	25	0.028878	1.38
697	18	17	25	26	0.017999	1.95
698	18	17	26	27	0.015034	1.91
699	18	16	20	22	0.878313	2.29
700	18	16	22	24	0.195616	1.6
701	18	16	24	26	0.076219	1.56
702	18	16	26	28	0.040699	1.11
703	18	16	28	30	0.02157	2.0
704	18	16	30	32	0.013495	1.95
705	18	16	32	34	0.008296	2.35
706	18	15	21	24	0.548755	2.43
707	18	15	24	27	0.13137	1.47
708	18	15	27	30	0.049543	1.77
709	18	15	30	33	0.024389	1.8
710	18	15	33	36	0.014122	2.44
711	18	15	36	39	0.008598	2.73
712	18	14	22	26	0.382526	1.5
713	18	14	26	30	0.098056	1.56
714	18	14	30	34	0.036141	2.07
715	18	14	34	38	0.018431	2.22
716	18	14	38	42	0.009546	1.69
717	18	14	42	46	0.005859	1.72
718	18	13	23	28	0.296694	1.64
719	18	13	28	33	0.073663	2.1
720	18	13	33	38	0.029234	2.07
721	18	13	38	43	0.013295	2.79
722	18	13	43	48	0.007633	1.75
723	18	12	24	30	0.25584	1.53
724	18	12	30	36	0.060253	1.97
725	18	12	36	42	0.022991	2.21
726	18	12	42	48	0.010892	1.95
727	18	12	54	60	0.003861	1.52
728	18	12	60	66	0.00266	2.37
729	18	11	25	32	0.216717	1.62
730	18	11	32	39	0.050456	2.1
731	18	11	39	46	0.018808	2.04
732	18	11	46	53	0.009102	2.33
733	18	11	53	60	0.005303	2.06
734	18	10	26	34	0.189607	1.74
735	18	10	34	42	0.04406	2.13
736	18	10	42	50	0.016194	2.69
737	18	10	50	58	0.0081	3.5
738	18	10	58	66	0.004662	2.19
739	18	9	27	36	0.160973	1.98
740	18	9	36	45	0.037695	2.23
741	18	9	45	54	0.014284	2.61
742	18	8	28	38	0.145234	2.33
743	18	8	38	48	0.033102	2.79
744	19	18	20	21	2.333413	1.91
745	19	18	22	23	0.195867	1.54
746	19	18	23	24	0.073361	2.33
747	19	18	24	25	0.046702	1.48
748	19	18	25	26	0.02699	1.59
749	19	18	26	27	0.021114	1.72
750	19	18	27	28	0.012189	1.26
751	19	17	23	25	0.189597	1.94
752	19	17	25	27	0.081183	1.5
753	19	17	27	29	0.037646	1.65
754	19	17	29	31	0.021994	1.44
755	19	17	31	33	0.012898	1.5
756	19	17	33	35	0.009078	1.53
757	19	16	22	25	0.557942	1.62
758	19	16	25	28	0.130682	1.27
759	19	16	28	31	0.050587	2.0
760	19	16	31	34	0.023872	1.84
761	19	16	37	40	0.008003	2.07
762	19	15	23	27	0.37952	1.77
763	19	15	27	31	0.093489	1.67
764	19	15	31	35	0.03636	2.03
765	19	15	35	39	0.018114	2.62
766	19	15	39	43	0.009442	2.55
767	19	14	24	29	0.312502	1.5
768	19	14	29	34	0.073205	1.71
769	19	14	34	39	0.029362	2.01
770	19	14	39	44	0.013181	2.35
771	19	14	44	49	0.007488	2.43
772	19	14	59	64	0.002204	2.13
773	19	13	25	31	0.256922	1.59
774	19	13	31	37	0.060685	1.89
775	19	13	37	43	0.022156	2.13
776	19	13	43	49	0.011002	2.7
777	19	13	55	61	0.00393	2.94
778	19	12	26	33	0.220383	1.64
779	19	12	33	40	0.051245	2.04
780	19	12	40	47	0.018839	2.07
781	19	12	47	54	0.009208	2.46
782	19	12	54	61	0.00536	2.39
783	19	11	27	35	0.182919	1.88
784	19	11	35	43	0.043195	2.22
785	19	11	43	51	0.01621	2.52
786	19	10	28	37	0.163127	2.17
787	19	10	37	46	0.036793	1.98
788	19	10	55	64	0.007309	3.38
789	19	9	29	39	0.144744	2.0
790	19	9	39	49	0.032722	2.46
791	19	9	49	59	0.012952	3.57
792	19	9	59	69	0.006603	5.32
793	20	19	22	23	0.573076	1.5
794	20	19	24	25	0.087074	1.48
795	20	19	25	26	0.044973	1.38
796	20	19	26	27	0.032652	1.2
797	20	19	27	28	0.017929	1.54
798	20	18	22	24	1.003542	1.74
799	20	18	24	26	0.205832	1.48
800	20	18	26	28	0.083896	1.23
801	20	18	28	30	0.038466	2.35
802	20	18	30	32	0.021952	1.97
803	20	18	32	34	0.012669	2.16
804	20	18	34	36	0.00921	1.75
805	20	17	23	26	0.528253	2.0
806	20	17	26	29	0.137507	1.44
807	20	17	29	32	0.051336	1.33
808	20	17	32	35	0.024578	2.27
809	20	17	35	38	0.014281	2.21
810	20	16	24	28	0.406434	1.42
811	20	16	28	32	0.095604	1.88
812	20	16	32	36	0.036527	1.77
813	20	16	36	40	0.017944	2.28
814	20	16	40	44	0.009638	1.36
815	20	15	25	30	0.315463	1.59
816	20	15	30	35	0.074603	1.56
817	20	15	35	40	0.028826	2.04
818	20	15	45	50	0.007467	2.27
819	20	14	26	32	0.264512	1.56
820	20	14	32	38	0.06057	2.44
821	20	13	27	34	0.212013	1.89
822	20	13	34	41	0.051919	1.8
823	20	13	41	48	0.019116	2.66
824	20	12	28	36	0.185864	2.22
825	20	12	44	52	0.016283	1.78
826	20	12	52	60	0.008153	1.64
827	20	11	29	38	0.163595	2.0
828	20	11	38	47	0.037013	1.8
829	20	11	47	56	0.014388	3.42
830	20	10	30	40	0.144912	2.08
831	20	10	40	50	0.033073	1.64
832	20	10	50	60	0.012938	1.67
833	20	10	60	70	0.006675	0.9
834	21	20	23	24	0.431662	2.47
835	21	20	24	25	0.179274	1.5
836	21	20	25	26	0.078913	1.71
837	21	20	26	27	0.051892	1.29
838	21	20	27	28	0.026395	0.55
839	21	20	29	30	0.012619	2.25
840	21	19	23	25	0.859775	2.15
841	21	19	25	27	0.208478	1.54
842	21	19	27	29	0.075637	1.84
843	21	19	29	31	0.038544	1.56
844	21	19	31	33	0.02096	1.78
845	21	19	33	35	0.013832	1.24
846	21	18	24	27	0.569466	1.46
847	21	18	27	30	0.12603	1.67
848	21	18	30	33	0.049881	1.74
849	21	18	33	36	0.025441	1.92
850	21	18	36	39	0.014106	1.94
851	21	18	39	42	0.008125	1.52
852	21	18	42	45	0.005301	1.83
853	21	17	25	29	0.40278	1.59
854	21	17	29	33	0.094443	1.6
855	21	17	33	37	0.038663	2.25
856	21	17	37	41	0.017185	2.44
857	21	17	45	49	0.005902	2.49
858	21	17	49	53	0.003857	3.51
859	21	16	26	31	0.323252	1.58
860	21	16	31	36	0.074035	1.86
861	21	16	36	41	0.028575	2.22
862	21	16	41	46	0.013616	2.52
863	21	16	46	51	0.007236	3.22
864	21	16	51	56	0.004741	3.42
865	21	15	27	33	0.249751	1.72
866	21	15	33	39	0.062311	1.88
867	21	15	39	45	0.022441	2.25
868	21	15	45	51	0.010769	2.42
869	21	15	51	57	0.006309	3.39
870	21	14	28	35	0.214809	2.1
871	21	14	35	42	0.050997	1.83
872	21	14	42	49	0.018807	2.56
873	21	14	49	56	0.009223	2.27
874	21	14	56	63	0.005384	2.27
875	21	13	29	37	0.187122	1.88
876	21	13	37	45	0.042221	1.95
877	21	13	45	53	0.016235	3.17
878	21	12	30	39	0.163715	1.98
879	21	12	39	48	0.036986	1.97
880	21	11	31	41	0.144126	2.08
881	21	11	41	51	0.0329	2.07
882	21	11	51	61	0.013254	2.62
883	21	11	61	71	0.00666	3.51
884	22	21	24	25	0.505905	1.29
885	22	21	25	26	0.171635	1.38
886	22	21	26	27	0.095453	1.22
887	22	21	27	28	0.043544	1.27
888	22	21	29	30	0.018383	1.78
889	22	20	24	26	0.935534	1.33
890	22	20	26	28	0.217367	1.22
891	22	20	28	30	0.077376	2.35
892	22	20	30	32	0.038767	1.27
893	22	20	34	36	0.014196	2.25
894	22	19	25	28	0.563245	1.36
895	22	19	28	31	0.129442	2.16
896	22	19	31	34	0.049464	1.74
897	22	19	40	43	0.008274	1.27
898	22	18	26	30	0.416976	1.48
899	22	18	30	34	0.094127	1.86
900	22	18	34	38	0.038835	1.68
901	22	18	38	42	0.017502	1.59
902	22	18	42	46	0.009694	2.39
903	22	17	27	32	0.305948	1.59
904	22	17	32	37	0.075546	2.01
905	22	17	37	42	0.027878	2.0
906	22	17	42	47	0.013443	2.54
907	22	17	57	62	0.00315	1.78
908	22	16	28	34	0.253237	2.1
909	22	16	34	40	0.062751	2.08
910	22	16	40	46	0.022895	2.58
911	22	15	29	36	0.215922	1.8
912	22	15	43	50	0.019148	2.91
913	22	15	50	57	0.009301	2.81
914	22	15	57	64	0.005487	1.47
915	22	14	30	38	0.187441	1.92
916	22	14	38	46	0.042722	2.28
917	22	14	46	54	0.016127	2.43
918	22	14	54	62	0.008219	2.76
919	22	13	31	40	0.163334	2.0
920	22	13	49	58	0.014544	1.81
921	22	12	32	42	0.144619	2.17
922	22	12	42	52	0.032893	2.34
923	22	12	52	62	0.013117	3.07
924	23	22	24	25	2.277762	1.14
925	23	22	25	26	0.463307	1.22
926	23	22	26	27	0.20047	1.06
927	23	22	27	28	0.077385	0.83
928	23	22	30	31	0.018334	1.86
929	23	22	31	32	0.012694	1.72
930	23	21	25	27	0.930445	1.22
931	23	21	27	29	0.193916	1.68
932	23	21	29	31	0.077002	1.42
933	23	21	31	33	0.036975	1.44
934	23	21	33	35	0.022455	1.59
935	23	21	35	37	0.014255	1.72
936	23	21	37	39	0.008495	2.46
937	23	20	26	29	0.586377	1.38
938	23	20	29	32	0.127975	1.33
939	23	20	32	35	0.049826	1.75
940	23	20	35	38	0.025566	1.89
941	23	20	38	41	0.013394	1.75
942	23	20	41	44	0.0083	1.35
943	23	19	27	31	0.384942	1.62
944	23	19	31	35	0.094247	1.94
945	23	19	35	39	0.037934	2.49
946	23	18	28	33	0.306124	2.06
947	23	18	33	38	0.077056	1.84
948	23	18	38	43	0.027812	2.49
949	23	18	43	48	0.013688	1.78
950	23	18	48	53	0.007375	3.38
951	23	18	58	63	0.003127	3.72
952	23	17	29	35	0.25368	1.53
953	23	17	35	41	0.061464	1.81
954	23	17	41	47	0.02284	2.64
955	23	17	53	59	0.00635	3.04
956	23	17	59	65	0.00403	3.1
957	23	16	30	37	0.217149	1.78
958	23	16	37	44	0.049297	1.88
959	23	16	51	58	0.009588	3.17
960	23	16	58	65	0.005468	2.83
961	23	16	65	72	0.003387	2.5
962	23	15	31	39	0.186623	1.84
963	23	15	39	47	0.04242	2.1
964	23	15	47	55	0.016413	2.37
965	23	15	55	63	0.008328	1.74
966	23	14	32	41	0.162691	1.98
967	23	14	41	50	0.037385	2.22
968	23	14	50	59	0.014544	2.15
969	24	23	25	26	2.096426	1.2
970	24	23	26	27	0.537885	1.33
971	24	23	27	28	0.155874	1.01
972	24	23	29	30	0.040496	1.24
973	24	23	30	31	0.025046	1.71
974	24	22	26	28	0.971261	1.2
975	24	22	28	30	0.188633	2.47
976	24	22	30	32	0.072309	1.47
977	24	22	32	34	0.033792	1.89
978	24	22	34	36	0.021445	1.03
979	24	22	36	38	0.012947	1.81
980	24	22	38	40	0.007941	1.6
981	24	21	27	30	0.511477	1.67
982	24	21	30	33	0.119981	1.62
983	24	21	33	36	0.049677	1.69
984	24	21	36	39	0.024317	1.78
985	24	21	39	42	0.012835	2.16
986	24	21	42	45	0.007828	2.21
987	24	21	45	48	0.005166	1.19
988	24	21	48	51	0.003358	2.91
989	24	20	32	36	0.090152	1.92
990	24	20	36	40	0.035893	1.6
991	24	20	44	48	0.009473	1.97
992	24	20	52	56	0.00378	2.78
993	24	19	29	34	0.293178	1.53
994	24	19	34	39	0.075381	1.65
995	24	19	39	44	0.026887	2.31
996	24	19	44	49	0.01316	2.28
997	24	19	54	59	0.004646	2.82
998	24	18	30	36	0.244992	1.77
999	24	18	36	42	0.059447	1.69
1000	24	18	42	48	0.022049	2.42
1001	24	18	48	54	0.010551	2.96
1002	24	18	54	60	0.006119	3.18
1003	24	18	60	66	0.003946	2.9
1004	24	18	66	72	0.002621	5.43
1005	24	17	31	38	0.209036	1.71
1006	24	17	38	45	0.048702	2.01
1007	24	17	45	52	0.018495	2.28
1008	24	17	52	59	0.009312	3.25
1009	24	17	59	66	0.005365	2.91
1010	24	16	32	40	0.180472	2.04
1011	24	16	48	56	0.015933	2.79
1012	24	16	56	64	0.008204	2.92
1013	24	15	33	42	0.162586	1.95
1014	24	15	42	51	0.036197	2.1
1015	24	15	51	60	0.01453	3.12
1016	24	15	60	69	0.007422	4.04
1017	25	24	26	27	2.856572	1.41
1018	25	24	27	28	0.504878	1.32
1019	25	24	29	30	0.087147	1.59
1020	25	24	30	31	0.047794	1.86
1021	25	24	31	32	0.028568	1.36
1022	25	24	33	34	0.012988	2.66
1023	25	23	27	29	0.931388	2.06
1024	25	23	29	31	0.200509	1.6
1025	25	23	31	33	0.072414	1.53
1026	25	23	33	35	0.038227	1.8
1027	25	23	35	37	0.022074	1.71
1028	25	23	37	39	0.012386	2.22
1029	25	23	39	41	0.007984	1.74
1030	25	23	41	43	0.005639	1.89
1031	25	22	31	34	0.121591	1.81
1032	25	22	34	37	0.052787	1.44
1033	25	22	37	40	0.023006	1.89
1034	25	22	40	43	0.013031	1.27
1035	25	22	43	46	0.008218	2.07
1036	25	22	46	49	0.005069	1.54
1037	25	22	49	52	0.003494	2.19
1038	25	21	29	33	0.386795	1.54
1039	25	21	33	37	0.097056	1.65
1040	25	21	37	41	0.034686	1.81
1041	25	21	41	45	0.017261	1.86
1042	25	21	45	49	0.00939	2.35
1043	25	21	49	53	0.005697	2.28
1044	25	21	53	57	0.003846	1.95
1045	25	21	57	61	0.002735	1.97
1046	25	20	30	35	0.303193	1.68
1047	25	20	35	40	0.074044	2.21
1048	25	20	40	45	0.027589	2.39
1049	25	20	50	55	0.007318	1.97
1050	25	19	31	37	0.25051	1.74
1051	25	19	37	43	0.057633	1.81
1052	25	19	43	49	0.022472	2.82
1053	25	19	49	55	0.010722	2.59
1054	25	19	55	61	0.006261	2.76
1055	25	19	61	67	0.003908	2.52
1056	25	18	32	39	0.211678	1.95
1057	25	18	39	46	0.048877	2.19
1058	25	18	46	53	0.018363	3.06
1059	25	18	53	60	0.009263	3.74
1060	25	18	60	67	0.005435	2.81
1061	25	17	33	41	0.187516	1.88
1062	25	17	41	49	0.042375	2.39
1063	25	17	49	57	0.016177	3.29
1064	25	17	57	65	0.008359	3.71
1065	25	16	34	43	0.165076	1.86
1066	25	16	43	52	0.036929	2.21
1067	25	16	52	61	0.014581	2.91
1068	25	16	61	70	0.007351	3.53
1069	26	25	29	30	0.165945	1.84
1070	26	25	30	31	0.078169	2.22
1071	26	25	32	33	0.023809	2.85
1072	26	25	33	34	0.01698	2.01
1073	26	25	34	35	0.012987	1.58
1074	26	24	30	32	0.196825	1.89
1075	26	24	32	34	0.071094	2.22
1076	26	24	34	36	0.039444	1.71
1077	26	24	36	38	0.021695	1.48
1078	26	24	38	40	0.012557	1.94
1079	26	24	42	44	0.005592	2.4
1080	26	23	29	32	0.531302	1.71
1081	26	23	32	35	0.119723	2.01
1082	26	23	35	38	0.04934	1.67
1083	26	23	38	41	0.02278	1.41
1084	26	23	41	44	0.012846	1.81
1085	26	22	30	34	0.373887	1.88
1086	26	22	34	38	0.095554	1.56
1087	26	22	38	42	0.03461	1.84
1088	26	22	42	46	0.016729	1.75
1089	26	22	50	54	0.005589	2.31
1090	26	22	54	58	0.003798	3.22
1091	26	21	31	36	0.294546	1.77
1092	26	21	36	41	0.072247	1.8
1093	26	21	41	46	0.02738	2.16
1094	26	21	46	51	0.012559	1.98
1095	26	20	32	38	0.244458	2.01
1096	26	20	38	44	0.057346	1.98
1097	26	20	44	50	0.021958	2.79
1098	26	20	56	62	0.006108	1.97
1099	26	20	62	68	0.003963	4.37
1100	26	19	33	40	0.213719	1.84
1101	26	19	40	47	0.048537	1.78
1102	26	19	47	54	0.018408	1.91
1103	26	19	54	61	0.009289	2.13
1104	26	19	61	68	0.005348	2.78
1105	26	18	34	42	0.186443	1.74
1106	26	18	42	50	0.041302	2.23
1107	26	18	58	66	0.008106	3.15
1108	26	17	35	44	0.160135	1.88
1109	26	17	53	62	0.014402	2.31
1110	26	17	62	71	0.007484	2.71
1111	27	26	29	30	0.568318	1.72
1112	27	26	30	31	0.207654	2.21
1113	27	26	31	32	0.094386	1.62
1114	27	26	32	33	0.047741	2.31
1115	27	26	33	34	0.031475	2.34
1116	27	25	29	31	1.019268	1.88
1117	27	25	31	33	0.208227	1.86
1118	27	25	33	35	0.084425	1.88
1119	27	25	35	37	0.04243	1.78
1120	27	25	37	39	0.02167	2.22
1121	27	25	39	41	0.013242	1.52
1122	27	25	41	43	0.008879	1.81
1123	27	24	30	33	0.587386	2.04
1124	27	24	33	36	0.138748	1.86
1125	27	24	36	39	0.053758	1.68
1126	27	24	51	54	0.003859	2.69
1127	27	23	31	35	0.40306	1.8
1128	27	23	35	39	0.098658	1.65
1129	27	23	39	43	0.03579	1.81
1130	27	23	43	47	0.017647	2.19
1131	27	23	47	51	0.009438	2.31
1132	27	23	55	59	0.003958	3.42
1133	27	22	32	37	0.315235	1.95
1134	27	22	37	42	0.072765	1.75
1135	27	22	42	47	0.02782	1.44
1136	27	22	47	52	0.013354	2.88
1137	27	22	52	57	0.007554	1.48
1138	27	22	62	67	0.003248	0.72
1139	27	21	33	39	0.26647	1.78
1140	27	21	39	45	0.059518	1.86
1141	27	21	45	51	0.022276	2.01
1142	27	21	51	57	0.011188	1.86
1143	27	21	57	63	0.006363	2.03
1144	27	20	34	41	0.225775	1.75
1145	27	20	41	48	0.050398	1.67
1146	27	20	48	55	0.018699	3.27
1147	27	20	55	62	0.009427	1.27
1148	27	19	35	43	0.189535	1.86
1149	27	19	51	59	0.016814	2.81
1150	27	19	59	67	0.008342	2.88
1151	27	18	36	45	0.165101	1.94
1152	28	27	29	30	2.12668	1.72
1153	28	27	30	31	0.481549	2.35
1154	28	27	31	32	0.168434	1.71
1155	28	27	32	33	0.073161	2.59
1156	28	27	33	34	0.043244	2.19
1157	28	27	34	35	0.029389	1.53
1158	28	27	35	36	0.017888	1.42
1159	28	27	36	37	0.013395	1.56
1160	28	26	30	32	0.951524	2.11
1161	28	26	32	34	0.195703	2.46
1162	28	26	34	36	0.085089	1.62
1163	28	26	36	38	0.040552	1.8
1164	28	26	38	40	0.021587	1.94
1165	28	26	42	44	0.008632	1.6
1166	28	26	44	46	0.00625	2.15
1167	28	25	31	34	0.541319	1.97
1168	28	25	34	37	0.139137	1.56
1169	28	25	37	40	0.048388	1.71
1170	28	25	40	43	0.024281	2.46
1171	28	25	43	46	0.013895	2.39
1172	28	25	46	49	0.007988	3.29
1173	28	24	32	36	0.391152	2.19
1174	28	24	36	40	0.096438	1.56
1175	28	24	40	44	0.036432	1.65
1176	28	24	44	48	0.017679	2.11
1177	28	24	48	52	0.009415	2.61
1178	28	24	52	56	0.005958	2.88
1179	28	23	33	38	0.31782	1.72
1180	28	23	38	43	0.07193	1.67
1181	28	23	43	48	0.028008	2.31
1182	28	23	48	53	0.012945	2.69
1183	28	23	53	58	0.007538	3.34
1184	28	23	58	63	0.004615	1.48
1185	28	22	34	40	0.263286	1.6
1186	28	22	40	46	0.05946	1.95
1187	28	22	52	58	0.011012	2.92
1188	28	21	35	42	0.216936	1.78
1189	28	21	42	49	0.049071	2.1
1190	28	21	49	56	0.01868	2.37
1191	28	21	63	70	0.005475	4.12
1192	28	20	36	44	0.185638	1.71
1193	28	20	44	52	0.042162	2.66
1194	29	28	31	32	0.49643	1.86
1195	29	28	32	33	0.166519	2.88
1196	29	28	33	34	0.082928	2.22
1197	29	28	34	35	0.050617	1.56
1198	29	28	35	36	0.028287	1.89
1199	29	28	36	37	0.019965	1.94
1200	29	27	31	33	0.904167	2.06
1201	29	27	33	35	0.206247	1.81
1202	29	27	35	37	0.079558	1.48
1203	29	27	37	39	0.035614	1.71
1204	29	27	39	41	0.019973	1.42
1205	29	27	41	43	0.012645	1.77
1206	29	26	32	35	0.547883	2.31
1207	29	26	35	38	0.133317	1.54
1208	29	26	38	41	0.049623	0.93
1209	29	26	44	47	0.013632	1.2
1210	29	26	47	50	0.008259	2.43
1211	29	26	50	53	0.005317	1.78
1212	29	25	33	37	0.412479	1.81
1213	29	25	37	41	0.09059	1.53
1214	29	25	41	45	0.036384	2.55
1215	29	25	45	49	0.01718	2.64
1216	29	25	49	53	0.009411	2.25
1217	29	25	53	57	0.005855	2.56
1218	29	25	57	61	0.003991	3.13
1219	29	24	34	39	0.32609	1.58
1220	29	24	39	44	0.07213	1.69
1221	29	24	44	49	0.027953	2.56
1222	29	24	49	54	0.013239	2.03
1223	29	24	59	64	0.004755	2.97
1224	29	24	64	69	0.003186	4.75
1225	29	23	35	41	0.254935	1.67
1226	29	23	41	47	0.059016	2.04
1227	29	23	47	53	0.022095	2.44
1228	29	23	53	59	0.010962	2.83
1229	29	22	36	43	0.214052	1.68
1230	29	22	43	50	0.049464	1.78
1231	29	22	50	57	0.018621	2.0
1232	29	22	57	64	0.009471	2.58
1233	29	22	64	71	0.00544	2.5
1234	29	21	37	45	0.178834	1.83
1235	29	21	45	53	0.041741	1.65
1236	29	21	53	61	0.016507	1.86
1237	30	29	31	32	2.579995	2.03
1238	30	29	32	33	0.518573	3.01
1239	30	29	33	34	0.194685	2.11
1240	30	29	34	35	0.100405	1.56
1241	30	29	35	36	0.049185	1.72
1242	30	29	36	37	0.031611	2.11
1243	30	28	32	34	0.962421	2.71
1244	30	28	34	36	0.228611	1.53
1245	30	28	36	38	0.080727	1.52
1246	30	28	38	40	0.037417	1.2
1247	30	27	33	36	0.596594	1.83
1248	30	27	36	39	0.131141	1.46
1249	30	27	39	42	0.048643	1.75
1250	30	27	42	45	0.0237	2.29
1251	30	27	45	48	0.013233	2.29
1252	30	26	34	38	0.434821	1.53
1253	30	26	38	42	0.094492	1.71
1254	30	26	42	46	0.036494	1.71
1255	30	26	46	50	0.017122	2.04
1256	30	25	35	40	0.317682	1.71
1257	30	25	45	50	0.027588	2.08
1258	30	25	50	55	0.013254	2.64
1259	30	24	36	42	0.258363	1.59
1260	30	24	42	48	0.059343	1.74
1261	30	24	48	54	0.022103	2.28
1262	30	24	54	60	0.011026	2.27
1263	30	24	60	66	0.006464	3.09
1264	30	24	66	72	0.004024	4.06
1265	30	23	37	44	0.207376	1.83
1266	30	23	44	51	0.048916	2.01
1267	30	23	51	58	0.019199	3.31
1268	30	23	65	72	0.005375	3.42
1269	30	22	38	46	0.182272	1.88
1270	30	22	46	54	0.041386	1.77
1271	30	22	54	62	0.016387	2.52
1272	31	30	33	34	0.530127	2.06
1273	31	30	34	35	0.219248	1.52
1274	31	30	35	36	0.091099	1.81
1275	31	30	36	37	0.051895	1.47
1276	31	30	37	38	0.026517	1.8
1277	31	30	38	39	0.018992	1.91
1278	31	29	33	35	1.044002	1.89
1279	31	29	35	37	0.223844	1.59
1280	31	29	37	39	0.07606	1.59
1281	31	29	39	41	0.037561	1.35
1282	31	29	43	45	0.013718	1.36
1283	31	28	34	37	0.642131	1.53
1284	31	28	37	40	0.124578	1.64
1285	31	28	40	43	0.050319	1.69
1286	31	28	43	46	0.02518	1.97
1287	31	28	49	52	0.008044	2.82
1288	31	27	35	39	0.414962	1.6
1289	31	27	39	43	0.092036	1.68
1290	31	27	43	47	0.036399	2.22
1291	31	27	47	51	0.016879	1.48
1292	31	27	55	59	0.005951	2.28
1293	31	27	59	63	0.003905	2.81
1294	31	26	36	41	0.318929	1.5
1295	31	26	41	46	0.075296	1.88
1296	31	26	46	51	0.027223	2.21
1297	31	26	56	61	0.007749	2.16
1298	31	26	61	66	0.004794	2.56
1299	31	25	37	43	0.247487	1.71
1300	31	25	43	49	0.060289	2.0
1301	31	25	49	55	0.022368	2.31
1302	31	25	55	61	0.011213	2.21
1303	31	24	38	45	0.21388	1.88
1304	31	24	45	52	0.049376	1.97
1305	31	24	52	59	0.019233	2.52
1306	31	24	59	66	0.00956	3.76
1307	31	23	39	47	0.181808	1.91
1308	31	23	47	55	0.042156	1.78
1309	31	23	55	63	0.016579	1.88
1310	32	31	33	34	2.234455	1.71
1311	32	31	34	35	0.590723	1.26
1312	32	31	35	36	0.188432	1.62
1313	32	31	36	37	0.089966	1.35
1314	32	31	37	38	0.041392	1.53
1315	32	31	38	39	0.027788	1.91
1316	32	31	40	41	0.012528	0.81
1317	32	30	34	36	1.089121	1.4
1318	32	30	36	38	0.20981	1.36
1319	32	30	38	40	0.076524	2.08
1320	32	30	40	42	0.038849	1.3
1321	32	30	42	44	0.020999	1.83
1322	32	30	44	46	0.013639	2.5
1323	32	30	46	48	0.008445	1.77
1324	32	29	35	38	0.587436	1.48
1325	32	29	38	41	0.127297	1.67
1326	32	29	41	44	0.050643	2.0
1327	32	29	44	47	0.024574	2.25
1328	32	29	47	50	0.013516	2.19
1329	32	28	36	40	0.404345	1.47
1330	32	28	44	48	0.036688	1.98
1331	32	28	48	52	0.016892	2.39
1332	32	28	52	56	0.009668	1.89
1333	32	28	64	68	0.002794	1.64
1334	32	27	37	42	0.298013	1.59
1335	32	27	42	47	0.072214	2.06
1336	32	27	47	52	0.02745	2.0
1337	32	27	52	57	0.013343	2.59
1338	32	27	57	62	0.007559	2.64
1339	32	26	38	44	0.252185	1.77
1340	32	26	44	50	0.060074	2.01
1341	32	26	50	56	0.022597	2.64
1342	32	26	56	62	0.01117	2.55
1343	32	26	62	68	0.006559	1.03
1344	32	25	39	46	0.211833	1.78
1345	32	25	46	53	0.048658	1.92
1346	32	25	53	60	0.019074	2.58
1347	32	25	60	67	0.009702	2.97
1348	32	24	40	48	0.18515	1.8
1349	32	24	56	64	0.016798	2.43
1350	32	24	64	72	0.008464	3.1
1351	33	32	34	35	2.511648	1.02
1352	33	32	35	36	0.497892	1.58
1353	33	32	36	37	0.17622	1.26
1354	33	32	37	38	0.067772	1.41
1355	33	32	38	39	0.041116	2.08
1356	33	32	41	42	0.011902	2.1
1357	33	31	35	37	0.952151	1.47
1358	33	31	37	39	0.178119	1.46
1359	33	31	39	41	0.069893	1.47
1360	33	31	41	43	0.035592	1.77
1361	33	31	43	45	0.020641	2.21
1362	33	31	45	47	0.012152	1.22
1363	33	30	36	39	0.541665	1.4
1364	33	30	39	42	0.120547	1.5
1365	33	30	42	45	0.047482	1.95
1366	33	30	45	48	0.023416	1.74
1367	33	30	48	51	0.012297	1.72
1368	33	29	37	41	0.361571	1.53
1369	33	29	41	45	0.091732	1.91
1370	33	29	45	49	0.034818	2.08
1371	33	29	53	57	0.009402	2.01
1372	33	28	38	43	0.29353	1.77
1373	33	28	43	48	0.07225	1.94
1374	33	28	48	53	0.026454	2.21
1375	33	28	53	58	0.013273	2.67
1376	33	27	39	45	0.240388	1.71
1377	33	27	45	51	0.056554	1.75
1378	33	27	51	57	0.022291	2.29
1379	33	27	57	63	0.010886	1.97
1380	33	26	40	47	0.208507	1.67
1381	33	26	47	54	0.048571	1.91
1382	33	26	54	61	0.019021	2.16
1383	33	26	61	68	0.009476	1.41
1384	34	33	35	36	2.414078	1.3
1385	34	33	36	37	0.521511	1.24
1386	34	33	37	38	0.153155	1.33
1387	34	33	38	39	0.080118	2.08
1388	34	33	39	40	0.041535	2.08
1389	34	33	41	42	0.018302	1.69
1390	34	33	42	43	0.011369	1.88
1391	34	32	36	38	0.918393	1.27
1392	34	32	38	40	0.186578	1.95
1393	34	32	40	42	0.073083	1.47
1394	34	32	42	44	0.034398	1.97
1395	34	32	44	46	0.020599	1.68
1396	34	32	46	48	0.011918	1.83
1397	34	31	37	40	0.493852	1.6
1398	34	31	40	43	0.120732	1.52
1399	34	31	43	46	0.048711	1.65
1400	34	31	46	49	0.022334	2.19
1401	34	31	55	58	0.005196	2.35
1402	34	31	58	61	0.003539	3.04
1403	34	30	38	42	0.374946	1.74
1404	34	30	42	46	0.089703	1.86
1405	34	30	50	54	0.016556	2.47
1406	34	30	54	58	0.009468	2.62
1407	34	30	58	62	0.005624	3.62
1408	34	29	39	44	0.290795	1.64
1409	34	29	44	49	0.071142	2.06
1410	34	29	49	54	0.026688	2.06
1411	34	29	59	64	0.00743	3.34
1412	34	28	40	46	0.244883	1.64
1413	34	28	46	52	0.056125	1.86
1414	34	28	52	58	0.02219	2.55
1415	34	27	41	48	0.20709	1.88
1416	34	27	48	55	0.047179	2.13
1417	34	27	55	62	0.018594	3.51
1418	34	27	62	69	0.009498	3.72
1419	35	34	36	37	2.618279	0.72
1420	35	34	37	38	0.473641	1.26
1421	35	34	38	39	0.194766	2.0
1422	35	34	39	40	0.08522	1.84
1423	35	34	40	41	0.048273	1.03
1424	35	34	41	42	0.03055	1.6
1425	35	34	42	43	0.017842	2.46
1426	35	34	43	44	0.013528	2.62
1427	35	33	37	39	0.901314	1.5
1428	35	33	39	41	0.201631	1.62
1429	35	33	41	43	0.078111	1.8
1430	35	33	43	45	0.039229	1.84
1431	35	33	45	47	0.021164	1.5
1432	35	33	47	49	0.013189	2.35
1433	35	32	38	41	0.557502	1.78
1434	35	32	41	44	0.126632	1.74
1435	35	32	44	47	0.049168	2.08
1436	35	32	47	50	0.023642	1.35
1437	35	32	53	56	0.008069	1.86
1438	35	31	39	43	0.385152	1.69
1439	35	31	43	47	0.093256	1.67
1440	35	31	47	51	0.034701	2.06
1441	35	31	51	55	0.017504	2.34
1442	35	31	63	67	0.003942	0.49
1443	35	30	40	45	0.306727	1.52
1444	35	30	45	50	0.071521	1.65
1445	35	30	50	55	0.02723	2.15
1446	35	30	65	70	0.004664	0.89
1447	35	29	41	47	0.250958	1.92
1448	35	29	47	53	0.058234	1.86
1449	35	29	53	59	0.022586	2.85
1450	35	29	59	65	0.011172	3.13
1451	35	29	65	71	0.006332	0.46
1452	35	28	42	49	0.20808	1.88
1453	35	28	56	63	0.019063	1.84
1454	35	28	63	70	0.009565	0.95
1455	36	35	38	39	0.545442	2.25
1456	36	35	39	40	0.188066	2.28
1457	36	35	40	41	0.089583	1.16
1458	36	35	41	42	0.049861	1.97
1459	36	35	42	43	0.02661	2.64
1460	36	34	38	40	1.013023	2.15
1461	36	34	40	42	0.21832	1.46
1462	36	34	42	44	0.077065	1.74
1463	36	34	44	46	0.04018	1.71
1464	36	34	46	48	0.021214	2.37
1465	36	34	50	52	0.008575	1.22
1466	36	33	39	42	0.577703	1.78
1467	36	33	42	45	0.127479	1.97
1468	36	33	45	48	0.050202	1.65
1469	36	33	48	51	0.02312	1.52
1470	36	33	51	54	0.013982	1.75
1471	36	33	57	60	0.005433	3.03
1472	36	32	40	44	0.402717	1.53
1473	36	32	44	48	0.093978	1.91
1474	36	32	48	52	0.034601	1.68
1475	36	32	52	56	0.017242	1.77
1476	36	32	56	60	0.009516	2.55
1477	36	31	41	46	0.311593	1.92
1478	36	31	46	51	0.069586	1.89
1479	36	31	51	56	0.028241	2.94
1480	36	31	56	61	0.013527	3.33
1481	36	31	66	71	0.004807	7.27
1482	36	30	42	48	0.248541	2.22
1483	36	29	43	50	0.213494	1.67
1484	36	29	50	57	0.048919	1.94
1485	37	36	38	39	3.256958	2.01
1486	37	36	39	40	0.705246	2.03
1487	37	36	40	41	0.255929	1.46
1488	37	36	41	42	0.116418	2.27
1489	37	36	42	43	0.053531	2.27
1490	37	36	44	45	0.022814	2.44
1491	37	36	45	46	0.015567	2.39
1492	37	35	39	41	1.238312	1.88
1493	37	35	41	43	0.246506	2.27
1494	37	35	43	45	0.090043	1.88
1495	37	35	45	47	0.041482	1.4
1496	37	35	47	49	0.023355	1.78
1497	37	35	49	51	0.013507	1.83
1498	37	35	51	53	0.009729	1.65
1499	37	34	40	43	0.688295	1.71
1500	37	34	43	46	0.14608	1.64
1501	37	34	46	49	0.052228	2.31
1502	37	34	49	52	0.025658	1.72
1503	37	34	52	55	0.014521	1.74
1504	37	34	55	58	0.008991	2.54
1505	37	34	58	61	0.005783	2.15
1506	37	33	41	45	0.453586	2.1
1507	37	33	45	49	0.099225	1.81
1508	37	33	49	53	0.037596	1.47
1509	37	33	53	57	0.018349	1.68
1510	37	33	57	61	0.010434	1.95
1511	37	33	61	65	0.006403	2.62
1512	37	32	42	47	0.326516	1.95
1513	37	32	47	52	0.075412	1.46
1514	37	32	52	57	0.028833	1.42
1515	37	31	43	49	0.269276	1.8
1516	37	31	55	61	0.023577	2.9
1517	37	30	44	51	0.221824	2.06
1518	37	30	51	58	0.052374	2.42
1519	37	30	65	72	0.009707	7.2
1520	38	37	39	40	2.523114	1.59
1521	38	37	40	41	0.625074	1.2
1522	38	37	41	42	0.223293	2.37
1523	38	37	42	43	0.085846	2.69
1524	38	37	44	45	0.030012	2.27
1525	38	37	45	46	0.01925	2.11
1526	38	37	46	47	0.01176	1.89
1527	38	36	40	42	1.219902	1.58
1528	38	36	42	44	0.223976	2.08
1529	38	36	44	46	0.08766	2.25
1530	38	36	46	48	0.039415	1.86
1531	38	36	48	50	0.021864	1.69
1532	38	36	52	54	0.009125	1.02
1533	38	35	41	44	0.658856	2.21
1534	38	35	44	47	0.138626	2.03
1535	38	35	47	50	0.052129	1.62
1536	38	35	50	53	0.024996	1.98
1537	38	35	53	56	0.014151	2.37
1538	38	35	56	59	0.008693	1.65
1539	38	34	42	46	0.428752	2.0
1540	38	34	46	50	0.095446	1.94
1541	38	34	50	54	0.037347	1.11
1542	38	34	54	58	0.018469	2.06
1543	38	34	66	70	0.00421	-0.26
1544	38	33	43	48	0.333407	1.74
1545	38	33	48	53	0.073858	1.68
1546	38	33	53	58	0.029213	2.31
1547	38	33	58	63	0.013942	1.75
1548	38	33	63	68	0.008063	1.74
1549	38	32	44	50	0.26351	1.92
1550	38	32	50	56	0.060223	1.75
1551	38	32	56	62	0.02315	1.84
1552	38	32	62	68	0.011678	1.94
1553	39	38	41	42	0.636063	2.46
1554	39	38	42	43	0.18963	2.69
1555	39	38	43	44	0.093689	1.62
1556	39	38	45	46	0.029961	1.5
1557	39	38	46	47	0.017255	2.42
1558	39	38	47	48	0.013313	2.23
1559	39	37	41	43	1.134659	2.47
1560	39	37	43	45	0.224068	1.92
1561	39	37	45	47	0.078249	1.74
1562	39	37	47	49	0.037988	1.94
1563	39	37	51	53	0.01364	1.71
1564	39	37	55	57	0.005854	2.42
1565	39	36	42	45	0.610536	2.29
1566	39	36	45	48	0.13485	1.67
1567	39	36	48	51	0.049151	1.65
1568	39	36	51	54	0.026077	2.39
1569	39	36	54	57	0.014011	2.27
1570	39	36	57	60	0.008584	2.62
1571	39	36	63	66	0.003945	2.0
1572	39	35	43	47	0.43365	1.83
1573	39	35	47	51	0.09512	1.44
1574	39	35	51	55	0.0384	2.19
1575	39	35	55	59	0.018278	1.95
1576	39	35	59	63	0.010051	2.08
1577	39	34	44	49	0.327581	2.03
1578	39	34	49	54	0.074802	1.53
1579	39	34	54	59	0.029252	1.75
1580	39	33	45	51	0.25726	1.62
1581	39	33	51	57	0.062421	1.89
1582	39	33	57	63	0.023732	2.23
1583	39	33	63	69	0.011689	1.33
1584	40	39	41	42	2.921479	2.52
1585	40	39	42	43	0.526425	2.82
1586	40	39	46	47	0.024613	2.04
1587	40	39	47	48	0.017898	1.78
1588	40	39	48	49	0.011271	2.15
1589	40	38	42	44	1.008822	2.44
1590	40	38	44	46	0.217523	2.37
1591	40	38	46	48	0.073115	1.74
1592	40	38	48	50	0.035347	1.71
1593	40	38	50	52	0.020243	1.92
1594	40	38	52	54	0.012784	1.12
1595	40	37	43	46	0.609434	1.94
1596	40	37	46	49	0.120858	1.92
1597	40	37	49	52	0.047633	1.32
1598	40	37	52	55	0.023738	1.16
1599	40	37	55	58	0.013419	1.62
1600	40	36	44	48	0.417625	2.16
1601	40	36	48	52	0.091094	1.89
1602	40	36	52	56	0.0366	1.92
1603	40	36	56	60	0.017564	2.62
1604	40	36	60	64	0.010182	2.15
1605	40	35	45	50	0.309843	1.64
1606	40	35	50	55	0.072867	1.94
1607	40	35	55	60	0.028266	2.44
1608	40	35	60	65	0.014279	1.72
1609	40	35	65	70	0.007682	3.09
1610	40	34	46	52	0.246296	1.84
1611	40	34	52	58	0.060738	1.64
1612	40	34	58	64	0.023185	2.4
1613	41	40	43	44	0.615641	1.74
1614	41	40	44	45	0.217122	3.22
1615	41	40	45	46	0.094139	1.83
1616	41	40	46	47	0.042965	2.21
1617	41	40	47	48	0.028586	1.72
1618	41	40	48	49	0.016999	1.92
1619	41	39	43	45	1.122202	2.1
1620	41	39	45	47	0.208639	1.91
1621	41	39	47	49	0.074767	1.72
1622	41	39	49	51	0.034728	1.05
1623	41	39	51	53	0.021561	2.35
1624	41	39	53	55	0.012698	2.44
1625	41	38	44	47	0.613446	2.54
1626	41	38	47	50	0.124533	1.48
1627	41	38	50	53	0.047935	1.6
1628	41	38	53	56	0.023874	2.16
1629	41	38	56	59	0.013407	3.12
1630	41	38	65	68	0.003619	3.42
1631	41	37	45	49	0.399601	1.77
1632	41	37	49	53	0.090217	1.38
1633	41	37	53	57	0.035433	2.08
1634	41	37	57	61	0.017532	2.39
1635	41	37	61	65	0.009712	1.92
1636	41	36	46	51	0.296205	1.75
1637	41	36	51	56	0.075232	1.74
1638	41	36	56	61	0.028462	1.95
1639	41	36	61	66	0.013734	2.04
1640	41	35	47	53	0.249513	1.62
1641	41	35	53	59	0.060179	2.1
1642	41	35	59	65	0.023266	2.46
1643	41	35	65	71	0.011342	3.46
1644	42	41	44	45	0.680384	3.56
1645	42	41	45	46	0.22865	2.06
1646	42	41	46	47	0.085885	2.56
1647	42	41	48	49	0.027222	2.15
1648	42	41	50	51	0.011824	1.36
1649	42	40	46	48	0.207404	2.17
1650	42	40	48	50	0.075215	1.65
1651	42	40	50	52	0.037597	2.13
1652	42	40	52	54	0.021678	1.36
1653	42	40	54	56	0.013381	2.08
1654	42	40	56	58	0.008907	2.01
1655	42	40	58	60	0.00573	2.04
1656	42	39	45	48	0.619254	1.98
1657	42	39	48	51	0.120786	1.42
1658	42	39	51	54	0.051467	2.17
1659	42	39	54	57	0.024154	1.83
1660	42	39	57	60	0.013512	1.74
1661	42	39	60	63	0.008489	2.98
1662	42	39	63	66	0.005507	3.38
1663	42	39	66	69	0.00378	2.34
1664	42	38	46	50	0.390953	1.92
1665	42	38	50	54	0.092344	1.71
1666	42	38	54	58	0.036593	1.84
1667	42	38	58	62	0.01719	1.78
1668	42	38	66	70	0.006075	2.55
1669	42	37	47	52	0.306173	1.59
1670	42	37	52	57	0.073009	1.69
1671	42	36	48	54	0.247496	1.69
1672	42	36	60	66	0.023777	2.42
1673	42	36	66	72	0.011558	2.0
1674	43	42	45	46	0.644393	2.07
1675	43	42	46	47	0.182379	2.96
1676	43	42	47	48	0.086891	1.64
1677	43	42	49	50	0.0262	1.19
1678	43	42	50	51	0.015723	0.9
1679	43	41	45	47	1.140923	2.23
1680	43	41	47	49	0.205542	1.86
1681	43	41	49	51	0.072493	1.02
1682	43	41	51	53	0.03934	2.34
1683	43	41	53	55	0.021128	2.43
1684	43	41	55	57	0.012908	2.17
1685	43	41	57	59	0.008822	2.01
1686	43	41	59	61	0.005903	1.67
1687	43	40	46	49	0.562228	2.33
1688	43	40	49	52	0.123735	1.41
1689	43	40	52	55	0.049342	1.68
1690	43	40	55	58	0.024461	2.33
1691	43	40	58	61	0.013381	1.97
1692	43	40	61	64	0.008238	1.98
1693	43	40	64	67	0.005404	3.12
1694	43	39	47	51	0.387339	1.56
1695	43	39	51	55	0.094782	2.03
1696	43	39	55	59	0.035916	1.98
1697	43	39	59	63	0.017187	2.27
1698	43	39	63	67	0.009766	2.71
1699	43	39	67	71	0.006107	3.24
1700	43	38	48	53	0.293003	1.67
1701	43	38	53	58	0.072777	2.0
1702	43	38	58	63	0.027554	2.28
1703	43	38	63	68	0.013756	2.82
1704	44	43	45	46	3.157173	2.04
1705	44	43	46	47	0.561728	3.1
1706	44	43	47	48	0.20475	1.64
1707	44	43	48	49	0.08057	2.28
1708	44	43	49	50	0.045589	1.11
1709	44	42	46	48	1.035866	2.66
1710	44	42	48	50	0.193849	1.75
1711	44	42	50	52	0.074561	1.98
1712	44	42	52	54	0.037407	1.5
1713	44	42	54	56	0.021168	2.07
1714	44	42	56	58	0.013219	1.5
1715	44	42	58	60	0.008138	1.27
1716	44	42	60	62	0.00595	2.27
1717	44	41	47	50	0.58123	1.71
1718	44	41	50	53	0.125471	1.59
1719	44	41	53	56	0.050006	1.97
1720	44	41	56	59	0.024636	2.29
1721	44	41	59	62	0.01334	2.28
1722	44	41	62	65	0.008835	1.98
1723	44	41	65	68	0.005374	1.62
1724	44	40	48	52	0.381113	1.81
1725	44	40	52	56	0.093675	1.54
1726	44	40	56	60	0.036054	1.97
1727	44	40	60	64	0.018186	2.49
1728	44	40	64	68	0.009929	2.52
1729	44	40	68	72	0.00609	2.62
1730	44	39	49	54	0.300452	1.47
1731	44	39	54	59	0.07328	1.83
1732	44	39	59	64	0.028059	2.13
1733	44	39	64	69	0.013689	2.23
1734	45	44	47	48	0.59884	1.52
1735	45	44	48	49	0.17479	2.33
1736	45	44	49	50	0.083265	0.61
1737	45	44	50	51	0.041294	1.94
1738	45	44	53	54	0.012687	1.78
1739	45	43	47	49	1.058939	1.71
1740	45	43	51	53	0.082184	2.13
1741	45	43	53	55	0.038262	1.81
1742	45	43	55	57	0.021468	1.78
1743	45	43	57	59	0.013831	2.11
1744	45	43	59	61	0.00883	2.56
1745	45	42	48	51	0.53416	1.71
1746	45	42	51	54	0.132639	2.15
1747	45	42	54	57	0.049628	1.8
1748	45	42	57	60	0.024453	2.01
1749	45	42	60	63	0.014034	1.68
1750	45	42	63	66	0.0085	2.54
1751	45	42	66	69	0.005534	2.71
1752	45	41	49	53	0.389514	1.36
1753	45	41	53	57	0.093811	1.69
1754	45	41	57	61	0.037384	1.94
1755	45	41	61	65	0.018032	2.47
1756	45	40	50	55	0.30292	1.72
1757	45	40	55	60	0.073497	1.74
1758	45	40	60	65	0.029509	2.29
1759	45	40	65	70	0.013646	2.61
1760	46	45	47	48	3.043198	1.64
1761	46	45	48	49	0.515171	2.61
1762	46	45	49	50	0.184946	1.24
1763	46	45	53	54	0.018305	2.25
1764	46	45	54	55	0.012768	2.13
1765	46	44	50	52	0.199075	1.86
1766	46	44	52	54	0.07719	1.22
1767	46	44	54	56	0.038343	1.75
1768	46	44	56	58	0.022022	1.5
1769	46	44	58	60	0.012798	2.39
1770	46	44	60	62	0.00898	1.4
1771	46	44	62	64	0.006422	2.85
1772	46	43	49	52	0.558364	1.46
1773	46	43	52	55	0.128401	1.41
1774	46	43	55	58	0.051206	1.89
1775	46	43	58	61	0.024732	1.56
1776	46	43	64	67	0.008549	2.23
1777	46	42	50	54	0.38812	1.71
1778	46	42	54	58	0.094809	1.83
1779	46	42	58	62	0.035916	1.92
1780	46	42	62	66	0.018405	2.07
1781	46	42	66	70	0.010046	2.55
1782	46	41	51	56	0.319119	2.08
1783	46	41	56	61	0.074722	1.74
1784	46	41	61	66	0.028709	1.92
1785	46	41	66	71	0.014278	3.0
1786	47	46	49	50	0.534476	1.88
1787	47	46	50	51	0.163085	1.23
1788	47	46	53	54	0.025277	1.75
1789	47	46	54	55	0.016905	2.04
1790	47	46	55	56	0.011657	2.1
1791	47	45	49	51	0.959193	1.59
1792	47	45	51	53	0.209954	2.54
1793	47	45	53	55	0.07332	1.74
1794	47	45	55	57	0.035942	1.38
1795	47	45	57	59	0.021329	2.25
1796	47	45	59	61	0.012782	1.56
1797	47	45	63	65	0.006134	2.25
1798	47	44	50	53	0.53982	1.77
1799	47	44	53	56	0.123291	1.65
1800	47	44	56	59	0.049116	1.6
1801	47	44	59	62	0.023506	1.68
1802	47	44	62	65	0.014293	1.26
1803	47	44	65	68	0.008139	1.4
1804	47	43	51	55	0.403581	2.25
1805	47	43	55	59	0.092598	1.74
1806	47	43	59	63	0.035874	1.75
1807	47	43	63	67	0.017858	2.52
1808	47	42	52	57	0.297201	1.42
1809	47	42	57	62	0.072872	1.92
1810	47	42	62	67	0.028813	2.1
1811	47	42	67	72	0.013877	1.83
1812	48	47	49	50	2.762946	2.31
1813	48	47	50	51	0.547488	1.59
1814	48	47	52	53	0.088336	1.23
1815	48	47	53	54	0.046958	1.88
1816	48	47	54	55	0.02887	1.84
1817	48	47	55	56	0.018882	1.72
1818	48	47	56	57	0.01274	1.24
1819	48	46	50	52	1.031485	2.17
1820	48	46	52	54	0.202724	1.35
1821	48	46	54	56	0.076359	1.68
1822	48	46	56	58	0.03804	1.72
1823	48	46	58	60	0.020264	1.65
1824	48	46	60	62	0.013432	1.97
1825	48	46	62	64	0.009156	1.32
1826	48	46	64	66	0.005964	2.66
1827	48	45	51	54	0.620034	2.67
1828	48	45	54	57	0.126205	1.5
1829	48	45	57	60	0.050165	1.67
1830	48	45	60	63	0.025383	1.81
1831	48	45	63	66	0.014036	1.72
1832	48	45	66	69	0.008549	1.83
1833	48	45	69	72	0.005615	1.6
1834	48	44	52	56	0.394461	1.41
1835	48	44	56	60	0.093166	1.59
1836	48	44	64	68	0.018081	1.88
1837	48	44	68	72	0.010061	2.08
1838	49	48	52	53	0.170358	1.35
1839	49	48	53	54	0.075359	1.91
1840	49	48	54	55	0.041286	1.95
1841	49	48	55	56	0.024905	1.91
1842	49	48	56	57	0.015986	1.53
1843	49	47	53	55	0.192514	1.86
1844	49	47	55	57	0.072572	1.36
1845	49	47	57	59	0.037947	2.11
1846	49	47	59	61	0.020923	1.44
1847	49	47	61	63	0.012797	1.2
1848	49	47	63	65	0.009066	2.27
1849	49	46	52	55	0.535189	1.48
1850	49	46	55	58	0.121945	1.6
1851	49	46	58	61	0.047756	1.47
1852	49	46	61	64	0.023812	1.72
1853	49	46	67	70	0.008301	2.52
1854	49	45	53	57	0.374185	1.69
1855	49	45	57	61	0.092999	1.77
1856	49	45	61	65	0.036325	1.8
1857	49	45	65	69	0.017182	2.19
1858	50	49	52	53	0.517007	1.59
1859	50	49	53	54	0.172417	1.98
1860	50	49	54	55	0.077849	2.04
1861	50	49	55	56	0.041371	1.68
1862	50	49	56	57	0.024535	1.48
1863	50	49	58	59	0.011542	1.81
1864	50	48	52	54	0.935025	1.62
1865	50	48	54	56	0.185443	1.84
1866	50	48	56	58	0.070926	1.74
1867	50	48	58	60	0.03351	1.41
1868	50	48	60	62	0.020494	2.04
1869	50	48	62	64	0.013218	2.34
1870	50	48	64	66	0.008216	2.67
1871	50	47	53	56	0.527811	1.88
1872	50	47	56	59	0.120809	1.68
1873	50	47	59	62	0.047105	1.75
1874	50	47	62	65	0.025353	1.95
1875	50	47	65	68	0.013181	2.44
1876	50	46	54	58	0.370636	1.77
1877	50	46	58	62	0.087745	1.56
1878	50	46	62	66	0.036594	1.94
1879	50	46	66	70	0.017429	1.72
1880	51	50	52	53	2.08867	1.65
1881	51	50	53	54	0.451498	1.89
1882	51	50	54	55	0.156458	2.21
1883	51	50	55	56	0.067994	1.8
1884	51	50	56	57	0.03567	1.44
1885	51	50	58	59	0.014798	1.74
1886	51	50	59	60	0.009722	0.98
1887	51	49	53	55	0.857912	1.97
1888	51	49	55	57	0.169657	1.53
1889	51	49	57	59	0.068644	2.01
1890	51	49	59	61	0.033263	1.47
1891	51	49	61	63	0.018838	1.74
1892	51	49	63	65	0.012552	2.34
1893	51	49	67	69	0.00554	1.23
1894	51	48	54	57	0.485958	1.84
1895	51	48	57	60	0.112754	1.92
1896	51	48	60	63	0.046564	1.58
1897	51	48	63	66	0.022772	2.07
1898	51	48	66	69	0.012716	2.1
1899	51	48	69	72	0.00784	2.9
1900	51	47	55	59	0.348671	1.68
1901	51	47	59	63	0.085874	1.42
1902	51	47	63	67	0.034856	1.94
1903	51	47	67	71	0.017281	1.77
1904	52	51	53	54	2.29049	1.88
1905	52	51	54	55	0.522769	2.37
1906	52	51	55	56	0.172815	1.86
1907	52	51	56	57	0.07575	1.5
1908	52	51	58	59	0.026022	1.47
1909	52	51	59	60	0.016355	1.84
1910	52	50	54	56	0.91988	2.16
1911	52	50	56	58	0.181476	1.83
1912	52	50	58	60	0.066951	1.27
1913	52	50	60	62	0.035859	1.72
1914	52	50	62	64	0.021345	1.92
1915	52	50	64	66	0.01244	0.72
1916	52	49	55	58	0.506216	1.8
1917	52	49	58	61	0.115761	1.33
1918	52	49	61	64	0.047029	1.91
1919	52	49	64	67	0.023247	1.42
1920	52	49	67	70	0.01319	1.36
1921	52	48	56	60	0.352891	1.71
1922	52	48	60	64	0.090995	1.64
1923	52	48	64	68	0.034929	1.56
1924	53	52	54	55	2.321955	2.49
1925	53	52	55	56	0.486722	1.88
1926	53	52	56	57	0.159954	1.54
1927	53	52	58	59	0.04081	1.4
1928	53	52	59	60	0.023567	1.06
1929	53	52	60	61	0.018827	1.81
1930	53	52	61	62	0.011053	2.33
1931	53	51	55	57	0.895258	1.75
1932	53	51	59	61	0.072449	1.52
1933	53	51	61	63	0.036291	1.58
1934	53	51	63	65	0.022172	2.4
1935	53	51	65	67	0.0125	1.91
1936	53	51	67	69	0.008735	2.1
1937	53	51	69	71	0.006227	2.66
1938	53	50	56	59	0.504213	1.86
1939	53	50	59	62	0.115474	1.53
1940	53	50	62	65	0.050454	1.5
1941	53	50	65	68	0.022992	1.88
1942	53	50	68	71	0.013378	2.17
1943	54	53	55	56	2.150965	1.74
1944	54	53	56	57	0.452242	1.59
1945	54	53	58	59	0.074066	1.58
1946	54	53	59	60	0.037843	1.12
1947	54	53	60	61	0.028367	1.72
1948	54	53	61	62	0.01581	2.11
1949	54	52	56	58	0.871063	2.04
1950	54	52	58	60	0.176328	1.52
1951	54	52	60	62	0.074107	2.07
1952	54	52	62	64	0.038616	1.91
1953	54	52	64	66	0.020703	2.08
1954	54	52	68	70	0.008366	2.78
1955	54	51	60	63	0.126008	1.72
1956	54	51	63	66	0.049786	1.81
1957	54	51	66	69	0.024408	1.83
1958	55	54	56	57	1.911269	1.54
1959	55	54	57	58	0.489328	3.5
1960	55	54	58	59	0.158131	1.59
1961	55	54	59	60	0.067908	1.5
1962	55	54	60	61	0.044913	1.86
1963	55	54	61	62	0.023499	2.07
1964	55	53	59	61	0.17906	1.58
1965	55	53	61	63	0.070802	1.71
1966	55	53	63	65	0.038026	2.07
1967	55	53	65	67	0.019647	1.26
1968	55	53	67	69	0.01297	2.46
1969	55	53	69	71	0.00875	1.47
1970	55	52	58	61	0.494387	1.59
1971	55	52	61	64	0.120059	1.86
1972	55	52	64	67	0.048092	1.23
1973	55	52	67	70	0.02401	1.86
1974	56	55	58	59	0.473046	1.48
1975	56	55	59	60	0.153533	1.56
1976	56	55	60	61	0.086313	2.07
1977	56	55	61	62	0.040202	2.13
1978	56	55	62	63	0.029207	1.36
1979	56	55	63	64	0.018766	2.58
1980	56	55	64	65	0.01324	1.86
1981	56	54	58	60	0.852629	1.5
1982	56	54	60	62	0.194971	2.06
1983	56	54	62	64	0.078994	1.77
1984	56	54	64	66	0.036757	1.48
1985	56	54	66	68	0.021378	2.03
1986	56	54	68	70	0.012771	2.0
1987	56	54	70	72	0.008747	0.95
1988	56	53	59	62	0.498246	1.74
1989	56	53	62	65	0.130787	1.6
1990	56	53	65	68	0.047633	1.75
1991	56	53	68	71	0.024392	1.94
1992	57	56	58	59	1.945675	1.01
1993	57	56	59	60	0.404615	1.59
1994	57	56	60	61	0.179214	2.27
1995	57	56	61	62	0.070996	2.35
1996	57	56	62	63	0.04622	1.44
1997	57	56	64	65	0.018414	1.89
1998	57	56	65	66	0.011011	1.94
1999	57	55	59	61	0.823783	1.78
2000	57	55	61	63	0.186718	1.84
2001	57	55	63	65	0.078004	2.17
2002	57	55	65	67	0.035011	1.24
2003	57	55	67	69	0.021242	2.27
2004	57	55	69	71	0.013439	1.65
2005	57	54	60	63	0.539015	2.03
2006	57	54	63	66	0.125107	1.97
2007	57	54	66	69	0.049078	1.78
2008	57	54	69	72	0.024235	1.23
2009	58	57	60	61	0.516522	2.27
2010	58	57	61	62	0.165909	2.43
2011	58	57	62	63	0.092924	1.41
2012	58	57	64	65	0.030273	1.58
2013	58	57	65	66	0.017462	1.59
2014	58	57	66	67	0.013361	1.2
2015	58	56	60	62	0.932649	2.29
2016	58	56	62	64	0.215822	1.89
2017	58	56	64	66	0.077214	1.58
2018	58	56	66	68	0.039184	1.83
2019	58	56	68	70	0.021367	1.77
2020	58	56	70	72	0.013761	1.05
2021	59	58	60	61	1.846036	2.13
2022	59	58	61	62	0.404197	2.42
2023	59	58	62	63	0.180283	1.5
2024	59	58	64	65	0.04512	1.6
2025	59	58	65	66	0.023918	1.52
2026	59	58	66	67	0.017577	1.46
2027	59	57	61	63	0.842964	2.11
2028	59	57	63	65	0.205967	2.37
2029	59	57	65	67	0.072373	1.32
2030	59	57	67	69	0.038494	2.5
2031	59	57	69	71	0.022409	1.67
2032	60	59	61	62	1.668396	2.44
2033	60	59	62	63	0.488424	1.83
2034	60	59	64	65	0.080117	1.59
2035	60	59	65	66	0.036938	1.81
2036	60	59	66	67	0.0256	1.81
2037	60	59	67	68	0.017805	2.54
2038	60	59	68	69	0.011574	2.29
2039	60	58	62	64	0.922354	2.16
2040	60	58	64	66	0.186121	1.6
2041	60	58	66	68	0.073815	1.78
2042	60	58	68	70	0.035345	1.71
2043	60	58	70	72	0.020774	1.84
2044	61	60	63	64	0.551062	3.68
2045	61	60	64	65	0.199147	1.77
2046	61	60	65	66	0.078345	1.94
2047	61	60	66	67	0.048997	1.36
2048	61	60	67	68	0.031541	2.82
2049	61	60	68	69	0.01947	1.52
2050	61	60	69	70	0.013828	1.59
2051	61	59	65	67	0.189986	1.64
2052	61	59	67	69	0.080475	2.58
2053	61	59	69	71	0.040286	1.88
2054	62	61	64	65	0.417022	1.78
2055	62	61	65	66	0.128347	1.95
2056	62	61	66	67	0.070334	1.69
2057	62	61	68	69	0.023812	1.92
2058	62	61	69	70	0.016103	1.24
2059	62	61	70	71	0.012323	2.06
2060	62	60	64	66	0.822503	1.83
2061	62	60	66	68	0.192148	1.98
2062	62	60	68	70	0.073285	1.72
2063	62	60	70	72	0.038163	2.04
2064	63	62	64	65	2.036267	1.59
2065	63	62	65	66	0.38846	2.1
2066	63	62	66	67	0.172087	1.92
2067	63	62	68	69	0.045244	2.08
2068	63	62	69	70	0.02819	1.52
2069	63	62	71	72	0.01241	1.38
2070	64	63	65	66	1.519913	1.72
2071	64	63	66	67	0.463762	2.06
2072	64	63	68	69	0.081494	2.11
2073	64	63	70	71	0.030825	1.72
2074	64	63	71	72	0.017716	2.17
2075	65	64	68	69	0.18035	2.39
2076	65	64	69	70	0.086008	1.52
2077	65	64	70	71	0.052739	2.34
2078	65	64	71	72	0.028185	1.86
2079	66	65	68	69	0.419052	2.44
2080	66	65	69	70	0.154546	1.67
2081	66	65	70	71	0.08163	2.42
2082	66	65	71	72	0.040063	1.92
2083	67	66	68	69	1.658323	2.1
2084	67	66	69	70	0.401105	1.4
2085	67	66	70	71	0.171052	2.25
2086	67	66	71	72	0.07344	1.59
