2502
1	2	1	3	4	1.929685	0.9
2	2	1	4	5	0.276235	1.72
3	2	1	5	6	0.084491	4.43
4	2	1	6	7	0.043841	1.74
5	2	1	7	8	0.027393	3.17
6	2	1	8	9	0.017297	1.89
7	2	1	9	10	0.012592	3.22
8	2	1	10	11	0.009186	2.34
9	3	2	4	5	1.242703	1.97
10	3	2	5	6	0.214487	4.92
11	3	2	6	7	0.078369	1.3
12	3	2	7	8	0.04016	3.0
13	3	2	8	9	0.022703	1.72
14	3	2	9	10	0.015305	2.76
15	3	2	10	11	0.010624	2.7
16	3	2	11	12	0.007926	1.59
17	3	1	5	7	0.421116	3.84
18	3	1	7	9	0.107628	2.64
19	3	1	9	11	0.047764	3.01
20	3	1	11	13	0.02539	2.85
21	3	1	13	15	0.013747	4.81
22	3	1	15	17	0.009343	4.06
23	3	1	17	19	0.006779	4.88
24	3	1	19	21	0.005036	5.47
25	4	3	5	6	1.506624	5.76
26	4	3	6	7	0.290465	1.33
27	4	3	7	8	0.103877	2.83
28	4	3	8	9	0.048962	1.59
29	4	3	9	10	0.029331	2.79
30	4	3	10	11	0.01902	2.25
31	4	3	11	12	0.013592	2.01
32	4	3	12	13	0.008931	4.19
33	4	2	6	8	0.512637	1.69
34	4	2	8	10	0.116344	1.98
35	4	2	10	12	0.051212	1.92
36	4	2	12	14	0.026292	4.09
37	4	2	14	16	0.012463	3.39
38	4	2	16	18	0.01044	1.98
39	4	2	18	20	0.007358	2.27
40	4	2	20	22	0.005077	3.33
41	4	1	7	10	0.317639	2.5
42	4	1	10	13	0.086809	2.47
43	4	1	13	16	0.033529	3.85
44	4	1	16	19	0.019967	2.06
45	4	1	19	22	0.012172	2.82
46	4	1	22	25	0.007608	2.71
47	4	1	25	28	0.006132	4.8
48	4	1	28	31	0.004003	5.83
49	5	4	6	7	1.787672	-0.09
50	5	4	7	8	0.308528	2.66
51	5	4	8	9	0.097784	0.8
52	5	4	9	10	0.047088	2.29
53	5	4	10	11	0.027233	1.68
54	5	4	11	12	0.017616	1.84
55	5	4	12	13	0.010956	3.66
56	5	4	13	14	0.008665	5.01
57	5	3	7	9	0.558674	2.28
58	5	3	9	11	0.122659	2.27
59	5	3	11	13	0.051101	2.47
60	5	3	13	15	0.024353	3.81
61	5	3	15	17	0.015037	3.58
62	5	3	17	19	0.010363	2.58
63	5	3	19	21	0.007433	2.17
64	5	3	21	23	0.005313	1.91
65	5	2	8	11	0.317965	1.67
66	5	2	11	14	0.085149	3.18
67	5	2	14	17	0.030545	2.49
68	5	2	17	20	0.01947	2.52
69	5	2	20	23	0.011422	1.58
70	5	2	23	26	0.007674	1.84
71	5	2	26	29	0.005846	2.88
72	5	2	29	32	0.003623	6.33
73	5	1	9	13	0.246917	2.35
74	5	1	13	17	0.062564	3.38
75	5	1	17	21	0.029653	2.55
76	5	1	21	25	0.015672	2.46
77	5	1	25	29	0.010687	4.29
78	5	1	29	33	0.005751	5.61
79	5	1	33	37	0.003778	8.21
80	5	1	37	41	0.00267	10.05
81	6	5	7	8	1.512735	2.83
82	6	5	8	9	0.255652	0.51
83	6	5	9	10	0.085501	2.11
84	6	5	10	11	0.041169	2.06
85	6	5	11	12	0.024006	1.58
86	6	5	12	13	0.013962	3.41
87	6	5	13	14	0.010498	5.16
88	6	5	14	15	0.005011	-0.69
89	6	4	8	10	0.485964	0.99
90	6	4	10	12	0.110073	1.68
91	6	4	12	14	0.044285	2.01
92	6	4	14	16	0.018284	3.97
93	6	4	16	18	0.014042	3.62
94	6	4	18	20	0.009463	2.85
95	6	4	20	22	0.006294	7.47
96	6	4	22	24	0.004518	10.12
97	6	3	9	12	0.304573	2.01
98	6	3	12	15	0.073975	3.42
99	6	3	15	18	0.032933	1.3
100	6	3	18	21	0.018726	2.98
101	6	3	21	24	0.011279	2.98
102	6	3	24	27	0.007905	5.62
103	6	3	27	30	0.005758	9.68
104	6	3	30	33	0.003409	11.83
105	6	2	10	14	0.231736	2.56
106	6	2	14	18	0.055283	2.66
107	6	2	18	22	0.028163	2.67
108	6	2	22	26	0.015105	2.29
109	6	2	26	30	0.009976	3.18
110	6	2	30	34	0.005384	5.42
111	6	2	34	38	0.003612	4.8
112	6	2	38	42	0.002386	15.18
113	6	1	11	16	0.185558	2.91
114	6	1	16	21	0.055425	2.29
115	6	1	21	26	0.024482	2.55
116	6	1	26	31	0.014089	4.74
117	6	1	31	36	0.006709	7.71
118	6	1	36	41	0.004343	7.7
119	6	1	46	51	0.002099	29.94
120	7	6	8	9	1.790351	-0.12
121	7	6	9	10	0.305424	1.59
122	7	6	10	11	0.105778	2.35
123	7	6	11	12	0.050003	-1.08
124	7	6	12	13	0.026095	3.12
125	7	6	13	14	0.0183	5.45
126	7	6	14	15	0.008477	1.58
127	7	6	15	16	0.007153	4.06
128	7	5	9	11	0.538003	1.59
129	7	5	11	13	0.113933	1.06
130	7	5	13	15	0.042785	4.4
131	7	5	15	17	0.022244	5.15
132	7	5	17	19	0.01412	2.81
133	7	5	19	21	0.00958	3.44
134	7	5	21	23	0.006561	3.6
135	7	5	23	25	0.004541	5.46
136	7	4	10	13	0.316779	1.65
137	7	4	13	16	0.071466	3.71
138	7	4	16	19	0.033639	1.81
139	7	4	19	22	0.018431	1.95
140	7	4	22	25	0.010655	0.95
141	7	4	25	28	0.008164	2.86
142	7	4	28	31	0.005166	2.54
143	7	4	31	34	0.003089	4.14
144	7	3	11	15	0.232165	2.5
145	7	3	15	19	0.061869	2.52
146	7	3	19	23	0.028963	2.47
147	7	3	23	27	0.015701	3.0
148	7	3	27	31	0.01016	4.5
149	7	3	31	35	0.005274	5.03
150	7	3	35	39	0.003793	-0.98
151	7	3	39	43	0.002175	19.61
152	7	2	12	17	0.181341	3.33
153	7	2	17	22	0.054984	2.46
154	7	2	22	27	0.024505	2.06
155	7	2	27	32	0.013568	4.91
156	7	2	32	37	0.006755	4.23
157	7	2	37	42	0.004246	8.07
158	7	2	42	47	0.002681	22.98
159	7	2	47	52	0.002085	25.45
160	7	1	13	19	0.158594	3.25
161	7	1	19	25	0.048947	2.55
162	7	1	25	31	0.023478	3.3
163	7	1	31	37	0.009789	4.51
164	7	1	37	43	0.005596	9.45
165	7	1	43	49	0.003571	20.55
166	7	1	49	55	0.002778	20.98
167	7	1	55	61	0.001798	16.98
168	8	7	9	10	1.521327	1.52
169	8	7	10	11	0.29333	1.09
170	8	7	11	12	0.10311	0.98
171	8	7	12	13	0.045997	2.67
172	8	7	13	14	0.02928	4.94
173	8	7	14	15	0.012554	4.06
174	8	7	15	16	0.010315	3.96
175	8	7	16	17	0.008683	3.97
176	8	6	10	12	0.552262	1.11
177	8	6	12	14	0.119807	3.46
178	8	6	14	16	0.03857	2.27
179	8	6	16	18	0.025938	2.1
180	8	6	18	20	0.016134	2.73
181	8	6	20	22	0.010117	2.97
182	8	6	22	24	0.00699	1.22
183	8	5	11	14	0.321621	2.17
184	8	5	14	17	0.067475	2.44
185	8	5	17	20	0.035203	2.55
186	8	5	20	23	0.018427	2.64
187	8	5	23	26	0.011482	4.08
188	8	5	26	29	0.008332	2.98
189	8	5	29	32	0.00497	4.79
190	8	5	32	35	0.003319	7.71
191	8	4	12	16	0.22072	3.46
192	8	4	16	20	0.065595	2.54
193	8	4	20	24	0.027926	2.86
194	8	4	24	28	0.016683	3.97
195	8	4	28	32	0.009178	4.71
196	8	4	32	36	0.005365	10.65
197	8	4	36	40	0.003821	9.21
198	8	4	40	44	0.002029	12.06
199	8	3	13	18	0.184896	3.27
200	8	3	18	23	0.056925	1.67
201	8	3	23	28	0.026298	1.36
202	8	3	38	43	0.004181	17.97
203	8	2	14	20	0.152619	3.1
204	8	2	20	26	0.049018	4.06
205	8	2	26	32	0.022794	8.1
206	8	1	15	22	0.1488	2.58
207	8	1	22	29	0.046397	2.7
208	8	1	29	36	0.018123	12.86
209	8	1	43	50	0.004916	18.55
210	8	1	50	57	0.003736	23.22
211	8	1	57	64	0.002108	18.33
212	8	1	64	71	0.001444	24.13
213	9	8	10	11	1.5849	0.93
214	9	8	11	12	0.287998	0.85
215	9	8	12	13	0.092845	2.5
216	9	8	13	14	0.050198	4.68
217	9	8	14	15	0.019485	2.1
218	9	8	15	16	0.014476	3.85
219	9	8	16	17	0.011572	1.75
220	9	8	17	18	0.008145	3.13
221	9	7	11	13	0.529758	1.35
222	9	7	13	15	0.111599	4.0
223	9	7	15	17	0.045118	2.7
224	9	7	17	19	0.025652	2.81
225	9	7	19	21	0.016225	2.44
226	9	7	21	23	0.010505	2.35
227	9	7	23	25	0.007003	3.46
228	9	7	25	27	0.005816	7.71
229	9	6	12	15	0.303297	3.24
230	9	6	15	18	0.077721	2.49
231	9	6	18	21	0.036736	2.22
232	9	6	21	24	0.019485	2.59
233	9	6	24	27	0.012545	3.5
234	9	6	27	30	0.008784	2.94
235	9	6	30	33	0.004875	3.74
236	9	6	33	36	0.003598	7.21
237	9	5	13	17	0.221328	3.53
238	9	5	17	21	0.06566	2.21
239	9	5	21	25	0.028676	2.34
240	9	5	25	29	0.017559	3.19
241	9	5	29	33	0.008834	3.58
242	9	5	33	37	0.005508	4.53
243	9	5	37	41	0.003795	6.29
244	9	4	14	19	0.170337	2.55
245	9	4	19	24	0.056608	2.22
246	9	4	24	29	0.026892	3.65
247	9	4	29	34	0.012513	5.26
248	9	4	34	39	0.007207	5.7
249	9	4	49	54	0.00241	17.22
250	9	3	15	21	0.165905	2.56
251	9	3	21	27	0.051052	2.27
252	9	3	27	33	0.022736	3.76
253	9	3	33	39	0.01086	4.17
254	9	3	39	45	0.005289	16.2
255	9	3	45	51	0.003853	17.88
256	9	3	51	57	0.002942	20.85
257	9	3	57	63	0.001771	21.72
258	9	2	16	23	0.153874	2.39
259	9	2	23	30	0.047053	3.1
260	9	2	30	37	0.017442	4.09
261	9	2	37	44	0.008541	12.3
262	9	2	58	65	0.002085	18.32
263	9	2	65	72	0.001452	18.54
264	9	1	17	25	0.139626	2.44
265	9	1	25	33	0.042915	3.54
266	9	1	33	41	0.015802	5.25
267	9	1	41	49	0.007314	21.72
268	9	1	49	57	0.005031	11.76
269	9	1	57	65	0.002805	21.55
270	10	9	11	12	2.081875	0.84
271	10	9	12	13	0.310469	2.46
272	10	9	13	14	0.117301	4.5
273	10	9	14	15	0.037053	2.67
274	10	9	15	16	0.024445	2.69
275	10	9	16	17	0.018316	1.52
276	10	9	17	18	0.012279	1.32
277	10	9	18	19	0.009048	2.03
278	10	8	12	14	0.570798	3.07
279	10	8	14	16	0.095544	2.61
280	10	8	16	18	0.050387	2.19
281	10	8	18	20	0.028065	1.65
282	10	8	20	22	0.016245	2.27
283	10	8	22	24	0.010598	2.01
284	10	8	24	26	0.00792	2.07
285	10	8	26	28	0.006338	2.64
286	10	7	13	16	0.315153	3.9
287	10	7	16	19	0.085698	2.29
288	10	7	19	22	0.038893	2.03
289	10	7	22	25	0.020015	1.84
290	10	7	25	28	0.01425	2.23
291	10	7	28	31	0.008566	3.69
292	10	7	31	34	0.004961	3.87
293	10	7	34	37	0.003569	1.65
294	10	6	14	18	0.210369	2.54
295	10	6	18	22	0.070601	2.07
296	10	6	22	26	0.031013	1.72
297	10	6	26	30	0.018403	2.96
298	10	6	30	34	0.00923	3.71
299	10	6	34	38	0.005787	-0.03
300	10	6	38	42	0.003761	11.65
301	10	5	15	20	0.193831	2.47
302	10	5	20	25	0.057151	2.19
303	10	5	25	30	0.028643	3.36
304	10	5	30	35	0.012585	4.28
305	10	5	35	40	0.007479	3.5
306	10	5	40	45	0.003942	17.22
307	10	5	45	50	0.003084	17.28
308	10	5	50	55	0.002687	19.29
309	10	4	16	22	0.17653	2.34
310	10	4	22	28	0.053148	2.52
311	10	4	28	34	0.021822	4.28
312	10	4	34	40	0.010767	2.82
313	10	4	40	46	0.005243	18.55
314	10	4	46	52	0.004123	20.54
315	10	4	52	58	0.003054	22.29
316	10	4	58	64	0.001769	20.19
317	10	3	17	24	0.15835	2.34
318	10	3	24	31	0.049787	3.27
319	10	3	31	38	0.017746	4.71
320	10	3	38	45	0.008649	12.64
321	10	3	45	52	0.005498	19.35
322	10	3	52	59	0.003891	20.66
323	10	3	59	66	0.002144	16.34
324	10	2	18	26	0.144749	1.68
325	10	2	26	34	0.042936	1.48
326	10	2	34	42	0.01551	1.27
327	10	1	19	28	0.136326	2.54
328	10	1	28	37	0.036099	3.93
329	10	1	37	46	0.013575	12.09
330	10	1	46	55	0.0081	19.16
331	10	1	55	64	0.004146	19.27
332	11	10	12	13	1.507714	3.38
333	11	10	13	14	0.304687	4.21
334	11	10	14	15	0.068057	3.24
335	11	10	15	16	0.03815	3.46
336	11	10	16	17	0.026262	2.17
337	11	10	17	18	0.016632	3.13
338	11	10	18	19	0.011734	1.78
339	11	10	19	20	0.009329	2.67
340	11	9	13	15	0.526946	4.05
341	11	9	15	17	0.10724	2.81
342	11	9	17	19	0.049763	2.42
343	11	9	19	21	0.028088	2.56
344	11	9	21	23	0.016873	2.01
345	11	9	23	25	0.010692	2.94
346	11	9	25	27	0.008552	3.19
347	11	9	27	29	0.006542	4.57
348	11	8	14	17	0.257909	2.83
349	11	8	17	20	0.086238	2.28
350	11	8	20	23	0.037602	1.83
351	11	8	23	26	0.02092	2.37
352	11	8	26	29	0.014218	3.31
353	11	8	29	32	0.008092	3.88
354	11	8	32	35	0.005215	4.62
355	11	8	35	38	0.003677	5.87
356	11	7	15	19	0.227702	2.62
357	11	7	19	23	0.071735	2.07
358	11	7	23	27	0.032123	2.76
359	11	7	27	31	0.018791	3.85
360	11	7	31	35	0.00905	3.97
361	11	7	35	39	0.006144	2.78
362	11	7	39	43	0.003533	14.0
363	11	7	43	47	0.002809	18.62
364	11	6	16	21	0.20487	2.25
365	11	6	21	26	0.060748	2.19
366	11	6	26	31	0.029315	3.48
367	11	6	31	36	0.012591	5.13
368	11	6	36	41	0.007652	4.02
369	11	6	41	46	0.004242	16.83
370	11	6	46	51	0.003495	20.45
371	11	6	51	56	0.002748	23.17
372	11	5	17	23	0.177405	2.33
373	11	5	23	29	0.054982	2.59
374	11	5	29	35	0.021647	3.99
375	11	5	35	41	0.010784	5.12
376	11	5	41	47	0.005755	16.2
377	11	5	47	53	0.00434	18.12
378	11	5	53	59	0.003036	14.31
379	11	5	59	65	0.001806	18.78
380	11	4	18	25	0.159155	2.35
381	11	4	25	32	0.050133	3.97
382	11	4	32	39	0.018425	5.69
383	11	4	39	46	0.008302	9.15
384	11	4	46	53	0.005963	11.85
385	11	3	19	27	0.148479	2.28
386	11	3	27	35	0.043303	3.36
387	11	3	35	43	0.015669	7.53
388	11	3	43	51	0.008341	20.5
389	11	3	51	59	0.005519	22.59
390	11	3	59	67	0.002898	21.03
391	11	2	20	29	0.135951	2.56
392	11	2	29	38	0.035862	3.71
393	11	2	38	47	0.013692	13.7
394	11	2	47	56	0.008122	20.55
395	11	2	56	65	0.00424	19.98
396	11	1	21	31	0.128549	1.88
397	11	1	31	41	0.031294	-0.18
398	11	1	41	51	0.012514	37.06
399	12	11	13	14	1.931206	3.34
400	12	11	14	15	0.209397	3.44
401	12	11	15	16	0.077516	3.88
402	12	11	16	17	0.044411	2.46
403	12	11	17	18	0.02563	2.58
404	12	11	18	19	0.017232	1.94
405	12	11	19	20	0.013181	1.52
406	12	11	20	21	0.008473	2.66
407	12	10	14	16	0.393099	3.48
408	12	10	16	18	0.113023	2.49
409	12	10	18	20	0.051511	2.29
410	12	10	20	22	0.026832	2.23
411	12	10	22	24	0.016319	2.28
412	12	10	24	26	0.011565	2.4
413	12	10	26	28	0.008913	3.68
414	12	10	28	30	0.00596	5.07
415	12	9	15	18	0.283755	2.97
416	12	9	18	21	0.087889	2.08
417	12	9	21	24	0.038769	1.97
418	12	9	24	27	0.022329	2.67
419	12	9	27	30	0.014617	3.34
420	12	9	30	33	0.007752	3.96
421	12	9	33	36	0.00549	2.69
422	12	9	36	39	0.004015	3.68
423	12	8	16	20	0.242969	2.35
424	12	8	20	24	0.070063	2.13
425	12	8	24	28	0.034809	2.71
426	12	8	28	32	0.017384	4.12
427	12	8	32	36	0.009421	3.78
428	12	8	36	40	0.00631	2.73
429	12	8	40	44	0.003464	11.27
430	12	8	44	48	0.002925	13.41
431	12	7	17	22	0.206522	2.25
432	12	7	22	27	0.062278	2.22
433	12	7	27	32	0.02914	3.74
434	12	7	32	37	0.013004	2.33
435	12	7	37	42	0.00773	7.19
436	12	7	42	47	0.00483	17.19
437	12	7	47	52	0.003629	18.23
438	12	7	52	57	0.002891	18.33
439	12	6	18	24	0.182864	2.07
440	12	6	24	30	0.058371	2.52
441	12	6	30	36	0.021772	3.71
442	12	6	36	42	0.011006	6.2
443	12	6	42	48	0.006238	19.8
444	12	6	48	54	0.004866	20.7
445	12	5	19	26	0.164492	2.13
446	12	5	26	33	0.049815	3.34
447	12	5	33	40	0.019345	3.78
448	12	5	40	47	0.008514	19.04
449	12	5	47	54	0.006196	19.82
450	12	5	54	61	0.003788	19.93
451	12	5	61	68	0.002092	23.94
452	12	4	20	28	0.149398	2.44
453	12	4	28	36	0.041381	3.99
454	12	4	36	44	0.01576	8.14
455	12	4	44	52	0.008686	17.85
456	12	3	21	30	0.141223	2.28
457	12	3	30	39	0.036331	0.98
458	12	3	39	48	0.013641	24.12
459	12	3	48	57	0.008664	29.25
460	12	2	22	32	0.129502	2.85
461	12	2	32	42	0.031854	4.32
462	12	2	42	52	0.013169	18.96
463	12	2	52	62	0.007645	18.51
464	12	2	62	72	0.003601	16.96
465	12	1	23	34	0.12068	3.53
466	12	1	34	45	0.028642	7.86
467	12	1	45	56	0.013171	18.39
468	12	1	56	67	0.006126	19.39
469	13	12	14	15	1.15406	1.01
470	13	12	15	16	0.193645	3.71
471	13	12	16	17	0.075956	2.66
472	13	12	17	18	0.037287	3.15
473	13	12	18	19	0.023173	2.76
474	13	12	19	20	0.016781	2.66
475	13	12	20	21	0.010386	2.22
476	13	12	21	22	0.008088	2.47
477	13	11	15	17	0.391399	3.42
478	13	11	17	19	0.1034	2.82
479	13	11	19	21	0.048887	2.28
480	13	11	21	23	0.02619	2.33
481	13	11	23	25	0.015351	2.04
482	13	11	25	27	0.011717	3.24
483	13	11	27	29	0.008649	1.77
484	13	11	29	31	0.005618	5.1
485	13	10	16	19	0.278347	2.67
486	13	10	19	22	0.084664	2.37
487	13	10	22	25	0.036306	2.21
488	13	10	25	28	0.023285	3.1
489	13	10	28	31	0.013096	3.57
490	13	10	31	34	0.007203	4.91
491	13	10	34	37	0.004992	-0.55
492	13	10	37	40	0.004029	2.79
493	13	9	17	21	0.230077	2.56
494	13	9	21	25	0.069149	2.17
495	13	9	25	29	0.035509	3.1
496	13	9	29	33	0.016235	4.02
497	13	9	33	37	0.009407	4.26
498	13	9	37	41	0.006219	4.09
499	13	9	41	45	0.003637	17.27
500	13	9	45	49	0.003047	14.13
501	13	8	18	23	0.202257	2.27
502	13	8	23	28	0.063421	2.75
503	13	8	28	33	0.026441	3.99
504	13	8	33	38	0.013323	3.94
505	13	8	38	43	0.007316	8.76
506	13	8	43	48	0.004874	17.37
507	13	8	48	53	0.003828	19.46
508	13	8	53	58	0.002746	18.57
509	13	7	19	25	0.179836	2.23
510	13	7	25	31	0.059252	3.19
511	13	7	31	37	0.020759	3.94
512	13	7	37	43	0.010938	8.25
513	13	7	43	49	0.006645	19.65
514	13	7	49	55	0.004899	22.47
515	13	7	55	61	0.003028	23.94
516	13	7	61	67	0.001777	24.27
517	13	6	20	27	0.160736	2.49
518	13	6	27	34	0.049605	3.74
519	13	6	34	41	0.018794	4.06
520	13	6	41	48	0.008981	16.2
521	13	6	48	55	0.006644	18.79
522	13	6	55	62	0.003787	18.36
523	13	6	62	69	0.002176	20.73
524	13	5	21	29	0.150799	2.69
525	13	5	29	37	0.040042	3.71
526	13	5	37	45	0.015993	9.68
527	13	5	45	53	0.009068	17.33
528	13	5	53	61	0.005573	20.07
529	13	5	61	69	0.00279	17.5
530	13	4	22	31	0.139504	2.92
531	13	4	31	40	0.035206	3.13
532	13	4	40	49	0.013626	17.25
533	13	4	49	58	0.008535	19.68
534	13	4	58	67	0.004244	18.6
535	13	3	23	33	0.129029	3.09
536	13	3	33	43	0.0321	5.37
537	13	3	43	53	0.013952	20.33
538	13	3	53	63	0.007412	21.2
539	13	2	24	35	0.12093	3.48
540	13	2	35	46	0.028361	8.32
541	13	2	46	57	0.013642	17.88
542	13	2	57	68	0.006103	19.11
543	14	13	15	16	1.275618	2.61
544	14	13	16	17	0.216452	1.89
545	14	13	17	18	0.076964	2.78
546	14	13	18	19	0.04153	2.52
547	14	13	19	20	0.027679	2.5
548	14	13	20	21	0.016206	3.09
549	14	13	21	22	0.012202	3.57
550	14	13	22	23	0.008672	3.63
551	14	12	16	18	0.406501	2.35
552	14	12	18	20	0.109184	2.7
553	14	12	20	22	0.046927	3.12
554	14	12	22	24	0.025482	2.91
555	14	12	24	26	0.016787	2.82
556	14	12	26	28	0.012298	3.65
557	14	12	28	30	0.007924	3.6
558	14	12	30	32	0.005137	4.09
559	14	11	17	20	0.279423	2.71
560	14	11	20	23	0.082202	2.58
561	14	11	23	26	0.038013	2.66
562	14	11	26	29	0.023339	3.25
563	14	11	29	32	0.012403	4.11
564	14	11	32	35	0.007568	2.44
565	14	11	35	38	0.005168	2.88
566	14	11	38	41	0.003776	7.89
567	14	10	18	22	0.23442	2.5
568	14	10	22	26	0.070205	2.55
569	14	10	26	30	0.035174	3.46
570	14	10	30	34	0.015921	4.08
571	14	10	34	38	0.009362	3.29
572	14	10	38	42	0.005852	7.19
573	14	10	42	46	0.003828	15.39
574	14	10	46	50	0.003121	18.98
575	14	9	19	24	0.205444	2.43
576	14	9	24	29	0.066579	2.91
577	14	9	29	34	0.026308	4.41
578	14	9	34	39	0.013602	2.06
579	14	9	39	44	0.007014	13.02
580	14	9	44	49	0.005273	16.42
581	14	9	49	54	0.004024	18.66
582	14	9	54	59	0.002663	17.41
583	14	8	20	26	0.178794	2.5
584	14	8	26	32	0.058079	4.04
585	14	8	32	38	0.021704	4.43
586	14	8	38	44	0.010749	10.53
587	14	8	44	50	0.006789	16.68
588	14	8	50	56	0.005161	17.34
589	14	8	56	62	0.00309	17.96
590	14	8	62	68	0.001808	12.51
591	14	7	21	28	0.168239	2.67
592	14	7	28	35	0.047565	3.9
593	14	7	35	42	0.018736	6.17
594	14	7	42	49	0.009805	17.16
595	14	7	49	56	0.006686	17.34
596	14	7	56	63	0.003807	17.98
597	14	7	63	70	0.002343	23.31
598	14	6	22	30	0.154796	2.79
599	14	6	30	38	0.040328	4.0
600	14	6	38	46	0.016009	12.48
601	14	6	46	54	0.009946	19.29
602	14	6	54	62	0.005492	19.27
603	14	6	62	70	0.002914	18.87
604	14	5	23	32	0.141774	3.3
605	14	5	32	41	0.035918	4.19
606	14	5	41	50	0.014224	17.98
607	14	5	50	59	0.00907	20.05
608	14	5	59	68	0.004313	19.16
609	14	4	24	34	0.132234	3.6
610	14	4	34	44	0.031707	6.33
611	14	4	44	54	0.01476	17.25
612	14	4	54	64	0.007185	18.87
613	14	3	25	36	0.124152	3.69
614	14	3	36	47	0.029331	10.65
615	14	3	47	58	0.013933	21.62
616	14	3	58	69	0.006148	23.05
617	15	14	16	17	0.907942	1.71
618	15	14	17	18	0.137101	2.16
619	15	14	18	19	0.055189	1.62
620	15	14	19	20	0.031697	1.77
621	15	14	20	21	0.016939	2.21
622	15	14	21	22	0.011967	1.54
623	15	14	22	23	0.008219	0.61
624	15	14	23	24	0.005735	1.98
625	15	13	17	19	0.31073	2.33
626	15	13	19	21	0.092571	2.27
627	15	13	21	23	0.041119	2.69
628	15	13	23	25	0.021688	2.71
629	15	13	25	27	0.015446	3.07
630	15	13	27	29	0.010883	2.79
631	15	13	29	31	0.006849	4.11
632	15	13	31	33	0.00399	5.34
633	15	12	18	21	0.239614	2.29
634	15	12	21	24	0.071802	2.43
635	15	12	24	27	0.034758	3.39
636	15	12	27	30	0.02061	3.58
637	15	12	30	33	0.0102	4.54
638	15	12	33	36	0.006853	4.51
639	15	12	36	39	0.004849	-0.24
640	15	11	19	23	0.208707	2.31
641	15	11	23	27	0.064252	2.75
642	15	11	27	31	0.032064	2.97
643	15	11	31	35	0.013894	3.3
644	15	11	35	39	0.008779	0.54
645	15	11	43	47	0.003826	22.16
646	15	11	47	51	0.002905	23.59
647	15	10	20	25	0.177586	2.42
648	15	10	25	30	0.062814	3.17
649	15	10	30	35	0.023442	4.04
650	15	10	35	40	0.012585	4.17
651	15	10	40	45	0.00647	18.39
652	15	10	45	50	0.004841	16.83
653	15	10	50	55	0.00405	21.18
654	15	9	21	27	0.167663	2.54
655	15	9	27	33	0.053227	3.18
656	15	9	33	39	0.021253	2.92
657	15	9	39	45	0.009809	14.7
658	15	9	45	51	0.006727	18.06
659	15	9	51	57	0.004888	21.78
660	15	9	57	63	0.002823	19.63
661	15	9	63	69	0.00184	25.77
662	15	8	22	29	0.157008	2.81
663	15	8	29	36	0.043532	4.56
664	15	8	36	43	0.017637	7.79
665	15	8	43	50	0.009524	13.46
666	15	8	50	57	0.006708	15.51
667	15	8	57	64	0.00356	18.11
668	15	8	64	71	0.002323	18.24
669	15	7	23	31	0.147222	2.67
670	15	7	31	39	0.038042	0.43
671	15	7	39	47	0.015053	23.96
672	15	7	47	55	0.009578	31.01
673	15	6	24	33	0.13656	3.21
674	15	6	33	42	0.034823	4.62
675	15	6	42	51	0.014697	18.81
676	15	5	25	35	0.127427	3.0
677	15	5	35	45	0.030612	7.98
678	15	5	45	55	0.014774	27.48
679	15	4	26	37	0.115464	3.62
680	15	4	37	48	0.028411	11.12
681	15	4	48	59	0.013788	17.59
682	15	4	59	70	0.005923	16.71
683	16	15	17	18	1.031073	3.38
684	16	15	18	19	0.170724	1.64
685	16	15	19	20	0.071713	1.77
686	16	15	20	21	0.033174	2.13
687	16	15	21	22	0.021571	2.44
688	16	15	22	23	0.014067	2.16
689	16	15	23	24	0.00935	1.32
690	16	15	24	25	0.007138	4.95
691	16	14	18	20	0.330145	1.69
692	16	14	20	22	0.08389	2.03
693	16	14	22	24	0.037492	1.64
694	16	14	24	26	0.022158	1.74
695	16	14	26	28	0.015105	2.19
696	16	14	28	30	0.009244	0.09
697	16	14	30	32	0.005743	2.9
698	16	14	32	34	0.004024	4.32
699	16	13	19	22	0.24386	2.16
700	16	13	22	25	0.069432	2.11
701	16	13	25	28	0.037344	3.06
702	16	13	28	31	0.018949	2.9
703	16	13	31	34	0.009676	4.28
704	16	13	34	37	0.00635	2.75
705	16	13	37	40	0.004927	2.79
706	16	13	40	43	0.002734	13.34
707	16	12	20	24	0.193941	2.44
708	16	12	24	28	0.066541	2.78
709	16	12	28	32	0.028167	3.82
710	16	12	32	36	0.01367	2.44
711	16	12	36	40	0.008594	3.03
712	16	12	40	44	0.004594	14.82
713	16	12	44	48	0.003746	19.82
714	16	12	48	52	0.002938	24.2
715	16	11	21	26	0.178516	2.4
716	16	11	26	31	0.060702	3.04
717	16	11	31	36	0.021868	4.12
718	16	11	36	41	0.012106	4.79
719	16	11	41	46	0.006491	17.91
720	16	11	46	51	0.005065	18.3
721	16	11	51	56	0.003828	21.78
722	16	11	56	61	0.002469	18.29
723	16	10	22	28	0.16634	2.69
724	16	10	28	34	0.049067	3.68
725	16	10	34	40	0.02034	3.62
726	16	10	40	46	0.00932	15.5
727	16	10	46	52	0.006879	17.29
728	16	10	52	58	0.004793	17.05
729	16	10	58	64	0.002649	23.13
730	16	10	64	70	0.001789	23.76
731	16	9	23	30	0.156414	2.83
732	16	9	30	37	0.041533	2.73
733	16	9	37	44	0.017571	9.04
734	16	9	44	51	0.009905	21.41
735	16	9	51	58	0.006594	24.36
736	16	9	58	65	0.003495	25.02
737	16	8	24	32	0.146832	3.34
738	16	8	32	40	0.038119	3.75
739	16	8	40	48	0.014849	15.33
740	16	8	48	56	0.009792	17.48
741	16	8	56	64	0.00503	17.57
742	16	8	64	72	0.003031	14.07
743	16	7	25	34	0.137414	3.62
744	16	7	34	43	0.03369	4.92
745	16	7	43	52	0.015177	17.48
746	16	7	52	61	0.008848	18.5
747	16	7	61	70	0.004031	16.63
748	16	6	26	36	0.124404	3.76
749	16	6	36	46	0.030578	8.6
750	16	6	46	56	0.015174	20.19
751	16	6	56	66	0.006903	20.57
752	16	5	27	38	0.113648	3.54
753	16	5	38	49	0.028394	13.02
754	17	16	18	19	1.160375	1.97
755	17	16	19	20	0.203444	1.68
756	17	16	20	21	0.067953	2.29
757	17	16	21	22	0.038515	2.07
758	17	16	22	23	0.023111	1.98
759	17	16	23	24	0.014593	1.26
760	17	16	24	25	0.0108	2.73
761	17	16	25	26	0.00928	1.92
762	17	15	19	21	0.377009	1.81
763	17	15	21	23	0.097595	1.94
764	17	15	23	25	0.042099	2.1
765	17	15	25	27	0.027179	2.88
766	17	15	27	29	0.017857	3.06
767	17	15	29	31	0.010607	3.46
768	17	15	31	33	0.005914	3.71
769	17	15	33	35	0.004955	4.26
770	17	14	20	23	0.236004	2.08
771	17	14	23	26	0.072201	2.25
772	17	14	26	29	0.037439	3.0
773	17	14	29	32	0.017858	4.33
774	17	14	32	35	0.010054	3.48
775	17	14	35	38	0.00655	5.91
776	17	14	38	41	0.004604	2.71
777	17	14	41	44	0.002834	9.88
778	17	13	21	25	0.202409	2.11
779	17	13	25	29	0.071458	2.43
780	17	13	29	33	0.027381	2.44
781	17	13	33	37	0.014175	0.89
782	17	13	37	41	0.008794	3.27
783	17	12	22	27	0.180801	2.5
784	17	12	27	32	0.059889	3.13
785	17	12	32	37	0.022233	2.71
786	17	12	37	42	0.012047	6.25
787	17	12	42	47	0.00704	16.58
788	17	12	47	52	0.00503	15.43
789	17	12	52	57	0.003841	19.34
790	17	12	57	62	0.002403	20.71
791	17	11	23	29	0.170909	2.71
792	17	11	29	35	0.047956	3.41
793	17	11	35	41	0.020113	3.69
794	17	11	41	47	0.010059	14.84
795	17	11	47	53	0.007046	16.95
796	17	11	53	59	0.004674	19.25
797	17	11	59	65	0.002665	14.43
798	17	11	65	71	0.001882	17.5
799	17	10	24	31	0.162403	3.13
800	17	10	31	38	0.040692	3.6
801	17	10	38	45	0.017321	9.72
802	17	10	45	52	0.010138	14.38
803	17	10	52	59	0.006608	16.35
804	17	10	59	66	0.003429	16.35
805	17	9	25	33	0.150521	3.25
806	17	9	33	41	0.038749	3.65
807	17	9	41	49	0.015812	17.19
808	17	9	49	57	0.00985	18.66
809	17	9	57	65	0.005014	18.13
810	17	8	26	35	0.136253	3.45
811	17	8	35	44	0.033686	6.76
812	17	8	44	53	0.016032	17.23
813	17	8	53	62	0.008667	20.29
814	17	8	62	71	0.004175	22.11
815	17	7	27	37	0.124298	3.57
816	17	7	37	47	0.03166	9.64
817	17	7	47	57	0.015336	17.38
818	17	7	57	67	0.006964	17.96
819	17	6	28	39	0.110976	3.69
820	17	6	39	50	0.027974	15.16
821	17	6	50	61	0.014622	20.34
822	17	6	61	72	0.005937	22.75
823	18	17	19	20	1.134612	2.06
824	18	17	20	21	0.161387	2.19
825	18	17	21	22	0.067693	2.16
826	18	17	22	23	0.035573	1.68
827	18	17	23	24	0.020382	2.64
828	18	17	24	25	0.0145	2.35
829	18	17	25	26	0.01202	2.35
830	18	17	26	27	0.008433	5.22
831	18	16	20	22	0.335088	2.17
832	18	16	22	24	0.093567	2.01
833	18	16	24	26	0.046568	2.85
834	18	16	26	28	0.028847	3.63
835	18	16	28	30	0.016589	3.68
836	18	16	30	32	0.009837	7.17
837	18	16	32	34	0.006661	4.92
838	18	16	34	36	0.004719	8.55
839	18	15	21	24	0.2452	1.97
840	18	15	24	27	0.080248	2.5
841	18	15	27	30	0.040281	2.37
842	18	15	30	33	0.01779	2.82
843	18	15	33	36	0.011089	1.88
844	18	15	36	39	0.007452	-0.83
845	18	15	42	45	0.003386	16.62
846	18	14	22	26	0.200095	2.07
847	18	14	26	30	0.069991	2.91
848	18	14	30	34	0.026414	3.9
849	18	14	34	38	0.013822	2.4
850	18	14	38	42	0.008179	6.68
851	18	14	42	46	0.005184	14.21
852	18	14	46	50	0.00404	16.44
853	18	14	50	54	0.003475	17.5
854	18	13	23	28	0.186298	2.88
855	18	13	28	33	0.055395	4.21
856	18	13	33	38	0.023273	6.99
857	18	13	38	43	0.011603	5.9
858	18	13	53	58	0.003725	6.96
859	18	12	24	30	0.175871	2.76
860	18	12	30	36	0.045947	3.38
861	18	12	36	42	0.019707	5.28
862	18	12	42	48	0.010369	20.49
863	18	12	48	54	0.007498	22.26
864	18	11	25	32	0.164419	3.3
865	18	11	32	39	0.04187	3.44
866	18	11	39	46	0.016456	12.21
867	18	11	46	53	0.010683	15.25
868	18	10	26	34	0.147466	3.46
869	18	10	34	42	0.037241	4.41
870	18	10	42	50	0.016179	16.34
871	18	10	50	58	0.010285	17.54
872	18	10	58	66	0.004907	18.21
873	18	9	27	36	0.134684	3.42
874	18	9	36	45	0.034008	7.37
875	18	9	45	54	0.016682	16.35
876	18	9	54	63	0.008195	18.29
877	18	9	63	72	0.004369	18.91
878	18	8	28	38	0.118343	3.6
879	18	8	38	48	0.031169	11.64
880	18	8	48	58	0.015841	18.6
881	18	8	58	68	0.00687	18.27
882	19	18	20	21	0.842025	2.78
883	19	18	21	22	0.158155	1.95
884	19	18	22	23	0.060963	1.81
885	19	18	23	24	0.030685	2.22
886	19	18	24	25	0.020226	2.34
887	19	18	25	26	0.015937	2.42
888	19	18	26	27	0.010827	3.97
889	19	18	27	28	0.009405	2.62
890	19	17	21	23	0.32207	1.89
891	19	17	23	25	0.08575	2.06
892	19	17	25	27	0.047215	2.37
893	19	17	27	29	0.028274	2.0
894	19	17	29	31	0.01566	2.55
895	19	17	31	33	0.008316	2.66
896	19	17	33	35	0.006729	0.33
897	19	17	35	37	0.004426	-3.31
898	19	16	22	25	0.230554	1.95
899	19	16	25	28	0.086311	2.81
900	19	16	28	31	0.037273	2.82
901	19	16	31	34	0.017109	4.29
902	19	16	34	37	0.010447	1.8
903	19	16	37	40	0.007765	3.68
904	19	16	43	46	0.003509	18.06
905	19	15	23	27	0.20224	2.55
906	19	15	27	31	0.072508	2.46
907	19	15	31	35	0.026017	3.44
908	19	15	35	39	0.014828	3.25
909	19	15	39	43	0.007892	10.83
910	19	15	43	47	0.005901	17.7
911	19	15	47	51	0.004302	17.92
912	19	15	51	55	0.003624	19.62
913	19	14	24	29	0.189962	2.62
914	19	14	29	34	0.052995	3.58
915	19	14	34	39	0.02267	2.56
916	19	14	39	44	0.010861	10.94
917	19	14	44	49	0.007642	14.27
918	19	14	49	54	0.005539	14.96
919	19	14	54	59	0.003502	19.53
920	19	14	59	64	0.0022	17.79
921	19	13	25	31	0.180075	2.98
922	19	13	31	37	0.043759	3.42
923	19	13	37	43	0.019749	6.62
924	19	13	43	49	0.011058	14.43
925	19	13	49	55	0.007555	17.52
926	19	13	55	61	0.00444	14.07
927	19	13	61	67	0.002498	14.37
928	19	12	26	33	0.157666	3.42
929	19	12	33	40	0.042191	2.91
930	19	12	40	47	0.016616	15.11
931	19	12	47	54	0.010862	16.91
932	19	12	54	61	0.006176	16.79
933	19	12	61	68	0.003216	17.75
934	19	11	27	35	0.144438	3.66
935	19	11	35	43	0.036562	5.76
936	19	11	43	51	0.016894	9.35
937	19	11	51	59	0.010021	10.21
938	19	11	59	67	0.00483	9.96
939	19	10	28	37	0.125222	2.73
940	19	10	37	46	0.034059	9.71
941	19	10	46	55	0.017484	22.52
942	19	10	55	64	0.008007	24.45
943	19	9	29	39	0.115545	3.92
944	19	9	39	49	0.030783	11.93
945	19	9	49	59	0.015725	15.59
946	19	9	59	69	0.006811	14.68
947	20	19	21	22	1.235984	2.5
948	20	19	22	23	0.164483	1.52
949	20	19	23	24	0.06054	2.11
950	20	19	24	25	0.034326	2.15
951	20	19	25	26	0.024866	2.37
952	20	19	26	27	0.016075	3.15
953	20	19	27	28	0.01344	1.94
954	20	19	28	29	0.008568	3.85
955	20	18	22	24	0.316472	1.75
956	20	18	24	26	0.095408	2.5
957	20	18	26	28	0.049785	3.33
958	20	18	28	30	0.026002	3.24
959	20	18	30	32	0.014516	5.1
960	20	18	32	34	0.00931	5.07
961	20	18	34	36	0.0064	8.71
962	20	17	23	26	0.233395	2.29
963	20	17	26	29	0.085738	2.59
964	20	17	29	32	0.034996	3.54
965	20	17	32	35	0.017788	2.23
966	20	17	35	38	0.010804	0.96
967	20	17	38	41	0.007312	2.33
968	20	17	44	47	0.003837	22.41
969	20	16	24	28	0.220486	2.73
970	20	16	28	32	0.06697	3.01
971	20	16	32	36	0.027185	3.38
972	20	16	36	40	0.015478	5.47
973	20	16	40	44	0.00792	9.92
974	20	16	44	48	0.006153	12.5
975	20	16	48	52	0.004632	12.55
976	20	16	52	56	0.003684	11.79
977	20	15	25	30	0.204558	2.73
978	20	15	30	35	0.053365	3.58
979	20	15	35	40	0.023955	2.75
980	20	15	40	45	0.011358	12.48
981	20	15	45	50	0.007931	13.15
982	20	15	50	55	0.006295	15.6
983	20	14	26	32	0.175914	3.1
984	20	14	32	38	0.045183	1.81
985	20	14	38	44	0.019335	8.75
986	20	14	44	50	0.011203	16.84
987	20	14	50	56	0.007947	19.32
988	20	14	56	62	0.004483	19.23
989	20	14	62	68	0.002507	15.98
990	20	13	27	34	0.159042	3.71
991	20	13	34	41	0.041342	5.18
992	20	13	41	48	0.017435	6.04
993	20	13	48	55	0.011556	7.88
994	20	13	62	69	0.003271	7.2
995	20	12	28	36	0.136053	3.39
996	20	12	36	44	0.036794	5.99
997	20	12	44	52	0.017647	14.75
998	20	11	29	38	0.123141	3.87
999	20	11	38	47	0.034214	8.94
1000	20	11	47	56	0.017255	14.52
1001	20	11	56	65	0.008026	15.95
1002	20	10	30	40	0.113312	3.9
1003	20	10	40	50	0.030721	11.67
1004	21	20	22	23	0.790685	1.47
1005	21	20	23	24	0.126271	2.1
1006	21	20	24	25	0.054096	2.11
1007	21	20	25	26	0.034211	1.92
1008	21	20	26	27	0.020505	3.45
1009	21	20	27	28	0.016327	2.67
1010	21	20	28	29	0.010005	2.28
1011	21	20	29	30	0.007311	2.75
1012	21	19	23	25	0.275179	2.21
1013	21	19	25	27	0.09572	2.43
1014	21	19	27	29	0.048429	2.21
1015	21	19	29	31	0.024486	2.47
1016	21	19	31	33	0.012234	3.0
1017	21	19	33	35	0.009344	2.03
1018	21	19	35	37	0.005955	1.47
1019	21	19	37	39	0.005103	1.05
1020	21	18	24	27	0.231037	2.5
1021	21	18	27	30	0.082678	1.97
1022	21	18	30	33	0.031216	2.81
1023	21	18	33	36	0.01751	1.77
1024	21	18	36	39	0.010927	-1.02
1025	21	18	39	42	0.006379	11.1
1026	21	18	45	48	0.003721	20.48
1027	21	17	25	29	0.219622	2.49
1028	21	17	29	33	0.060792	3.15
1029	21	17	33	37	0.026539	2.83
1030	21	17	37	41	0.014945	3.48
1031	21	17	41	45	0.008175	12.72
1032	21	17	45	49	0.006263	12.3
1033	21	17	49	53	0.00464	18.54
1034	21	17	53	57	0.003438	16.23
1035	21	16	26	31	0.195787	2.29
1036	21	16	31	36	0.049509	0.42
1037	21	16	36	41	0.023272	-1.02
1038	21	15	27	33	0.171826	2.83
1039	21	15	33	39	0.047027	2.62
1040	21	15	39	45	0.018988	12.13
1041	21	15	45	51	0.011857	15.91
1042	21	15	51	57	0.008004	18.24
1043	21	15	57	63	0.004382	17.77
1044	21	15	63	69	0.00272	21.03
1045	21	14	28	35	0.144053	3.15
1046	21	14	35	42	0.0397	4.16
1047	21	14	42	49	0.018192	11.04
1048	21	14	49	56	0.011173	12.29
1049	21	14	56	63	0.005871	12.66
1050	21	14	63	70	0.003398	10.75
1051	21	13	29	37	0.128648	2.71
1052	21	13	37	45	0.03718	8.02
1053	21	13	45	53	0.018467	18.27
1054	21	13	53	61	0.010216	19.21
1055	21	13	61	69	0.004735	17.92
1056	21	12	30	39	0.118024	3.12
1057	21	12	39	48	0.032593	13.27
1058	21	12	48	57	0.01747	18.08
1059	21	12	57	66	0.007756	19.16
1060	21	11	31	41	0.106968	3.38
1061	21	11	41	51	0.031838	17.85
1062	21	11	51	61	0.016241	21.88
1063	21	11	61	71	0.006666	25.38
1064	22	21	23	24	0.780776	2.78
1065	22	21	24	25	0.145367	2.56
1066	22	21	25	26	0.068565	1.89
1067	22	21	26	27	0.035509	3.39
1068	22	21	27	28	0.026256	1.67
1069	22	21	28	29	0.015258	2.4
1070	22	21	29	30	0.01064	1.41
1071	22	21	30	31	0.007886	3.87
1072	22	20	24	26	0.302005	2.33
1073	22	20	26	28	0.098689	2.52
1074	22	20	28	30	0.043301	2.11
1075	22	20	30	32	0.021897	3.34
1076	22	20	32	34	0.01304	2.23
1077	22	20	34	36	0.00851	1.3
1078	22	20	36	38	0.006115	2.69
1079	22	20	38	40	0.004872	-2.31
1080	22	19	25	28	0.255761	2.4
1081	22	19	28	31	0.077046	2.33
1082	22	19	31	34	0.029855	3.65
1083	22	19	34	37	0.016516	1.67
1084	22	19	37	40	0.011466	1.24
1085	22	19	43	46	0.004869	10.52
1086	22	19	46	49	0.004107	16.38
1087	22	18	26	30	0.217629	2.83
1088	22	18	30	34	0.058864	3.45
1089	22	18	34	38	0.025865	3.04
1090	22	18	38	42	0.014127	6.88
1091	22	18	42	46	0.008501	13.59
1092	22	18	46	50	0.006349	16.98
1093	22	18	50	54	0.005238	17.49
1094	22	18	54	58	0.003248	24.46
1095	22	17	27	32	0.193023	2.56
1096	22	17	32	37	0.04986	1.74
1097	22	17	37	42	0.023124	4.09
1098	22	17	42	47	0.012499	17.05
1099	22	17	47	52	0.008338	19.17
1100	22	17	52	57	0.006056	19.7
1101	22	17	57	62	0.003651	19.32
1102	22	16	28	34	0.161132	3.01
1103	22	16	34	40	0.046225	0.12
1104	22	16	40	46	0.018683	14.76
1105	22	16	46	52	0.012466	16.79
1106	22	16	52	58	0.008077	20.25
1107	22	16	58	64	0.004263	14.68
1108	22	16	64	70	0.002771	23.77
1109	22	15	29	36	0.141529	2.92
1110	22	15	36	43	0.040457	4.23
1111	22	15	43	50	0.019031	15.03
1112	22	15	50	57	0.012056	15.86
1113	22	15	57	64	0.005912	15.43
1114	22	15	64	71	0.003632	14.14
1115	22	14	30	38	0.124864	3.36
1116	22	14	38	46	0.036079	7.79
1117	22	14	46	54	0.019089	15.87
1118	22	14	54	62	0.009434	17.33
1119	22	14	62	70	0.004605	14.71
1120	22	13	31	40	0.114285	3.19
1121	22	13	40	49	0.033161	12.5
1122	22	13	49	58	0.017501	13.66
1123	22	13	58	67	0.00774	14.25
1124	22	12	32	42	0.107218	3.6
1125	22	12	42	52	0.032983	13.14
1126	22	12	52	62	0.016029	16.39
1127	22	12	62	72	0.006607	15.33
1128	23	22	24	25	0.847997	4.05
1129	23	22	25	26	0.167281	1.65
1130	23	22	26	27	0.063492	3.19
1131	23	22	27	28	0.040987	1.59
1132	23	22	28	29	0.021888	1.92
1133	23	22	29	30	0.014608	1.89
1134	23	22	30	31	0.010477	2.39
1135	23	22	31	32	0.006165	3.85
1136	23	21	25	27	0.334533	2.15
1137	23	21	27	29	0.104381	1.75
1138	23	21	29	31	0.043687	2.39
1139	23	21	31	33	0.019606	3.9
1140	23	21	33	35	0.013943	1.84
1141	23	21	35	37	0.008413	4.14
1142	23	21	37	39	0.006939	-1.75
1143	23	21	39	41	0.004345	5.18
1144	23	20	26	29	0.250148	2.47
1145	23	20	29	32	0.071204	2.9
1146	23	20	32	35	0.030206	1.26
1147	23	20	35	38	0.016398	1.72
1148	23	20	38	41	0.010532	2.13
1149	23	20	41	44	0.006253	12.18
1150	23	20	44	47	0.005198	12.33
1151	23	20	47	50	0.003685	11.34
1152	23	19	27	31	0.22089	2.07
1153	23	19	31	35	0.055233	2.39
1154	23	19	35	39	0.026406	1.47
1155	23	19	39	43	0.013135	9.45
1156	23	19	43	47	0.009236	14.96
1157	23	19	47	51	0.006397	14.33
1158	23	19	51	55	0.0052	18.24
1159	23	19	55	59	0.00314	17.84
1160	23	18	28	33	0.174986	2.58
1161	23	18	33	38	0.05111	1.72
1162	23	18	38	43	0.022217	6.36
1163	23	18	43	48	0.012933	13.46
1164	23	18	48	53	0.008993	16.12
1165	23	18	53	58	0.005891	19.58
1166	23	18	58	63	0.003472	17.29
1167	23	18	63	68	0.002303	18.06
1168	23	17	29	35	0.154093	2.33
1169	23	17	35	41	0.04506	1.58
1170	23	17	41	47	0.019959	20.16
1171	23	17	47	53	0.012668	22.59
1172	23	17	53	59	0.007854	24.66
1173	23	17	59	65	0.004271	28.21
1174	23	16	30	37	0.135974	3.0
1175	23	16	37	44	0.041056	5.64
1176	23	16	44	51	0.019969	13.34
1177	23	16	51	58	0.011929	14.68
1178	23	16	58	65	0.005851	15.09
1179	23	16	65	72	0.003626	13.27
1180	23	15	31	39	0.122478	2.5
1181	23	15	39	47	0.036206	11.21
1182	23	15	47	55	0.019547	15.43
1183	23	15	55	63	0.009178	15.79
1184	23	15	63	71	0.005033	12.25
1185	23	14	32	41	0.114186	2.94
1186	23	14	41	50	0.033896	11.67
1187	23	14	50	59	0.0182	13.98
1188	23	14	59	68	0.007655	14.46
1189	24	23	25	26	0.985445	2.04
1190	24	23	26	27	0.151873	2.88
1191	24	23	27	28	0.07449	1.33
1192	24	23	28	29	0.034602	1.4
1193	24	23	29	30	0.020923	2.81
1194	24	23	30	31	0.014306	2.03
1195	24	23	31	32	0.008002	5.32
1196	24	23	32	33	0.00594	2.35
1197	24	22	26	28	0.330807	2.31
1198	24	22	28	30	0.092104	1.59
1199	24	22	30	32	0.039007	2.59
1200	24	22	32	34	0.020783	1.2
1201	24	22	34	36	0.012602	-0.46
1202	24	22	36	38	0.00863	-3.03
1203	24	22	38	40	0.006624	-4.35
1204	24	21	27	30	0.259587	1.71
1205	24	21	30	33	0.066343	2.61
1206	24	21	33	36	0.031014	2.0
1207	24	21	36	39	0.017269	-1.24
1208	24	21	39	42	0.00955	8.91
1209	24	21	42	45	0.006806	13.59
1210	24	21	45	48	0.005137	12.72
1211	24	21	48	51	0.004091	15.02
1212	24	20	28	32	0.196246	2.56
1213	24	20	32	36	0.054972	2.34
1214	24	20	36	40	0.026279	2.34
1215	24	20	40	44	0.012515	7.85
1216	24	20	44	48	0.009123	8.96
1217	24	20	48	52	0.006553	9.2
1218	24	20	52	56	0.004998	9.69
1219	24	19	29	34	0.168278	3.01
1220	24	19	34	39	0.0499	1.75
1221	24	19	39	44	0.020934	7.2
1222	24	19	44	49	0.013434	9.33
1223	24	19	49	54	0.009076	10.96
1224	24	19	54	59	0.005465	10.59
1225	24	19	59	64	0.003301	12.86
1226	24	19	64	69	0.002304	8.91
1227	24	18	30	36	0.146128	3.04
1228	24	18	36	42	0.044219	3.29
1229	24	18	42	48	0.020366	10.89
1230	24	18	48	54	0.013276	13.2
1231	24	18	66	72	0.00283	18.54
1232	24	17	31	38	0.128576	2.52
1233	24	17	38	45	0.040019	8.01
1234	24	17	45	52	0.020099	16.71
1235	24	17	52	59	0.011818	18.73
1236	24	17	59	66	0.005687	20.34
1237	24	16	32	40	0.123995	2.34
1238	24	16	40	48	0.035759	11.5
1239	24	16	48	56	0.01993	12.64
1240	24	16	56	64	0.009173	14.04
1241	24	16	64	72	0.005066	15.59
1242	24	15	33	42	0.115761	3.19
1243	24	15	42	51	0.035976	13.32
1244	25	24	26	27	0.784523	3.93
1245	25	24	27	28	0.174242	0.96
1246	25	24	28	29	0.060682	1.32
1247	25	24	29	30	0.032717	2.08
1248	25	24	30	31	0.020725	1.72
1249	25	24	31	32	0.011105	5.26
1250	25	24	32	33	0.00805	-0.69
1251	25	24	33	34	0.007075	5.01
1252	25	23	27	29	0.344507	1.2
1253	25	23	29	31	0.088854	2.16
1254	25	23	31	33	0.033208	3.36
1255	25	23	33	35	0.021387	1.98
1256	25	23	35	37	0.011975	4.2
1257	25	23	37	39	0.009357	-0.61
1258	25	23	39	41	0.005706	3.12
1259	25	23	41	43	0.003926	9.31
1260	25	22	28	31	0.231395	2.01
1261	25	22	31	34	0.061396	3.66
1262	25	22	34	37	0.028536	2.64
1263	25	22	37	40	0.017855	2.73
1264	25	22	40	43	0.008886	5.0
1265	25	22	43	46	0.006834	3.74
1266	25	22	46	49	0.005554	5.04
1267	25	22	49	52	0.003873	5.87
1268	25	21	29	33	0.185394	2.79
1269	25	21	33	37	0.05588	2.49
1270	25	21	37	41	0.026463	2.78
1271	25	21	41	45	0.013275	7.95
1272	25	21	45	49	0.009491	7.57
1273	25	21	49	53	0.006644	8.46
1274	25	21	53	57	0.004783	8.21
1275	25	21	57	61	0.003189	10.38
1276	25	20	30	35	0.158542	2.69
1277	25	20	35	40	0.049193	1.62
1278	25	20	40	45	0.020567	10.89
1279	25	20	45	50	0.013028	12.11
1280	25	20	50	55	0.009629	15.88
1281	25	20	65	70	0.002256	16.08
1282	25	19	31	37	0.13626	2.98
1283	25	19	37	43	0.044304	3.96
1284	25	19	43	49	0.02151	11.08
1285	25	19	49	55	0.013237	14.14
1286	25	19	61	67	0.003865	13.52
1287	25	18	32	39	0.130857	1.72
1288	25	18	39	46	0.038202	9.18
1289	25	18	46	53	0.021184	12.78
1290	25	17	33	41	0.123737	2.71
1291	25	17	41	49	0.037365	10.54
1292	25	17	49	57	0.019639	12.39
1293	25	17	57	65	0.008988	12.88
1294	25	16	34	43	0.111784	3.27
1295	25	16	43	52	0.037381	12.64
1296	25	16	52	61	0.018281	15.62
1297	25	16	61	70	0.007376	16.48
1298	26	25	27	28	1.191432	0.8
1299	26	25	28	29	0.168127	1.02
1300	26	25	29	30	0.068203	2.06
1301	26	25	30	31	0.037834	2.13
1302	26	25	31	32	0.018693	4.62
1303	26	25	32	33	0.012834	0.58
1304	26	25	33	34	0.010758	2.0
1305	26	25	34	35	0.007193	-1.81
1306	26	24	28	30	0.329917	1.48
1307	26	24	30	32	0.088536	3.04
1308	26	24	32	34	0.038827	2.06
1309	26	24	34	36	0.021265	1.62
1310	26	24	36	38	0.013397	0.77
1311	26	24	38	40	0.009899	0.65
1312	26	24	40	42	0.005632	5.99
1313	26	24	42	44	0.004568	10.5
1314	26	23	29	32	0.232792	2.7
1315	26	23	32	35	0.066402	1.2
1316	26	23	35	38	0.030234	1.91
1317	26	23	38	41	0.017554	2.22
1318	26	23	41	44	0.009843	10.44
1319	26	23	44	47	0.007808	11.49
1320	26	23	47	50	0.005312	12.21
1321	26	23	50	53	0.004717	15.09
1322	26	22	30	34	0.187162	2.81
1323	26	22	34	38	0.055996	1.3
1324	26	22	38	42	0.026078	2.75
1325	26	22	42	46	0.014314	6.99
1326	26	22	46	50	0.009991	7.83
1327	26	22	50	54	0.007786	7.33
1328	26	22	54	58	0.004644	7.83
1329	26	22	58	62	0.003211	4.91
1330	26	21	31	36	0.154647	3.09
1331	26	21	36	41	0.050747	1.95
1332	26	21	41	46	0.021883	9.07
1333	26	21	46	51	0.014437	11.04
1334	26	21	51	56	0.009545	12.98
1335	26	21	56	61	0.005626	16.5
1336	26	21	61	66	0.003046	17.05
1337	26	21	66	71	0.002426	20.31
1338	26	20	32	38	0.143273	1.68
1339	26	20	38	44	0.044271	4.88
1340	26	20	44	50	0.022016	11.14
1341	26	20	50	56	0.014069	12.2
1342	26	20	56	62	0.007365	12.55
1343	26	20	62	68	0.003931	13.65
1344	26	19	33	40	0.137229	1.68
1345	26	19	40	47	0.039811	10.59
1346	26	19	47	54	0.022098	11.88
1347	26	19	61	68	0.005453	11.55
1348	26	18	34	42	0.122006	2.42
1349	26	18	42	50	0.039274	11.08
1350	26	18	50	58	0.021018	13.47
1351	26	18	58	66	0.00898	13.85
1352	26	17	35	44	0.113485	4.12
1353	26	17	44	53	0.039554	8.48
1354	26	17	53	62	0.017926	9.35
1355	26	17	62	71	0.00764	9.68
1356	27	26	28	29	0.794975	1.09
1357	27	26	29	30	0.151373	2.1
1358	27	26	30	31	0.064738	2.34
1359	27	26	31	32	0.027842	5.58
1360	27	26	32	33	0.01768	1.29
1361	27	26	33	34	0.014147	4.47
1362	27	26	34	35	0.00903	1.24
1363	27	26	35	36	0.006551	8.05
1364	27	25	29	31	0.322417	1.97
1365	27	25	31	33	0.07725	2.13
1366	27	25	33	35	0.041255	-0.41
1367	27	25	35	37	0.020835	-1.08
1368	27	25	39	41	0.008958	9.02
1369	27	24	30	33	0.219864	2.31
1370	27	24	33	36	0.069123	0.6
1371	27	24	36	39	0.032021	-4.86
1372	27	24	39	42	0.016305	14.02
1373	27	23	31	35	0.173218	3.1
1374	27	23	35	39	0.057499	2.94
1375	27	23	39	43	0.024493	4.84
1376	27	23	43	47	0.015531	6.36
1377	27	23	47	51	0.010006	8.08
1378	27	23	51	55	0.007649	9.45
1379	27	23	55	59	0.004424	9.42
1380	27	23	59	63	0.002914	14.29
1381	27	22	32	37	0.157295	1.74
1382	27	22	37	42	0.051405	2.23
1383	27	22	42	47	0.023909	4.23
1384	27	22	47	52	0.014377	3.09
1385	27	22	52	57	0.009734	1.92
1386	27	22	57	62	0.005595	0.35
1387	27	21	33	39	0.149254	0.78
1388	27	21	39	45	0.043687	7.74
1389	27	21	45	51	0.023151	10.2
1390	27	21	51	57	0.014007	8.38
1391	27	21	57	63	0.007106	9.03
1392	27	21	63	69	0.004177	3.57
1393	27	20	34	41	0.132189	0.99
1394	27	20	41	48	0.040904	9.31
1395	27	20	48	55	0.02282	9.95
1396	27	20	55	62	0.010806	7.49
1397	27	20	62	69	0.005375	-0.49
1398	27	19	35	43	0.121536	3.24
1399	27	19	43	51	0.041739	6.3
1400	27	19	51	59	0.020799	6.23
1401	27	19	59	67	0.008981	3.94
1402	27	18	36	45	0.114988	4.0
1403	27	18	45	54	0.041055	10.54
1404	27	18	54	63	0.016901	12.66
1405	27	18	63	72	0.007981	13.71
1406	28	27	29	30	0.983923	3.21
1407	28	27	30	31	0.179353	2.22
1408	28	27	31	32	0.057136	5.22
1409	28	27	32	33	0.031849	-0.01
1410	28	27	33	34	0.023266	2.81
1411	28	27	34	35	0.014096	-1.86
1412	28	27	35	36	0.009805	1.75
1413	28	27	36	37	0.006929	-1.33
1414	28	26	30	32	0.329627	2.94
1415	28	26	32	34	0.087206	2.08
1416	28	26	34	36	0.039629	2.11
1417	28	26	36	38	0.022394	2.16
1418	28	26	38	40	0.015457	1.56
1419	28	26	40	42	0.008498	4.33
1420	28	26	42	44	0.00666	2.56
1421	28	26	44	46	0.005286	3.01
1422	28	25	31	34	0.214603	3.46
1423	28	25	34	37	0.06807	1.42
1424	28	25	37	40	0.035536	0.81
1425	28	25	40	43	0.016593	6.0
1426	28	25	43	46	0.011975	5.88
1427	28	25	46	49	0.009268	5.8
1428	28	25	49	52	0.006253	6.3
1429	28	25	52	55	0.005465	5.61
1430	28	24	32	36	0.186925	1.53
1431	28	24	36	40	0.061274	-0.33
1432	28	24	40	44	0.025425	9.75
1433	28	24	44	48	0.016823	10.74
1434	28	24	48	52	0.011237	13.15
1435	28	24	52	56	0.008134	15.71
1436	28	23	33	38	0.169106	1.35
1437	28	23	38	43	0.051854	4.04
1438	28	23	43	48	0.025876	11.1
1439	28	23	48	53	0.016121	12.87
1440	28	23	53	58	0.009845	13.07
1441	28	23	58	63	0.005471	13.37
1442	28	23	63	68	0.00351	15.43
1443	28	22	34	40	0.149986	1.02
1444	28	22	40	46	0.044406	8.16
1445	28	22	46	52	0.025062	9.45
1446	28	22	52	58	0.014546	9.48
1447	28	22	58	64	0.007145	11.43
1448	28	22	64	70	0.004414	14.31
1449	28	21	35	42	0.135504	2.67
1450	28	21	42	49	0.045367	8.75
1451	28	21	49	56	0.023426	10.33
1452	28	21	56	63	0.011121	10.79
1453	28	21	63	70	0.00598	10.33
1454	28	20	36	44	0.12547	3.19
1455	28	20	44	52	0.043764	10.19
1456	28	20	52	60	0.023982	-10.62
1457	29	28	30	31	1.029908	4.0
1458	29	28	31	32	0.127383	5.55
1459	29	28	32	33	0.053449	1.01
1460	29	28	33	34	0.033304	4.06
1461	29	28	34	35	0.018338	1.52
1462	29	28	35	36	0.012057	6.27
1463	29	28	36	37	0.008113	4.72
1464	29	28	37	38	0.006915	7.04
1465	29	27	31	33	0.269579	4.06
1466	29	27	33	35	0.089104	2.19
1467	29	27	35	37	0.036926	3.82
1468	29	27	37	39	0.023837	3.03
1469	29	27	39	41	0.013373	2.71
1470	29	27	41	43	0.008553	2.61
1471	29	27	43	45	0.007147	0.11
1472	29	26	32	35	0.215355	1.38
1473	29	26	35	38	0.065979	2.58
1474	29	26	38	41	0.032632	1.6
1475	29	26	41	44	0.016779	4.32
1476	29	26	44	47	0.012494	3.71
1477	29	26	47	50	0.0081	0.58
1478	29	26	50	53	0.006908	3.63
1479	29	26	53	56	0.004838	3.07
1480	29	25	33	37	0.188207	2.43
1481	29	25	37	41	0.061497	1.5
1482	29	25	41	45	0.026795	3.6
1483	29	25	45	49	0.017375	3.48
1484	29	25	53	57	0.007724	-0.42
1485	29	25	57	61	0.004977	0.04
1486	29	25	61	65	0.002795	-9.6
1487	29	24	34	39	0.162235	0.38
1488	29	24	39	44	0.049596	6.57
1489	29	24	44	49	0.027177	10.44
1490	29	24	49	54	0.016435	12.79
1491	29	24	54	59	0.009263	14.75
1492	29	24	59	64	0.005346	14.64
1493	29	24	64	69	0.003521	20.8
1494	29	23	35	41	0.14641	2.69
1495	29	23	41	47	0.04689	3.99
1496	29	23	47	53	0.02501	4.81
1497	29	23	53	59	0.013892	4.53
1498	29	22	36	43	0.133966	2.58
1499	29	22	43	50	0.046157	8.23
1500	29	22	50	57	0.02451	11.1
1501	29	22	57	64	0.010841	10.23
1502	29	22	64	71	0.006144	8.97
1503	29	21	37	45	0.128151	3.94
1504	29	21	45	53	0.045255	10.5
1505	29	21	53	61	0.020928	14.43
1506	29	21	61	69	0.008643	14.98
1507	30	29	31	32	0.803586	9.51
1508	30	29	32	33	0.140571	0.35
1509	30	29	33	34	0.06442	3.63
1510	30	29	34	35	0.02966	0.32
1511	30	29	35	36	0.017954	6.93
1512	30	29	36	37	0.011382	0.8
1513	30	29	37	38	0.00932	1.95
1514	30	29	38	39	0.007099	-0.38
1515	30	28	32	34	0.291662	1.47
1516	30	28	34	36	0.078153	1.4
1517	30	28	36	38	0.035793	0.69
1518	30	28	38	40	0.021899	0.18
1519	30	28	40	42	0.011435	7.7
1520	30	28	42	44	0.008536	8.62
1521	30	28	44	46	0.006518	11.52
1522	30	28	46	48	0.005344	6.45
1523	30	27	33	36	0.223028	2.59
1524	30	27	36	39	0.066855	0.03
1525	30	27	39	42	0.0293	5.5
1526	30	27	42	45	0.0178	10.62
1527	30	27	45	48	0.011977	11.56
1528	30	27	48	51	0.008693	9.68
1529	30	27	51	54	0.006875	11.69
1530	30	27	54	57	0.004306	14.7
1531	30	26	34	38	0.175805	1.47
1532	30	26	38	42	0.05741	2.08
1533	30	26	42	46	0.02711	5.35
1534	30	26	46	50	0.017113	5.67
1535	30	26	50	54	0.012414	4.12
1536	30	26	54	58	0.007043	5.83
1537	30	26	58	62	0.004678	-0.01
1538	30	26	62	66	0.002726	4.6
1539	30	25	35	40	0.160928	1.71
1540	30	25	40	45	0.04911	8.65
1541	30	25	45	50	0.026472	10.12
1542	30	25	50	55	0.017624	13.15
1543	30	25	65	70	0.003519	20.73
1544	30	24	36	42	0.144532	1.86
1545	30	24	42	48	0.048683	9.21
1546	30	24	48	54	0.02667	11.96
1547	30	24	66	72	0.00452	15.11
1548	30	23	37	44	0.135619	3.6
1549	30	23	44	51	0.047778	8.16
1550	30	23	51	58	0.023917	11.54
1551	30	23	58	65	0.010564	13.5
1552	30	23	65	72	0.006106	11.65
1553	30	22	38	46	0.124852	5.24
1554	30	22	46	54	0.047418	10.2
1555	30	22	54	62	0.019647	13.07
1556	30	22	62	70	0.008608	12.08
1557	31	30	32	33	1.384852	0.21
1558	31	30	33	34	0.193205	4.16
1559	31	30	34	35	0.061281	-0.18
1560	31	30	35	36	0.031319	6.06
1561	31	30	36	37	0.017766	2.06
1562	31	30	37	38	0.013363	1.09
1563	31	30	38	39	0.009687	-2.11
1564	31	30	39	40	0.006662	4.51
1565	31	29	33	35	0.348487	2.83
1566	31	29	35	37	0.078513	3.88
1567	31	29	37	39	0.039578	0.39
1568	31	29	39	41	0.019716	4.28
1569	31	29	41	43	0.011715	9.99
1570	31	29	43	45	0.009317	13.08
1571	31	29	45	47	0.006919	8.6
1572	31	29	47	49	0.005223	11.5
1573	31	28	34	37	0.207825	1.72
1574	31	28	37	40	0.068013	0.68
1575	31	28	40	43	0.026881	7.49
1576	31	28	43	46	0.017488	7.47
1577	31	28	46	49	0.012514	8.91
1578	31	28	49	52	0.007989	7.5
1579	31	28	52	55	0.006708	11.18
1580	31	28	55	58	0.003927	11.77
1581	31	27	35	39	0.178883	2.59
1582	31	27	39	43	0.053387	5.25
1583	31	27	43	47	0.028935	7.26
1584	31	27	47	51	0.016753	7.54
1585	31	27	51	55	0.011986	9.58
1586	31	27	55	59	0.006629	9.77
1587	31	27	59	63	0.004254	8.27
1588	31	27	63	67	0.002927	18.87
1589	31	26	36	41	0.158541	1.41
1590	31	26	41	46	0.04953	7.0
1591	31	26	46	51	0.027645	8.45
1592	31	26	51	56	0.016484	9.63
1593	31	26	56	61	0.009036	7.29
1594	31	26	61	66	0.004692	4.96
1595	31	26	66	71	0.003614	8.75
1596	31	25	37	43	0.147002	2.69
1597	31	25	43	49	0.051311	8.18
1598	31	25	49	55	0.026417	10.15
1599	31	25	55	61	0.01302	11.31
1600	31	25	61	67	0.006491	12.29
1601	31	24	38	45	0.134064	4.08
1602	31	24	45	52	0.048101	8.31
1603	31	24	52	59	0.023714	8.97
1604	31	23	39	47	0.122806	6.87
1605	31	23	47	55	0.046921	9.93
1606	31	23	55	63	0.018551	11.97
1607	31	23	63	71	0.009139	12.02
1608	32	31	33	34	1.243764	6.36
1609	32	31	34	35	0.14241	-0.24
1610	32	31	35	36	0.053733	6.11
1611	32	31	36	37	0.02589	2.66
1612	32	31	37	38	0.017425	1.68
1613	32	31	38	39	0.011642	0.98
1614	32	31	39	40	0.007678	1.74
1615	32	31	40	41	0.004951	4.44
1616	32	30	34	36	0.288641	1.48
1617	32	30	36	38	0.074531	1.41
1618	32	30	38	40	0.035774	0.68
1619	32	30	40	42	0.016843	7.3
1620	32	30	42	44	0.011587	6.88
1621	32	30	44	46	0.008429	9.73
1622	32	30	46	48	0.006607	4.19
1623	32	30	48	50	0.004586	6.55
1624	32	29	35	38	0.19836	3.96
1625	32	29	38	41	0.060853	2.0
1626	32	29	41	44	0.026354	4.12
1627	32	29	44	47	0.017473	4.65
1628	32	29	47	50	0.010405	3.12
1629	32	29	50	53	0.008451	2.61
1630	32	29	53	56	0.00563	4.83
1631	32	29	56	59	0.003703	3.24
1632	32	28	36	40	0.168048	1.23
1633	32	28	40	44	0.048391	6.76
1634	32	28	44	48	0.026905	8.18
1635	32	28	48	52	0.016048	8.56
1636	32	28	52	56	0.010758	10.52
1637	32	28	64	68	0.002688	7.77
1638	32	27	37	42	0.15308	2.16
1639	32	27	42	47	0.050517	7.46
1640	32	27	47	52	0.025563	8.65
1641	32	27	52	57	0.015587	10.06
1642	32	27	57	62	0.008305	9.93
1643	32	27	62	67	0.004502	9.69
1644	32	27	67	72	0.003317	13.48
1645	32	26	38	44	0.136753	3.71
1646	32	26	44	50	0.04869	6.84
1647	32	26	50	56	0.02605	8.5
1648	32	26	56	62	0.012277	8.12
1649	32	26	62	68	0.00611	7.25
1650	32	25	39	46	0.124591	6.55
1651	32	25	46	53	0.049045	9.78
1652	32	25	53	60	0.019132	17.88
1653	32	24	40	48	0.117719	8.29
1654	32	24	48	56	0.046361	10.1
1655	32	24	56	64	0.017978	12.33
1656	32	24	64	72	0.00892	12.32
1657	33	32	34	35	0.94963	-0.58
1658	33	32	35	36	0.149605	6.35
1659	33	32	36	37	0.053541	1.86
1660	33	32	37	38	0.030348	0.81
1661	33	32	38	39	0.018104	-0.09
1662	33	32	39	40	0.01126	1.95
1663	33	32	40	41	0.006972	11.18
1664	33	32	41	42	0.005158	14.34
1665	33	31	35	37	0.282891	5.07
1666	33	31	37	39	0.07768	1.22
1667	33	31	39	41	0.030887	3.39
1668	33	31	41	43	0.01635	5.66
1669	33	31	43	45	0.011955	4.86
1670	33	31	45	47	0.008364	4.56
1671	33	31	47	49	0.00598	2.64
1672	33	31	49	51	0.004286	9.82
1673	33	30	36	39	0.198062	1.23
1674	33	30	39	42	0.054666	5.05
1675	33	30	42	45	0.027293	8.8
1676	33	30	45	48	0.016376	11.4
1677	33	30	48	51	0.010856	13.07
1678	33	30	51	54	0.008151	15.13
1679	33	29	37	41	0.167796	1.69
1680	33	29	41	45	0.049346	8.32
1681	33	29	45	49	0.026535	9.92
1682	33	29	49	53	0.015431	12.55
1683	33	29	53	57	0.009743	15.75
1684	33	29	61	65	0.003213	8.16
1685	33	29	65	69	0.002514	20.98
1686	33	28	38	43	0.142241	3.34
1687	33	28	43	48	0.049549	6.35
1688	33	28	48	53	0.025507	7.8
1689	33	28	53	58	0.01402	7.74
1690	33	28	58	63	0.007231	9.35
1691	33	28	63	68	0.004418	5.43
1692	33	27	39	45	0.128991	5.83
1693	33	27	45	51	0.047948	8.69
1694	33	27	51	57	0.024237	11.43
1695	33	27	57	63	0.011064	11.49
1696	33	27	63	69	0.006051	15.2
1697	33	26	40	47	0.121357	7.49
1698	33	26	47	54	0.047232	9.07
1699	33	26	54	61	0.020289	10.85
1700	33	26	61	68	0.008856	10.86
1701	34	33	35	36	1.343731	9.95
1702	34	33	36	37	0.187435	1.3
1703	34	33	37	38	0.074165	1.6
1704	34	33	38	39	0.039104	1.02
1705	34	33	39	40	0.021679	1.88
1706	34	33	40	41	0.012671	6.62
1707	34	33	41	42	0.008739	6.75
1708	34	33	42	43	0.00686	6.63
1709	34	32	36	38	0.345545	1.52
1710	34	32	38	40	0.090275	1.06
1711	34	32	40	42	0.033632	6.54
1712	34	32	42	44	0.020315	6.92
1713	34	32	44	46	0.013596	9.38
1714	34	32	46	48	0.010018	9.57
1715	34	32	48	50	0.00668	11.77
1716	34	32	50	52	0.005569	16.37
1717	34	31	37	40	0.231684	1.48
1718	34	31	40	43	0.056635	6.29
1719	34	31	43	46	0.029928	7.29
1720	34	31	46	49	0.018891	8.25
1721	34	31	49	52	0.010959	9.35
1722	34	31	52	55	0.008616	10.25
1723	34	31	55	58	0.004828	8.83
1724	34	31	58	61	0.003617	12.11
1725	34	30	38	42	0.176446	2.66
1726	34	30	42	46	0.05394	5.58
1727	34	30	46	50	0.027961	6.5
1728	34	30	50	54	0.017735	6.13
1729	34	30	54	58	0.009202	7.33
1730	34	30	58	62	0.005788	8.69
1731	34	30	62	66	0.00327	5.67
1732	34	30	66	70	0.002568	9.86
1733	34	29	39	44	0.145734	5.28
1734	34	29	44	49	0.053346	9.13
1735	34	29	49	54	0.02631	11.37
1736	34	29	54	59	0.01317	14.57
1737	34	29	59	64	0.007091	14.48
1738	34	29	64	69	0.004464	20.37
1739	34	28	40	46	0.130927	7.0
1740	34	28	46	52	0.050472	8.32
1741	34	28	52	58	0.024168	10.1
1742	34	28	58	64	0.010616	10.96
1743	34	28	64	70	0.006073	9.58
1744	34	27	41	48	0.129255	8.62
1745	34	27	48	55	0.049574	12.15
1746	34	27	55	62	0.019615	15.29
1747	34	27	62	69	0.00885	18.73
1748	35	34	36	37	0.954749	1.09
1749	35	34	37	38	0.188516	1.41
1750	35	34	38	39	0.068331	1.54
1751	35	34	39	40	0.032772	2.28
1752	35	34	40	41	0.017492	4.74
1753	35	34	41	42	0.011624	5.29
1754	35	34	42	43	0.008512	3.96
1755	35	34	43	44	0.006947	4.84
1756	35	33	37	39	0.370054	1.41
1757	35	33	39	41	0.084658	3.22
1758	35	33	41	43	0.035768	5.5
1759	35	33	43	45	0.02325	5.26
1760	35	33	45	47	0.015128	5.47
1761	35	33	47	49	0.010254	6.17
1762	35	33	49	51	0.006988	7.47
1763	35	33	51	53	0.005886	8.25
1764	35	32	38	41	0.22842	2.17
1765	35	32	41	44	0.061446	5.32
1766	35	32	44	47	0.033459	6.33
1767	35	32	47	50	0.017685	6.2
1768	35	32	50	53	0.013118	6.99
1769	35	32	53	56	0.00821	7.47
1770	35	32	56	59	0.00512	2.4
1771	35	32	59	62	0.003573	8.5
1772	35	31	39	43	0.167706	4.41
1773	35	31	43	47	0.05877	6.51
1774	35	31	47	51	0.027632	7.92
1775	35	31	51	55	0.017339	9.79
1776	35	31	59	63	0.005305	12.48
1777	35	31	63	67	0.003493	13.14
1778	35	31	67	71	0.002564	16.32
1779	35	30	40	45	0.145549	5.64
1780	35	30	45	50	0.05225	6.39
1781	35	30	50	55	0.02816	7.35
1782	35	30	65	70	0.004323	6.5
1783	35	29	41	47	0.139026	7.38
1784	35	29	47	53	0.049919	9.64
1785	35	29	53	59	0.022881	12.43
1786	35	29	59	65	0.010269	12.39
1787	35	29	65	71	0.006117	10.25
1788	35	28	42	49	0.135197	8.23
1789	35	28	49	56	0.047172	11.28
1790	35	28	56	63	0.018581	13.26
1791	35	28	63	70	0.008936	14.67
1792	36	35	37	38	0.994878	0.96
1793	36	35	38	39	0.166435	1.12
1794	36	35	39	40	0.057988	2.04
1795	36	35	40	41	0.026779	4.67
1796	36	35	41	42	0.01613	5.29
1797	36	35	42	43	0.011129	6.18
1798	36	35	43	44	0.00875	3.56
1799	36	35	44	45	0.00696	6.23
1800	36	34	38	40	0.325546	1.4
1801	36	34	40	42	0.072062	5.34
1802	36	34	42	44	0.03542	5.8
1803	36	34	44	46	0.021341	6.99
1804	36	34	46	48	0.014695	7.88
1805	36	34	48	50	0.009201	8.45
1806	36	34	50	52	0.007464	9.36
1807	36	34	52	54	0.005938	13.14
1808	36	33	39	42	0.205936	3.56
1809	36	33	42	45	0.065514	5.78
1810	36	33	45	48	0.032791	6.15
1811	36	33	48	51	0.019353	6.69
1812	36	33	51	54	0.013296	7.29
1813	36	33	54	57	0.007495	7.25
1814	36	32	40	44	0.161504	6.11
1815	36	32	44	48	0.059731	8.31
1816	36	32	48	52	0.029026	9.86
1817	36	32	52	56	0.017162	12.29
1818	36	32	64	68	0.003544	21.87
1819	36	32	68	72	0.002604	16.98
1820	36	31	41	46	0.146548	6.55
1821	36	31	46	51	0.05481	8.13
1822	36	31	51	56	0.026394	9.95
1823	36	31	56	61	0.012705	10.73
1824	36	31	61	66	0.006101	11.77
1825	36	31	66	71	0.004406	14.28
1826	36	30	42	48	0.142115	9.12
1827	36	30	48	54	0.05173	15.02
1828	36	30	54	60	0.034127	-23.41
1829	36	29	43	50	0.136442	7.46
1830	36	29	50	57	0.048484	10.32
1831	36	29	57	64	0.017599	12.67
1832	36	29	64	71	0.008915	13.96
1833	37	36	38	39	0.948252	0.99
1834	37	36	39	40	0.157697	1.56
1835	37	36	40	41	0.053176	3.82
1836	37	36	41	42	0.026451	5.32
1837	37	36	42	43	0.016763	5.67
1838	37	36	43	44	0.012226	5.01
1839	37	36	44	45	0.009347	6.99
1840	37	36	45	46	0.006079	6.55
1841	37	35	39	41	0.295548	2.31
1842	37	35	41	43	0.070451	5.35
1843	37	35	43	45	0.037301	5.22
1844	37	35	45	47	0.02167	5.62
1845	37	35	47	49	0.013649	6.0
1846	37	35	49	51	0.008816	6.2
1847	37	35	51	53	0.007087	5.46
1848	37	35	53	55	0.005372	5.47
1849	37	34	40	43	0.188158	5.05
1850	37	34	43	46	0.064828	5.79
1851	37	34	46	49	0.03412	7.2
1852	37	34	49	52	0.01766	7.46
1853	37	34	52	55	0.012852	8.61
1854	37	34	55	58	0.006769	7.1
1855	37	34	58	61	0.004855	9.2
1856	37	34	61	64	0.002714	5.56
1857	37	33	41	45	0.166917	5.08
1858	37	33	45	49	0.060841	4.96
1859	37	33	49	53	0.028923	3.36
1860	37	33	53	57	0.016177	1.59
1861	37	32	42	47	0.156312	7.2
1862	37	32	47	52	0.053058	9.66
1863	37	32	52	57	0.026326	11.76
1864	37	32	57	62	0.012325	13.12
1865	37	32	62	67	0.006145	15.16
1866	37	32	67	72	0.004279	15.29
1867	37	31	43	49	0.147941	7.7
1868	37	31	49	55	0.050156	10.52
1869	37	31	55	61	0.020131	12.78
1870	37	31	61	67	0.008958	13.58
1871	37	30	44	51	0.139073	8.13
1872	37	30	51	58	0.046379	10.85
1873	37	30	58	65	0.016812	12.42
1874	37	30	65	72	0.008663	13.17
1875	38	37	39	40	0.983074	0.98
1876	38	37	40	41	0.173125	2.44
1877	38	37	41	42	0.060639	4.68
1878	38	37	42	43	0.032542	5.43
1879	38	37	43	44	0.021495	5.03
1880	38	37	44	45	0.015395	7.63
1881	38	37	45	46	0.009581	7.05
1882	38	37	46	47	0.009264	7.32
1883	38	36	40	42	0.313235	3.58
1884	38	36	42	44	0.083048	5.67
1885	38	36	44	46	0.040437	7.39
1886	38	36	46	48	0.024814	7.92
1887	38	36	48	50	0.014506	9.4
1888	38	36	50	52	0.01086	10.54
1889	38	36	52	54	0.00834	11.56
1890	38	36	54	56	0.004868	12.9
1891	38	35	41	44	0.206157	5.49
1892	38	35	44	47	0.072294	7.5
1893	38	35	47	50	0.031915	8.38
1894	38	35	50	53	0.020895	10.02
1895	38	35	53	56	0.012056	11.64
1896	38	35	56	59	0.007102	12.09
1897	38	35	59	62	0.00481	11.38
1898	38	35	62	65	0.002782	16.73
1899	38	34	42	46	0.180324	6.5
1900	38	34	46	50	0.063265	8.69
1901	38	34	50	54	0.032664	11.12
1902	38	34	54	58	0.014987	13.05
1903	38	34	58	62	0.008696	15.13
1904	38	34	62	66	0.004636	17.67
1905	38	34	66	70	0.003508	15.9
1906	38	33	43	48	0.170963	6.5
1907	38	33	48	53	0.058508	8.55
1908	38	33	53	58	0.026018	10.15
1909	38	33	58	63	0.011929	10.32
1910	38	33	63	68	0.006724	8.97
1911	38	32	44	50	0.155466	8.76
1912	38	32	50	56	0.054343	11.7
1913	38	32	56	62	0.020759	14.46
1914	38	32	62	68	0.009134	14.79
1915	39	38	40	41	0.933038	1.46
1916	39	38	41	42	0.168236	3.81
1917	39	38	42	43	0.064869	4.91
1918	39	38	43	44	0.03683	4.5
1919	39	38	44	45	0.023682	7.35
1920	39	38	45	46	0.013855	6.66
1921	39	38	46	47	0.012809	7.88
1922	39	38	47	48	0.007538	9.17
1923	39	37	41	43	0.325706	4.74
1924	39	37	43	45	0.097244	6.35
1925	39	37	45	47	0.045438	8.08
1926	39	37	47	49	0.025582	9.63
1927	39	37	49	51	0.015292	10.77
1928	39	37	51	53	0.011664	12.32
1929	39	37	53	55	0.00844	13.74
1930	39	37	55	57	0.004886	14.73
1931	39	36	42	45	0.23276	6.4
1932	39	36	45	48	0.074566	8.83
1933	39	36	48	51	0.036267	10.81
1934	39	36	51	54	0.021997	13.7
1935	39	36	54	57	0.011405	15.3
1936	39	35	43	47	0.201764	7.38
1937	39	35	47	51	0.063428	10.29
1938	39	35	51	55	0.032651	13.27
1939	39	35	55	59	0.014569	15.35
1940	39	35	59	63	0.008222	17.94
1941	39	34	44	49	0.181184	8.8
1942	39	34	49	54	0.059065	12.06
1943	39	34	54	59	0.024179	15.03
1944	39	34	59	64	0.011527	16.65
1945	39	34	64	69	0.006714	21.39
1946	39	33	45	51	0.163347	9.2
1947	39	33	51	57	0.05431	13.2
1948	39	33	57	63	0.020192	15.71
1949	39	33	63	69	0.009863	18.63
1950	40	39	41	42	0.697757	2.39
1951	40	39	42	43	0.15024	2.27
1952	40	39	43	44	0.065436	1.29
1953	40	39	44	45	0.036468	3.92
1954	40	39	45	46	0.019649	2.81
1955	40	39	46	47	0.017262	3.53
1956	40	39	47	48	0.009819	3.46
1957	40	39	48	49	0.008882	4.26
1958	40	38	42	44	0.317147	2.97
1959	40	38	44	46	0.093615	5.15
1960	40	38	46	48	0.047422	5.8
1961	40	38	48	50	0.024703	6.69
1962	40	38	50	52	0.017572	7.75
1963	40	38	52	54	0.012711	8.43
1964	40	38	54	56	0.007136	9.77
1965	40	38	56	58	0.005236	9.77
1966	40	37	43	46	0.241936	4.54
1967	40	37	46	49	0.08352	7.02
1968	40	37	49	52	0.035753	8.79
1969	40	37	52	55	0.023309	10.48
1970	40	37	55	58	0.011354	12.2
1971	40	37	58	61	0.00774	12.18
1972	40	36	44	48	0.205931	6.66
1973	40	36	48	52	0.067516	8.94
1974	40	36	52	56	0.033002	11.16
1975	40	36	56	60	0.01413	46.53
1976	40	36	64	68	0.00534	15.15
1977	40	36	68	72	0.003782	15.55
1978	40	35	45	50	0.177935	7.44
1979	40	35	50	55	0.064573	10.75
1980	40	35	65	70	0.006789	17.46
1981	40	34	46	52	0.171244	8.23
1982	40	34	52	58	0.054343	12.66
1983	40	34	58	64	0.019517	14.46
1984	40	34	64	70	0.009991	16.61
1985	41	40	42	43	0.742273	1.53
1986	41	40	43	44	0.165886	-0.3
1987	41	40	44	45	0.067158	1.71
1988	41	40	45	46	0.030958	-0.11
1989	41	40	46	47	0.024924	-0.26
1990	41	40	47	48	0.013465	-0.81
1991	41	40	48	49	0.011671	-1.01
1992	41	40	49	50	0.006266	-1.65
1993	41	39	43	45	0.334738	0.89
1994	41	39	45	47	0.09277	1.09
1995	41	39	47	49	0.043831	1.24
1996	41	39	49	51	0.023942	0.8
1997	41	39	51	53	0.017273	0.9
1998	41	39	53	55	0.01198	1.6
1999	41	39	55	57	0.00676	0.95
2000	41	39	57	59	0.005169	1.06
2001	41	38	44	47	0.246816	2.92
2002	41	38	47	50	0.073566	3.12
2003	41	38	50	53	0.041192	3.42
2004	41	38	53	56	0.021432	4.5
2005	41	38	56	59	0.011867	4.17
2006	41	38	59	62	0.007671	3.93
2007	41	38	62	65	0.004345	4.49
2008	41	38	65	68	0.003496	4.71
2009	41	37	45	49	0.207809	3.57
2010	41	37	49	53	0.068344	4.81
2011	41	37	53	57	0.032175	6.58
2012	41	37	57	61	0.016204	6.54
2013	41	37	61	65	0.007913	7.14
2014	41	37	65	69	0.005585	8.94
2015	41	36	46	51	0.191521	4.72
2016	41	36	51	56	0.063002	6.71
2017	41	36	56	61	0.025272	7.67
2018	41	36	61	66	0.010984	8.79
2019	41	36	66	71	0.007429	8.48
2020	41	35	47	53	0.167576	5.56
2021	41	35	53	59	0.052484	8.27
2022	41	35	59	65	0.019678	9.2
2023	41	35	65	71	0.010502	10.5
2024	42	41	43	44	0.932399	-0.24
2025	42	41	44	45	0.182284	2.66
2026	42	41	45	46	0.060148	1.08
2027	42	41	46	47	0.041077	1.56
2028	42	41	47	48	0.020348	1.54
2029	42	41	48	49	0.016677	1.78
2030	42	41	49	50	0.008628	1.81
2031	42	41	50	51	0.009343	2.47
2032	42	40	44	46	0.340639	1.69
2033	42	40	46	48	0.099959	0.22
2034	42	40	48	50	0.043349	-0.41
2035	42	40	50	52	0.027836	-1.11
2036	42	40	52	54	0.01898	-1.4
2037	42	40	54	56	0.010229	-2.19
2038	42	40	56	58	0.0073	-2.49
2039	42	39	45	48	0.237733	0.87
2040	42	39	48	51	0.079292	0.6
2041	42	39	51	54	0.041179	0.55
2042	42	39	54	57	0.01954	0.29
2043	42	39	63	66	0.004888	-0.8
2044	42	39	66	69	0.003656	-0.17
2045	42	38	46	50	0.215333	2.1
2046	42	38	50	54	0.077077	2.56
2047	42	38	54	58	0.029893	3.03
2048	42	38	58	62	0.015855	2.76
2049	42	38	62	66	0.008025	2.46
2050	42	38	66	70	0.005862	3.1
2051	42	37	47	52	0.185169	2.9
2052	42	37	52	57	0.064533	3.75
2053	42	37	57	62	0.025378	3.75
2054	42	37	62	67	0.011571	4.04
2055	42	37	67	72	0.007649	3.82
2056	42	36	48	54	0.178831	4.12
2057	42	36	66	72	0.01094	8.71
2058	43	42	44	45	0.95193	3.48
2059	43	42	45	46	0.153942	1.02
2060	43	42	46	47	0.076604	1.48
2061	43	42	47	48	0.032894	1.46
2062	43	42	48	49	0.024466	1.48
2063	43	42	49	50	0.01205	1.27
2064	43	42	50	51	0.01274	1.17
2065	43	42	51	52	0.008343	1.67
2066	43	41	45	47	0.331981	0.95
2067	43	41	47	49	0.094521	0.89
2068	43	41	49	51	0.042847	0.12
2069	43	41	51	53	0.027952	-0.29
2070	43	41	53	55	0.018039	0.01
2071	43	41	55	57	0.009692	-0.72
2072	43	41	57	59	0.007153	-1.97
2073	43	41	59	61	0.00552	-1.69
2074	43	40	46	49	0.262419	0.61
2075	43	40	49	52	0.076049	-0.54
2076	43	40	52	55	0.042523	-1.11
2077	43	40	55	58	0.018916	-2.03
2078	43	40	58	61	0.012246	-3.04
2079	43	40	61	64	0.006389	-3.72
2080	43	40	64	67	0.005178	-5.05
2081	43	40	67	70	0.003706	-6.39
2082	43	39	47	51	0.205199	0.81
2083	43	39	51	55	0.075367	0.57
2084	43	39	55	59	0.028852	0.17
2085	43	39	59	63	0.015069	-0.14
2086	43	39	63	67	0.00901	-0.57
2087	43	39	67	71	0.006201	-0.69
2088	43	38	48	53	0.195781	1.8
2089	43	38	53	58	0.06169	2.21
2090	43	38	58	63	0.024092	1.78
2091	43	38	63	68	0.012494	1.14
2092	44	43	45	46	0.846049	0.69
2093	44	43	46	47	0.205337	1.27
2094	44	43	47	48	0.065789	1.36
2095	44	43	48	49	0.042307	1.46
2096	44	43	49	50	0.019405	1.16
2097	44	43	50	51	0.019229	1.11
2098	44	43	51	52	0.012101	0.83
2099	44	43	52	53	0.010546	0.92
2100	44	42	46	48	0.380595	1.3
2101	44	42	48	50	0.09829	1.17
2102	44	42	50	52	0.052471	1.16
2103	44	42	52	54	0.031984	0.92
2104	44	42	54	56	0.015959	1.17
2105	44	42	56	58	0.010791	0.39
2106	44	41	47	50	0.242814	0.93
2107	44	41	50	53	0.092057	0.03
2108	44	41	53	56	0.040323	-0.17
2109	44	41	56	59	0.020182	-1.81
2110	44	41	59	62	0.01234	-2.96
2111	44	41	62	65	0.006679	-3.84
2112	44	41	65	68	0.005239	-5.55
2113	44	41	68	71	0.004123	-6.51
2114	44	40	48	52	0.221953	0.26
2115	44	40	52	56	0.077249	-0.8
2116	44	40	64	68	0.009427	-4.57
2117	44	40	68	72	0.006491	-7.26
2118	44	39	49	54	0.199145	0.46
2119	44	39	54	59	0.058811	-0.42
2120	44	39	59	64	0.024331	-1.72
2121	44	39	64	69	0.013141	-3.0
2122	45	44	46	47	1.019799	1.5
2123	45	44	47	48	0.165509	1.35
2124	45	44	48	49	0.078451	1.47
2125	45	44	49	50	0.032082	1.32
2126	45	44	50	51	0.030011	1.24
2127	45	44	51	52	0.017931	2.21
2128	45	44	52	53	0.014947	1.38
2129	45	44	53	54	0.011133	3.45
2130	45	43	47	49	0.352086	1.3
2131	45	43	49	51	0.100754	1.05
2132	45	43	51	53	0.055566	1.14
2133	45	43	53	55	0.032135	1.65
2134	45	43	55	57	0.016033	1.17
2135	45	43	57	59	0.011232	0.51
2136	45	43	59	61	0.008351	-0.22
2137	45	43	61	63	0.00451	-0.39
2138	45	42	48	51	0.270847	1.09
2139	45	42	51	54	0.096548	1.19
2140	45	42	54	57	0.038338	0.89
2141	45	42	63	66	0.007691	-0.85
2142	45	42	66	69	0.005576	-1.38
2143	45	42	69	72	0.004333	-2.1
2144	45	41	49	53	0.227286	0.65
2145	45	41	53	57	0.076032	0.78
2146	45	41	57	61	0.032346	-0.65
2147	45	41	61	65	0.014429	-1.46
2148	45	41	65	69	0.009714	-2.0
2149	45	40	50	55	0.228656	0.32
2150	45	40	65	70	0.013748	-3.56
2151	46	45	47	48	0.738899	1.24
2152	46	45	48	49	0.160345	1.53
2153	46	45	49	50	0.050767	1.33
2154	46	45	50	51	0.042446	1.74
2155	46	45	51	52	0.023466	2.59
2156	46	45	52	53	0.018548	1.91
2157	46	45	53	54	0.013227	3.65
2158	46	45	54	55	0.008448	3.17
2159	46	44	48	50	0.321587	1.42
2160	46	44	50	52	0.113901	1.65
2161	46	44	52	54	0.057892	1.98
2162	46	44	54	56	0.025928	2.22
2163	46	44	56	58	0.016355	2.03
2164	46	44	62	64	0.004252	2.62
2165	46	43	49	52	0.247426	1.24
2166	46	43	52	55	0.097936	1.05
2167	46	43	55	58	0.036206	0.65
2168	46	43	58	61	0.02112	-0.14
2169	46	43	61	64	0.010248	-0.84
2170	46	43	64	67	0.00793	-1.54
2171	46	43	67	70	0.00548	-4.02
2172	46	42	50	54	0.256237	1.36
2173	46	42	54	58	0.069109	1.14
2174	46	42	58	62	0.03102	0.72
2175	46	42	62	66	0.014266	0.15
2176	46	42	66	70	0.009874	-0.68
2177	46	41	51	56	0.21628	1.19
2178	46	41	56	61	0.061038	0.35
2179	46	41	61	66	0.022797	-0.6
2180	46	41	66	71	0.01432	-1.08
2181	47	46	48	49	0.868275	1.38
2182	47	46	49	50	0.147019	0.9
2183	47	46	50	51	0.100816	1.16
2184	47	46	51	52	0.049267	1.89
2185	47	46	52	53	0.03583	1.22
2186	47	46	53	54	0.024231	2.76
2187	47	46	54	55	0.014753	1.78
2188	47	46	55	56	0.009102	2.82
2189	47	45	49	51	0.340998	1.11
2190	47	45	51	53	0.127124	1.77
2191	47	45	53	55	0.060682	2.73
2192	47	45	55	57	0.027133	2.46
2193	47	45	57	59	0.017592	1.86
2194	47	45	59	61	0.012325	2.0
2195	47	45	61	63	0.006426	2.06
2196	47	45	63	65	0.005515	2.96
2197	47	44	50	53	0.333456	1.52
2198	47	44	53	56	0.098455	2.56
2199	47	44	56	59	0.040886	2.07
2200	47	44	59	62	0.022303	1.91
2201	47	44	62	65	0.011255	1.67
2202	47	44	65	68	0.008423	1.6
2203	47	44	68	71	0.00638	1.24
2204	47	43	51	55	0.275502	1.71
2205	47	43	55	59	0.07206	1.48
2206	47	43	59	63	0.031648	0.66
2207	47	43	63	67	0.017032	0.18
2208	47	43	67	71	0.01098	-0.84
2209	47	42	52	57	0.238631	1.6
2210	47	42	57	62	0.063962	0.9
2211	47	42	62	67	0.024753	0.3
2212	47	42	67	72	0.015059	-0.17
2213	48	47	49	50	0.509115	0.52
2214	48	47	50	51	0.193314	1.14
2215	48	47	51	52	0.07359	2.1
2216	48	47	52	53	0.047402	1.59
2217	48	47	53	54	0.029398	3.56
2218	48	47	54	55	0.016851	2.31
2219	48	47	55	56	0.010042	3.42
2220	48	47	56	57	0.008456	2.86
2221	48	46	50	52	0.416914	1.38
2222	48	46	52	54	0.136919	2.1
2223	48	46	54	56	0.050798	2.46
2224	48	46	56	58	0.028949	2.42
2225	48	46	62	64	0.006377	2.25
2226	48	46	64	66	0.00563	2.71
2227	48	45	51	54	0.314873	2.07
2228	48	45	54	57	0.085742	2.46
2229	48	45	63	66	0.012063	2.21
2230	48	45	66	69	0.008329	1.53
2231	48	45	69	72	0.006245	2.34
2232	48	44	52	56	0.271558	1.98
2233	48	44	64	68	0.017014	0.7
2234	48	44	68	72	0.010963	0.3
2235	49	48	50	51	1.451132	0.32
2236	49	48	51	52	0.249648	1.78
2237	49	48	52	53	0.123129	1.27
2238	49	48	53	54	0.065292	3.27
2239	49	48	54	55	0.033976	2.55
2240	49	48	55	56	0.019228	2.7
2241	49	48	56	57	0.015535	3.33
2242	49	48	57	58	0.011214	1.95
2243	49	47	51	53	0.49341	1.67
2244	49	47	53	55	0.145525	2.92
2245	49	47	55	57	0.053281	2.78
2246	49	47	57	59	0.030521	2.54
2247	49	47	61	63	0.009705	2.97
2248	49	47	63	65	0.008015	2.49
2249	49	47	65	67	0.006043	3.53
2250	49	46	52	55	0.390689	2.03
2251	49	46	55	58	0.0941	2.37
2252	49	46	58	61	0.044683	2.4
2253	49	46	61	64	0.019485	2.34
2254	49	46	64	67	0.014061	2.04
2255	49	46	67	70	0.00922	1.22
2256	49	45	53	57	0.286426	2.81
2257	49	45	57	61	0.08001	2.11
2258	49	45	61	65	0.029677	2.04
2259	49	45	65	69	0.018056	1.74
2260	50	49	51	52	0.676033	1.54
2261	50	49	52	53	0.197818	0.99
2262	50	49	53	54	0.082993	3.31
2263	50	49	54	55	0.038177	2.44
2264	50	49	55	56	0.020318	2.79
2265	50	49	56	57	0.015684	3.53
2266	50	49	57	58	0.010846	3.33
2267	50	48	52	54	0.469193	1.74
2268	50	48	54	56	0.111754	2.46
2269	50	48	56	58	0.053303	2.69
2270	50	48	62	64	0.009103	2.22
2271	50	48	64	66	0.007761	2.9
2272	50	48	66	68	0.005857	1.2
2273	50	47	53	56	0.316276	2.9
2274	50	47	56	59	0.088717	2.83
2275	50	47	59	62	0.039649	2.66
2276	50	47	62	65	0.018047	2.97
2277	50	47	65	68	0.012651	3.07
2278	50	47	68	71	0.009104	2.88
2279	50	46	54	58	0.244737	2.47
2280	50	46	58	62	0.074742	2.46
2281	50	46	62	66	0.028881	2.11
2282	50	46	66	70	0.018138	1.92
2283	51	50	52	53	1.24471	0.45
2284	51	50	53	54	0.279536	3.13
2285	51	50	54	55	0.102573	2.07
2286	51	50	55	56	0.048555	2.67
2287	51	50	56	57	0.035066	2.97
2288	51	50	57	58	0.022652	2.23
2289	51	50	58	59	0.015308	3.25
2290	51	49	53	55	0.503257	2.85
2291	51	49	55	57	0.119714	2.91
2292	51	49	61	63	0.014786	3.38
2293	51	49	63	65	0.01164	3.39
2294	51	49	65	67	0.008423	3.99
2295	51	49	67	69	0.006027	4.23
2296	51	48	54	57	0.329101	2.46
2297	51	48	57	60	0.095015	14.09
2298	51	48	63	66	0.022703	2.98
2299	51	48	66	69	0.014581	2.97
2300	51	48	69	72	0.010379	2.96
2301	51	47	55	59	0.259892	2.79
2302	51	47	59	63	0.076411	2.76
2303	51	47	63	67	0.034152	2.83
2304	51	47	67	71	0.019783	2.71
2305	52	51	53	54	1.00652	3.45
2306	52	51	54	55	0.211656	1.64
2307	52	51	55	56	0.083347	2.39
2308	52	51	56	57	0.05406	2.81
2309	52	51	57	58	0.031575	2.46
2310	52	51	58	59	0.020067	3.29
2311	52	50	54	56	0.446017	2.0
2312	52	50	56	58	0.14341	2.69
2313	52	50	62	64	0.01626	3.38
2314	52	50	64	66	0.013181	3.25
2315	52	50	66	68	0.00961	3.33
2316	52	50	68	70	0.007065	2.64
2317	52	49	55	58	0.322135	2.69
2318	52	49	61	64	0.036432	3.34
2319	52	49	64	67	0.023665	3.78
2320	52	49	67	70	0.014468	4.14
2321	52	48	56	60	0.276891	16.44
2322	52	48	64	68	0.036446	3.38
2323	52	48	68	72	0.021105	3.3
2324	53	52	54	55	0.893603	0.89
2325	53	52	55	56	0.239014	1.92
2326	53	52	56	57	0.128039	2.44
2327	53	52	57	58	0.063879	2.16
2328	53	52	58	59	0.036702	3.33
2329	53	52	59	60	0.024928	3.07
2330	53	52	60	61	0.018665	2.96
2331	53	52	61	62	0.010776	3.63
2332	53	51	55	57	0.504227	2.21
2333	53	51	57	59	0.152265	2.55
2334	53	51	59	61	0.069859	2.81
2335	53	51	61	63	0.028346	3.42
2336	53	51	63	65	0.020724	3.1
2337	53	51	65	67	0.014222	3.5
2338	53	51	67	69	0.009784	3.51
2339	53	51	69	71	0.008311	3.36
2340	53	50	56	59	0.407473	2.55
2341	53	50	59	62	0.114777	2.92
2342	53	50	62	65	0.042565	3.09
2343	53	50	65	68	0.026856	3.51
2344	53	50	68	71	0.017995	3.06
2345	54	53	55	56	1.145975	1.27
2346	54	53	56	57	0.400873	1.72
2347	54	53	57	58	0.150216	1.54
2348	54	53	58	59	0.073735	2.81
2349	54	53	59	60	0.045202	2.21
2350	54	53	60	61	0.031353	2.55
2351	54	53	61	62	0.016922	2.69
2352	54	53	62	63	0.009748	2.58
2353	54	52	56	58	0.742839	1.84
2354	54	52	58	60	0.18058	2.85
2355	54	52	60	62	0.077744	3.0
2356	54	52	62	64	0.032636	3.07
2357	54	52	64	66	0.024425	3.31
2358	54	52	66	68	0.016717	3.58
2359	54	52	68	70	0.011775	3.46
2360	54	52	70	72	0.009371	3.13
2361	54	51	63	66	0.052176	2.98
2362	54	51	66	69	0.029788	3.09
2363	54	51	69	72	0.019643	3.01
2364	55	54	56	57	1.603101	1.16
2365	55	54	57	58	0.338953	1.02
2366	55	54	58	59	0.130702	2.42
2367	55	54	61	62	0.022257	3.62
2368	55	54	62	63	0.012314	3.76
2369	55	54	63	64	0.011868	3.56
2370	55	53	57	59	0.693689	1.58
2371	55	53	59	61	0.189694	2.43
2372	55	53	61	63	0.061279	3.21
2373	55	53	63	65	0.039543	3.19
2374	55	53	65	67	0.024859	3.62
2375	55	53	67	69	0.016133	3.88
2376	55	53	69	71	0.013104	3.15
2377	55	52	58	61	0.47423	2.55
2378	55	52	61	64	0.106814	3.1
2379	55	52	64	67	0.056889	3.34
2380	55	52	67	70	0.030843	3.56
2381	56	55	57	58	0.961227	0.7
2382	56	55	58	59	0.233685	1.95
2383	56	55	59	60	0.097904	23.94
2384	56	55	61	62	0.02639	3.25
2385	56	55	62	63	0.01393	4.05
2386	56	55	63	64	0.012988	3.29
2387	56	55	64	65	0.010238	4.32
2388	56	54	62	64	0.051123	2.91
2389	56	54	64	66	0.034237	3.04
2390	56	54	66	68	0.021632	3.13
2391	56	54	68	70	0.014412	3.01
2392	56	54	70	72	0.011042	2.64
2393	56	53	59	62	0.414223	2.31
2394	56	53	62	65	0.098831	2.98
2395	56	53	65	68	0.051673	3.22
2396	56	53	68	71	0.030875	3.39
2397	57	56	61	62	0.046986	2.78
2398	57	56	62	63	0.023142	2.85
2399	57	56	63	64	0.020508	2.82
2400	57	56	64	65	0.015483	3.39
2401	57	56	65	66	0.010569	3.01
2402	57	55	59	61	0.530821	1.59
2403	57	55	61	63	0.110468	2.9
2404	57	55	63	65	0.059247	2.97
2405	57	55	65	67	0.032985	3.33
2406	57	55	67	69	0.019882	3.81
2407	57	55	69	71	0.015295	3.42
2408	57	54	63	66	0.105702	3.12
2409	57	54	66	69	0.049734	3.66
2410	57	54	69	72	0.029398	3.68
2411	58	57	59	60	0.996001	0.08
2412	58	57	60	61	0.331442	0.55
2413	58	57	61	62	0.091546	2.25
2414	58	57	62	63	0.040432	2.4
2415	58	57	63	64	0.033207	2.4
2416	58	57	64	65	0.02349	2.85
2417	58	57	65	66	0.015247	3.31
2418	58	57	66	67	0.01234	2.97
2419	58	56	62	64	0.117329	2.5
2420	58	56	64	66	0.064822	2.98
2421	58	56	66	68	0.036157	3.3
2422	58	56	68	70	0.022227	3.5
2423	58	56	70	72	0.016145	3.39
2424	59	58	61	62	0.200535	2.61
2425	59	58	62	63	0.073918	2.86
2426	59	58	63	64	0.054098	2.75
2427	59	58	64	65	0.034968	3.19
2428	59	58	65	66	0.021219	3.29
2429	59	58	66	67	0.016347	3.63
2430	59	58	67	68	0.010867	4.32
2431	59	57	61	63	0.406253	2.52
2432	59	57	63	65	0.145769	2.73
2433	59	57	65	67	0.065168	3.17
2434	59	57	67	69	0.03467	3.36
2435	59	57	69	71	0.024583	3.54
2436	60	59	61	62	0.760616	2.03
2437	60	59	62	63	0.195277	2.23
2438	60	59	63	64	0.116558	2.16
2439	60	59	64	65	0.065099	2.85
2440	60	59	65	66	0.035696	2.83
2441	60	59	66	67	0.025569	2.96
2442	60	59	67	68	0.016017	2.92
2443	60	59	68	69	0.011947	3.21
2444	60	58	62	64	0.439721	2.37
2445	60	58	64	66	0.156999	2.92
2446	60	58	66	68	0.068825	3.27
2447	60	58	68	70	0.036908	3.45
2448	60	58	70	72	0.02467	3.51
2449	61	60	62	63	1.028027	1.72
2450	61	60	63	64	0.385588	1.54
2451	61	60	64	65	0.162137	2.27
2452	61	60	65	66	0.075034	2.42
2453	61	60	66	67	0.047977	2.5
2454	61	60	67	68	0.027561	2.83
2455	61	60	68	69	0.019471	2.76
2456	61	60	69	70	0.014907	2.92
2457	61	59	63	65	0.72901	1.92
2458	61	59	65	67	0.184292	2.59
2459	61	59	67	69	0.075029	3.03
2460	61	59	69	71	0.046148	3.36
2461	62	61	63	64	1.498458	0.66
2462	62	61	64	65	0.354699	1.75
2463	62	61	65	66	0.126771	1.97
2464	62	61	66	67	0.069446	2.27
2465	62	61	67	68	0.035956	2.56
2466	62	61	68	69	0.023575	2.64
2467	62	61	69	70	0.017055	2.86
2468	62	61	70	71	0.014202	3.31
2469	62	60	64	66	0.718248	1.98
2470	62	60	66	68	0.180945	2.47
2471	62	60	68	70	0.075035	2.75
2472	62	60	70	72	0.043574	3.15
2473	63	62	64	65	0.886711	1.24
2474	63	62	65	66	0.213483	1.44
2475	63	62	66	67	0.09644	1.81
2476	63	62	67	68	0.044129	2.39
2477	63	62	68	69	0.026736	2.35
2478	63	62	69	70	0.018246	2.56
2479	63	62	70	71	0.01451	3.51
2480	63	62	71	72	0.008273	2.31
2481	64	63	65	66	0.887045	0.84
2482	64	63	66	67	0.26919	1.44
2483	64	63	67	68	0.100925	2.04
2484	64	63	68	69	0.05483	2.21
2485	64	63	69	70	0.034674	2.47
2486	64	63	70	71	0.026073	2.85
2487	64	63	71	72	0.014228	2.47
2488	65	64	66	67	1.060314	0.83
2489	65	64	67	68	0.247928	1.6
2490	65	64	68	69	0.110028	1.84
2491	65	64	69	70	0.061508	2.25
2492	65	64	70	71	0.042416	2.67
2493	65	64	71	72	0.021767	1.98
2494	66	65	67	68	0.797622	1.03
2495	66	65	68	69	0.234233	1.38
2496	66	65	69	70	0.106665	1.98
2497	66	65	70	71	0.06483	2.44
2498	66	65	71	72	0.030519	2.25
2499	67	66	68	69	0.982367	0.8
2500	67	66	69	70	0.274946	1.54
2501	67	66	70	71	0.133662	2.04
2502	67	66	71	72	0.055123	1.92
