2053
1	2	1	3	4	1.046578	2.78
2	2	1	4	5	0.269478	1.2
3	2	1	5	6	0.104634	2.29
4	2	1	6	7	0.053234	1.95
5	2	1	7	8	0.030171	2.03
6	2	1	8	9	0.018786	2.1
7	2	1	9	10	0.013789	1.91
8	2	1	10	11	0.009538	2.07
9	3	2	5	6	0.262617	2.16
10	3	2	6	7	0.10231	1.8
11	3	2	7	8	0.049747	2.13
12	3	2	8	9	0.028042	2.42
13	3	2	9	10	0.01926	1.95
14	3	2	10	11	0.012756	2.34
15	3	2	11	12	0.009266	2.43
16	3	1	5	7	0.522707	2.04
17	3	1	7	9	0.126793	2.13
18	3	1	9	11	0.055371	2.01
19	3	1	11	13	0.027874	1.89
20	3	1	13	15	0.016108	1.97
21	3	1	15	17	0.01029	1.47
22	3	1	17	19	0.00689	2.29
23	3	1	19	21	0.004705	2.7
24	4	3	5	6	1.057666	1.97
25	4	3	6	7	0.232056	1.53
26	4	3	7	8	0.08825	2.03
27	4	3	8	9	0.043062	2.07
28	4	3	9	10	0.026983	2.0
29	4	3	10	11	0.016853	2.08
30	4	3	11	12	0.011744	2.07
31	4	3	12	13	0.007777	2.5
32	4	2	6	8	0.47219	1.71
33	4	2	8	10	0.117378	2.15
34	4	2	10	12	0.050648	2.15
35	4	2	12	14	0.025279	2.01
36	4	2	14	16	0.014832	1.44
37	4	2	16	18	0.009635	1.91
38	4	2	18	20	0.006327	2.06
39	4	2	20	22	0.004235	2.21
40	4	1	7	10	0.318014	1.97
41	4	1	10	13	0.086612	2.0
42	4	1	13	16	0.035851	1.74
43	4	1	16	19	0.018434	1.8
44	4	1	19	22	0.010146	2.94
45	4	1	25	28	0.003964	2.92
46	5	4	6	7	1.065949	1.14
47	5	4	7	8	0.236365	1.91
48	5	4	8	9	0.090156	2.25
49	5	4	9	10	0.04879	2.06
50	5	4	10	11	0.027851	2.22
51	5	4	11	12	0.018307	1.95
52	5	4	12	13	0.011659	1.59
53	5	4	13	14	0.00878	1.77
54	5	3	7	9	0.457587	1.97
55	5	3	9	11	0.120472	1.98
56	5	3	11	13	0.049534	2.21
57	5	3	13	15	0.02553	2.15
58	5	3	15	17	0.01511	2.16
59	5	3	17	19	0.009607	2.17
60	5	3	19	21	0.006293	1.71
61	5	3	21	23	0.004038	2.64
62	5	2	8	11	0.313644	2.01
63	5	2	11	14	0.0851	2.1
64	5	2	14	17	0.035127	2.13
65	5	2	17	20	0.018162	2.21
66	5	2	20	23	0.009665	2.49
67	5	2	23	26	0.005803	2.55
68	5	1	9	13	0.253179	1.83
69	5	1	13	17	0.06707	1.91
70	5	1	17	21	0.027531	2.07
71	5	1	21	25	0.012457	2.21
72	5	1	25	29	0.007061	3.39
73	5	1	29	33	0.004138	2.13
74	6	5	7	8	0.985123	1.78
75	6	5	8	9	0.224272	2.1
76	6	5	9	10	0.094402	1.8
77	6	5	10	11	0.046678	1.92
78	6	5	11	12	0.028118	2.01
79	6	5	12	13	0.016875	1.98
80	6	5	13	14	0.012186	1.67
81	6	5	14	15	0.008377	1.29
82	6	4	8	10	0.457457	2.04
83	6	4	10	12	0.120999	1.98
84	6	4	12	14	0.049534	2.1
85	6	4	14	16	0.026017	1.78
86	6	4	16	18	0.015738	2.22
87	6	4	18	20	0.009825	2.47
88	6	3	9	12	0.319637	1.94
89	6	3	12	15	0.082467	1.98
90	6	3	15	18	0.035789	1.97
91	6	3	18	21	0.017917	2.06
92	6	3	21	24	0.009348	2.73
93	6	3	24	27	0.005891	1.09
94	6	3	27	30	0.003739	3.13
95	6	2	10	14	0.246342	1.97
96	6	2	14	18	0.066249	1.86
97	6	2	18	22	0.026711	2.42
98	6	2	22	26	0.012252	1.5
99	6	2	26	30	0.006918	2.96
100	6	2	30	34	0.004028	2.82
101	6	2	34	38	0.002478	2.66
102	6	2	38	42	0.00179	2.92
103	6	1	11	16	0.205216	2.0
104	6	1	16	21	0.055013	2.22
105	6	1	21	26	0.019993	2.13
106	6	1	26	31	0.009765	1.52
107	6	1	31	36	0.005134	1.83
108	6	1	36	41	0.002942	4.65
109	7	6	8	9	1.083844	2.31
110	7	6	9	10	0.25553	1.72
111	7	6	10	11	0.096831	1.88
112	7	6	11	12	0.050242	2.07
113	7	6	12	13	0.027449	2.29
114	7	6	13	14	0.018562	2.15
115	7	6	14	15	0.012216	1.94
116	7	6	15	16	0.00908	2.61
117	7	5	9	11	0.493309	1.77
118	7	5	11	13	0.122734	2.04
119	7	5	13	15	0.051366	1.97
120	7	5	15	17	0.027255	2.04
121	7	5	17	19	0.016175	1.88
122	7	5	19	21	0.010047	2.54
123	7	5	21	23	0.006187	2.81
124	7	4	10	13	0.324005	1.94
125	7	4	13	16	0.086879	1.86
126	7	4	16	19	0.037214	2.06
127	7	4	19	22	0.018314	2.39
128	7	4	22	25	0.009678	1.42
129	7	3	11	15	0.249085	1.97
130	7	3	15	19	0.06819	2.03
131	7	3	19	23	0.026592	2.03
132	7	3	23	27	0.012605	2.44
133	7	3	27	31	0.006869	2.76
134	7	3	35	39	0.002526	3.33
135	7	3	39	43	0.001754	3.51
136	7	2	12	17	0.203775	1.88
137	7	2	17	22	0.054928	2.23
138	7	2	22	27	0.020077	2.08
139	7	2	27	32	0.009522	2.29
140	7	2	32	37	0.004919	2.03
141	7	2	37	42	0.003154	2.23
142	7	1	13	19	0.178331	1.86
143	7	1	19	25	0.044019	2.1
144	7	1	25	31	0.016569	2.31
145	7	1	31	37	0.007309	3.07
146	7	1	37	43	0.004214	3.25
147	7	1	43	49	0.002735	3.81
148	7	1	49	55	0.001614	3.87
149	8	7	9	10	1.127635	1.65
150	8	7	10	11	0.243277	1.68
151	8	7	11	12	0.098611	1.83
152	8	7	12	13	0.046486	2.08
153	8	7	13	14	0.028439	1.98
154	8	7	14	15	0.017543	1.72
155	8	7	15	16	0.012524	1.54
156	8	7	16	17	0.009021	1.19
157	8	6	10	12	0.488691	1.75
158	8	6	12	14	0.120944	2.01
159	8	6	14	16	0.051379	1.8
160	8	6	16	18	0.027924	2.06
161	8	6	18	20	0.016235	1.92
162	8	6	20	22	0.00987	2.35
163	8	6	22	24	0.006169	1.52
164	8	5	11	14	0.326901	1.94
165	8	5	14	17	0.086981	1.78
166	8	5	17	20	0.0377	1.98
167	8	5	20	23	0.017898	1.77
168	8	5	23	26	0.009865	2.64
169	8	5	29	32	0.003841	1.38
170	8	4	12	16	0.247816	1.97
171	8	4	16	20	0.069751	2.07
172	8	4	20	24	0.026439	2.79
173	8	4	24	28	0.012929	2.23
174	8	4	28	32	0.006904	1.89
175	8	4	32	36	0.004146	2.66
176	8	4	36	40	0.002491	2.7
177	8	3	13	18	0.208168	1.92
178	8	3	18	23	0.05418	2.06
179	8	3	23	28	0.020314	2.08
180	8	3	28	33	0.009487	2.52
181	8	3	33	38	0.004949	3.39
182	8	3	38	43	0.003111	4.11
183	8	3	43	48	0.002197	3.6
184	8	3	48	53	0.001388	4.47
185	8	2	14	20	0.1779	1.91
186	8	2	20	26	0.043237	2.0
187	8	2	26	32	0.01634	2.37
188	8	2	32	38	0.007315	3.19
189	8	2	38	44	0.004188	2.85
190	8	2	44	50	0.002695	5.64
191	8	2	56	62	0.00117	2.9
192	8	1	15	22	0.156692	2.01
193	8	1	29	36	0.013384	2.35
194	8	1	36	43	0.006052	2.46
195	8	1	43	50	0.003755	3.34
196	9	8	10	11	0.954076	1.65
197	9	8	11	12	0.235515	1.67
198	9	8	12	13	0.087817	1.98
199	9	8	13	14	0.046281	1.84
200	9	8	14	15	0.025994	1.67
201	9	8	15	16	0.017516	1.94
202	9	8	16	17	0.012123	2.1
203	9	8	17	18	0.008904	2.06
204	9	7	11	13	0.468261	1.78
205	9	7	13	15	0.118285	1.83
206	9	7	15	17	0.051217	1.83
207	9	7	17	19	0.027312	2.13
208	9	7	19	21	0.015797	1.94
209	9	7	21	23	0.009195	2.08
210	9	7	23	25	0.006087	0.93
211	9	7	25	27	0.004339	2.19
212	9	6	12	15	0.310692	1.94
213	9	6	15	18	0.088121	1.92
214	9	6	18	21	0.03703	1.86
215	9	6	21	24	0.017239	2.52
216	9	6	24	27	0.00997	2.07
217	9	6	27	30	0.005937	2.86
218	9	6	30	33	0.00378	2.64
219	9	6	33	36	0.002575	3.34
220	9	5	13	17	0.248054	1.84
221	9	5	17	21	0.069364	2.0
222	9	5	21	25	0.025784	1.95
223	9	5	25	29	0.012801	1.81
224	9	5	29	33	0.006836	1.6
225	9	5	33	37	0.003877	2.15
226	9	5	37	41	0.002675	3.34
227	9	4	14	19	0.206579	1.88
228	9	4	19	24	0.053567	2.15
229	9	4	24	29	0.020442	1.44
230	9	4	29	34	0.009471	2.37
231	9	4	34	39	0.005	3.0
232	9	4	39	44	0.003116	3.53
233	9	4	44	49	0.002184	2.91
234	9	4	49	54	0.001391	4.77
235	9	3	15	21	0.178799	1.88
236	9	3	21	27	0.042507	2.11
237	9	3	27	33	0.015964	2.44
238	9	3	33	39	0.00729	2.96
239	9	2	16	23	0.154502	1.97
240	9	2	23	30	0.035894	2.07
241	9	2	30	37	0.01279	2.78
242	9	2	37	44	0.006354	3.97
243	9	2	44	51	0.003696	3.9
244	9	2	51	58	0.002001	5.58
245	9	2	58	65	0.001504	3.84
246	9	1	17	25	0.135088	2.07
247	9	1	25	33	0.030857	2.37
248	9	1	33	41	0.010931	3.76
249	9	1	41	49	0.005657	4.2
250	9	1	49	57	0.002925	5.43
251	9	1	57	65	0.001969	2.13
252	10	9	11	12	1.025151	1.56
253	10	9	12	13	0.229667	1.95
254	10	9	13	14	0.093884	1.92
255	10	9	14	15	0.045462	2.01
256	10	9	15	16	0.02817	2.13
257	10	9	16	17	0.018422	1.88
258	10	9	17	18	0.013005	2.47
259	10	9	18	19	0.009132	2.76
260	10	8	12	14	0.457538	1.91
261	10	8	14	16	0.117172	1.89
262	10	8	16	18	0.052454	2.1
263	10	8	18	20	0.027381	1.74
264	10	8	20	22	0.015492	2.66
265	10	8	22	24	0.009137	0.45
266	10	8	24	26	0.006215	1.78
267	10	8	26	28	0.004368	2.16
268	10	7	13	16	0.315791	1.88
269	10	7	16	19	0.089059	1.98
270	10	7	19	22	0.036683	2.33
271	10	7	22	25	0.017194	1.19
272	10	7	25	28	0.009975	1.83
273	10	7	28	31	0.005919	0.84
274	10	7	34	37	0.002373	3.07
275	10	6	14	18	0.248867	1.92
276	10	6	18	22	0.068984	2.15
277	10	6	22	26	0.02593	1.41
278	10	6	26	30	0.012858	2.04
279	10	6	30	34	0.006827	2.39
280	10	6	34	38	0.003923	2.71
281	10	6	38	42	0.002714	4.02
282	10	6	42	46	0.001866	3.69
283	10	5	15	20	0.212034	1.91
284	10	5	20	25	0.053068	2.07
285	10	5	25	30	0.020564	1.74
286	10	5	30	35	0.009456	1.53
287	10	5	35	40	0.004993	3.45
288	10	4	16	22	0.181237	2.11
289	10	4	22	28	0.042975	1.62
290	10	4	28	34	0.016059	2.64
291	10	4	34	40	0.007328	3.79
292	10	4	40	46	0.004248	4.4
293	10	3	17	24	0.15486	2.04
294	10	3	24	31	0.036221	2.96
295	10	3	38	45	0.006366	3.24
296	10	3	45	52	0.003691	5.22
297	10	3	52	59	0.002025	4.83
298	10	2	18	26	0.133845	1.97
299	10	2	26	34	0.030653	2.33
300	10	2	34	42	0.010922	3.79
301	10	2	42	50	0.005675	4.74
302	10	2	50	58	0.002887	5.85
303	10	1	19	28	0.117922	2.03
304	10	1	28	37	0.025847	2.42
305	10	1	37	46	0.009988	3.45
306	10	1	46	55	0.004892	3.76
307	11	10	12	13	1.028118	1.36
308	11	10	13	14	0.234353	1.6
309	11	10	14	15	0.085396	1.83
310	11	10	15	16	0.045821	1.84
311	11	10	16	17	0.027393	1.78
312	11	10	17	18	0.018187	1.94
313	11	10	18	19	0.012257	1.77
314	11	10	19	20	0.008849	2.31
315	11	9	13	15	0.458963	1.71
316	11	9	15	17	0.119836	1.83
317	11	9	17	19	0.052577	2.08
318	11	9	19	21	0.027267	1.78
319	11	9	21	23	0.014736	1.94
320	11	9	23	25	0.009204	1.56
321	11	9	25	27	0.006275	1.8
322	11	9	27	29	0.004178	2.08
323	11	8	14	17	0.306279	1.83
324	11	8	17	20	0.088606	2.0
325	11	8	20	23	0.035135	1.81
326	11	8	23	26	0.017127	1.71
327	11	8	26	29	0.009759	2.15
328	11	8	29	32	0.005749	2.67
329	11	7	15	19	0.250905	1.88
330	11	7	19	23	0.067047	2.01
331	11	7	23	27	0.025942	1.92
332	11	7	27	31	0.012449	2.42
333	11	7	31	35	0.006607	2.49
334	11	7	35	39	0.00391	3.78
335	11	7	39	43	0.002607	4.16
336	11	6	16	21	0.211619	1.91
337	11	6	21	26	0.051739	2.1
338	11	6	26	31	0.020348	1.72
339	11	6	31	36	0.009303	3.24
340	11	6	36	41	0.00488	3.5
341	11	6	46	51	0.002257	4.17
342	11	6	51	56	0.001321	3.42
343	11	5	17	23	0.179336	2.01
344	11	5	23	29	0.042895	1.94
345	11	5	29	35	0.015848	1.95
346	11	5	35	41	0.007267	3.07
347	11	5	47	53	0.002614	3.85
348	11	5	53	59	0.001621	5.13
349	11	4	18	25	0.152683	1.94
350	11	4	25	32	0.035977	2.1
351	11	4	32	39	0.012852	3.42
352	11	4	39	46	0.006307	3.54
353	11	3	19	27	0.132149	2.01
354	11	3	27	35	0.029951	2.42
355	11	3	35	43	0.010814	3.71
356	11	3	43	51	0.005763	4.67
357	11	3	51	59	0.002841	3.65
358	11	2	20	29	0.115196	2.01
359	11	2	29	38	0.025493	2.61
360	11	2	38	47	0.009982	3.42
361	11	2	47	56	0.004704	4.53
362	11	2	56	65	0.002771	2.91
363	11	1	21	31	0.101843	2.1
364	11	1	41	51	0.009119	4.3
365	11	1	51	61	0.004054	3.76
366	12	11	13	14	1.108679	1.48
367	12	11	14	15	0.215903	1.95
368	12	11	15	16	0.089296	1.92
369	12	11	16	17	0.046484	1.94
370	12	11	17	18	0.02832	2.22
371	12	11	18	19	0.018014	1.8
372	12	11	19	20	0.012462	1.59
373	12	11	20	21	0.008827	1.92
374	12	10	14	16	0.436236	1.91
375	12	10	16	18	0.120389	2.04
376	12	10	18	20	0.051622	1.8
377	12	10	20	22	0.02613	2.67
378	12	10	24	26	0.009133	1.8
379	12	10	28	30	0.004068	2.13
380	12	9	15	18	0.314974	1.94
381	12	9	18	21	0.088007	1.84
382	12	9	21	24	0.033995	2.34
383	12	9	24	27	0.017396	1.89
384	12	9	27	30	0.0095	1.06
385	12	9	30	33	0.005653	2.01
386	12	8	16	20	0.251775	1.94
387	12	8	20	24	0.065018	1.89
388	12	8	24	28	0.025856	1.53
389	12	8	28	32	0.012133	1.65
390	12	8	32	36	0.006608	1.68
391	12	8	36	40	0.003752	2.49
392	12	7	17	22	0.210384	2.15
393	12	7	22	27	0.051291	1.35
394	12	7	27	32	0.019655	2.1
395	12	7	32	37	0.00888	2.82
396	12	7	37	42	0.005209	3.87
397	12	7	42	47	0.00327	4.49
398	12	7	52	57	0.001324	2.85
399	12	6	18	24	0.176244	1.97
400	12	6	24	30	0.042806	1.94
401	12	6	30	36	0.015687	2.07
402	12	6	36	42	0.007183	3.17
403	12	6	54	60	0.001642	4.54
404	12	5	19	26	0.150853	2.04
405	12	5	26	33	0.035596	2.17
406	12	5	33	40	0.01267	3.07
407	12	5	40	47	0.0065	4.28
408	12	5	47	54	0.003561	3.74
409	12	5	61	68	0.001589	2.39
410	12	4	20	28	0.130273	2.04
411	12	4	28	36	0.029822	2.43
412	12	4	36	44	0.010791	4.0
413	12	4	44	52	0.005702	4.71
414	12	3	21	30	0.113054	2.13
415	12	3	30	39	0.025259	2.61
416	12	3	39	48	0.009941	3.56
417	12	2	22	32	0.100526	1.62
418	12	2	32	42	0.022215	3.06
419	12	1	23	34	0.090951	2.06
420	12	1	34	45	0.019979	3.44
421	12	1	45	56	0.007935	4.54
422	13	12	14	15	0.845066	2.29
423	13	12	15	16	0.199989	1.97
424	13	12	16	17	0.081554	1.94
425	13	12	17	18	0.043549	2.4
426	13	12	18	19	0.0255	1.67
427	13	12	19	20	0.016682	1.81
428	13	12	20	21	0.011339	1.78
429	13	12	21	22	0.00768	3.5
430	13	11	15	17	0.41718	1.95
431	13	11	17	19	0.11542	2.13
432	13	11	19	21	0.049339	1.95
433	13	11	21	23	0.023826	2.47
434	13	11	23	25	0.013743	1.94
435	13	11	25	27	0.008821	2.52
436	13	11	27	29	0.005627	3.0
437	13	11	29	31	0.003879	2.86
438	13	10	16	19	0.301164	1.97
439	13	10	19	22	0.08319	2.31
440	13	10	22	25	0.032178	1.3
441	13	10	25	28	0.016515	2.11
442	13	10	28	31	0.008986	1.97
443	13	10	31	34	0.005262	2.59
444	13	10	34	37	0.003203	2.66
445	13	9	17	21	0.244505	2.04
446	13	9	21	25	0.061547	2.08
447	13	9	25	29	0.024927	2.07
448	13	9	29	33	0.011668	1.89
449	13	9	41	45	0.00263	3.33
450	13	9	45	49	0.001895	3.24
451	13	8	18	23	0.200281	1.91
452	13	8	23	28	0.049963	1.78
453	13	8	28	33	0.018836	1.72
454	13	8	33	38	0.008582	2.25
455	13	7	19	25	0.169224	1.97
456	13	7	25	31	0.041434	1.56
457	13	7	31	37	0.01456	2.4
458	13	7	37	43	0.007364	2.97
459	13	7	49	55	0.002429	2.46
460	13	6	20	27	0.144981	1.98
461	13	6	27	34	0.034092	2.01
462	13	6	34	41	0.012329	3.27
463	13	6	41	48	0.006492	3.93
464	13	6	55	62	0.00215	5.1
465	13	5	21	29	0.125042	2.04
466	13	5	29	37	0.028439	2.31
467	13	5	37	45	0.011161	3.38
468	13	5	45	53	0.005531	3.65
469	13	5	61	69	0.00207	1.2
470	13	4	22	31	0.110452	1.6
471	13	4	31	40	0.024527	3.15
472	13	4	40	49	0.009957	4.43
473	13	4	58	67	0.002832	3.65
474	13	3	23	33	0.09856	1.98
475	13	3	33	43	0.021633	2.7
476	13	3	43	53	0.008875	3.97
477	13	3	53	63	0.004148	3.36
478	13	2	24	35	0.088853	2.21
479	13	2	35	46	0.019551	3.56
480	13	2	46	57	0.007836	4.79
481	13	2	57	68	0.004009	0.41
482	14	13	15	16	0.956636	2.44
483	14	13	16	17	0.216953	1.88
484	14	13	17	18	0.090468	2.33
485	14	13	18	19	0.046257	1.84
486	14	13	19	20	0.027732	2.04
487	14	13	20	21	0.017801	1.74
488	14	13	22	23	0.007894	1.11
489	14	12	16	18	0.432385	2.0
490	14	12	18	20	0.116183	1.89
491	14	12	20	22	0.048376	2.56
492	14	12	22	24	0.023368	1.14
493	14	12	24	26	0.013817	1.78
494	14	12	26	28	0.008702	2.01
495	14	12	28	30	0.005513	2.23
496	14	12	30	32	0.003701	2.25
497	14	11	17	20	0.308958	2.08
498	14	11	20	23	0.08129	2.04
499	14	11	23	26	0.032405	2.0
500	14	11	26	29	0.01628	2.15
501	14	11	29	32	0.008749	2.0
502	14	11	35	38	0.00319	1.11
503	14	10	18	22	0.242245	2.07
504	14	10	22	26	0.060573	1.27
505	14	10	26	30	0.024413	2.08
506	14	10	30	34	0.01128	1.84
507	14	10	34	38	0.005915	2.86
508	14	10	38	42	0.003856	2.56
509	14	10	42	46	0.00254	3.71
510	14	9	19	24	0.198691	2.03
511	14	9	24	29	0.049794	1.92
512	14	9	29	34	0.018479	1.89
513	14	9	34	39	0.008521	3.18
514	14	9	39	44	0.004907	3.17
515	14	9	49	54	0.001948	3.87
516	14	9	54	59	0.001307	4.94
517	14	8	20	26	0.165895	1.97
518	14	8	26	32	0.040555	1.98
519	14	8	32	38	0.01443	2.78
520	14	8	38	44	0.007272	3.46
521	14	8	44	50	0.004284	3.56
522	14	8	56	62	0.001651	2.94
523	14	7	21	28	0.141585	1.98
524	14	7	28	35	0.033311	1.92
525	14	7	35	42	0.012187	3.46
526	14	7	42	49	0.006394	2.64
527	14	6	22	30	0.123741	1.58
528	14	6	30	38	0.02796	2.25
529	14	6	38	46	0.010999	3.57
530	14	6	46	54	0.005508	3.38
531	14	5	23	32	0.109923	1.84
532	14	5	32	41	0.024289	2.97
533	14	5	41	50	0.009997	3.99
534	14	5	50	59	0.004471	4.56
535	14	5	59	68	0.002878	1.48
536	14	4	24	34	0.098233	1.92
537	14	4	34	44	0.021585	3.22
538	14	4	44	54	0.008762	4.72
539	14	4	54	64	0.004188	3.71
540	14	3	25	36	0.087847	2.19
541	14	3	36	47	0.019445	3.79
542	14	3	47	58	0.007583	4.67
543	15	14	16	17	0.928251	1.8
544	15	14	17	18	0.217778	2.17
545	15	14	18	19	0.087375	1.62
546	15	14	19	20	0.045694	1.81
547	15	14	20	21	0.026997	1.83
548	15	14	23	24	0.007719	1.3
549	15	13	17	19	0.441663	2.04
550	15	13	19	21	0.11823	1.88
551	15	13	21	23	0.046677	1.94
552	15	13	23	25	0.023862	1.83
553	15	13	25	27	0.014051	1.65
554	15	13	27	29	0.008405	1.89
555	15	13	29	31	0.005508	2.0
556	15	13	31	33	0.003579	1.94
557	15	12	18	21	0.305295	1.78
558	15	12	21	24	0.077541	2.16
559	15	12	24	27	0.032319	1.65
560	15	12	27	30	0.015485	2.03
561	15	12	30	33	0.008377	1.11
562	15	12	33	36	0.005056	2.83
563	15	11	19	23	0.238036	1.98
564	15	11	23	27	0.060528	1.83
565	15	11	27	31	0.023458	1.98
566	15	11	31	35	0.010776	2.35
567	15	11	35	39	0.005818	3.09
568	15	10	20	25	0.192662	1.98
569	15	10	25	30	0.048517	1.95
570	15	10	30	35	0.017723	2.44
571	15	10	35	40	0.008186	3.06
572	15	10	40	45	0.004859	3.81
573	15	10	50	55	0.001825	4.57
574	15	9	21	27	0.161231	1.98
575	15	9	27	33	0.039041	1.89
576	15	9	33	39	0.014146	2.39
577	15	9	39	45	0.007091	2.56
578	15	9	45	51	0.00424	3.07
579	15	9	57	63	0.001669	1.16
580	15	8	22	29	0.138597	1.41
581	15	8	29	36	0.032491	1.77
582	15	8	36	43	0.011735	2.66
583	15	8	43	50	0.006404	2.61
584	15	8	50	57	0.003215	1.83
585	15	8	57	64	0.002178	1.17
586	15	7	23	31	0.122361	1.84
587	15	7	31	39	0.02713	2.25
588	15	7	47	55	0.005201	3.78
589	15	7	55	63	0.002978	3.99
590	15	6	24	33	0.108427	1.91
591	15	6	33	42	0.023836	3.07
592	15	6	42	51	0.009855	4.35
593	15	5	25	35	0.096276	1.95
594	15	5	35	45	0.021317	2.75
595	15	5	45	55	0.008594	4.4
596	15	4	26	37	0.085451	2.13
597	15	4	37	48	0.020183	3.45
598	15	4	48	59	0.007409	4.3
599	16	15	17	18	0.991433	2.43
600	16	15	18	19	0.220997	1.58
601	16	15	19	20	0.091165	1.88
602	16	15	20	21	0.047488	1.89
603	16	15	22	23	0.016347	0.54
604	16	15	23	24	0.011232	2.76
605	16	15	24	25	0.00812	1.38
606	16	14	18	20	0.445086	1.65
607	16	14	20	22	0.117506	2.42
608	16	14	22	24	0.046078	1.06
609	16	14	24	26	0.024192	1.6
610	16	14	26	28	0.014004	1.65
611	16	14	28	30	0.008314	1.64
612	16	14	32	34	0.003587	2.31
613	16	13	19	22	0.311326	2.11
614	16	13	22	25	0.078273	1.12
615	16	13	25	28	0.03271	1.67
616	16	13	28	31	0.015567	1.22
617	16	13	31	34	0.008237	2.47
618	16	12	20	24	0.235308	2.01
619	16	12	24	28	0.060737	1.64
620	16	12	28	32	0.022837	1.83
621	16	12	32	36	0.010729	1.69
622	16	12	36	40	0.005567	2.9
623	16	12	40	44	0.003711	2.29
624	16	11	21	26	0.188944	2.0
625	16	11	26	31	0.048071	2.04
626	16	11	31	36	0.01731	1.77
627	16	11	41	46	0.004805	2.46
628	16	10	22	28	0.15964	1.33
629	16	10	28	34	0.038064	1.91
630	16	10	34	40	0.01375	2.79
631	16	10	40	46	0.007022	2.82
632	16	10	46	52	0.004159	4.12
633	16	10	52	58	0.002241	4.11
634	16	10	58	64	0.001683	3.78
635	16	9	23	30	0.138948	1.81
636	16	9	30	37	0.03108	1.88
637	16	9	37	44	0.012375	2.76
638	16	9	44	51	0.006306	2.94
639	16	9	51	58	0.003137	3.45
640	16	8	24	32	0.121558	1.78
641	16	8	32	40	0.026685	2.28
642	16	8	40	48	0.010934	2.83
643	16	8	48	56	0.005033	3.63
644	16	8	56	64	0.003018	1.38
645	16	7	25	34	0.106925	1.84
646	16	7	34	43	0.023362	3.07
647	16	7	43	52	0.009825	3.27
648	16	7	52	61	0.004375	4.19
649	16	6	26	36	0.095036	1.92
650	16	6	46	56	0.008538	2.61
651	16	5	27	38	0.083463	1.95
652	16	5	38	49	0.019937	2.81
653	17	16	18	19	0.956111	1.46
654	17	16	19	20	0.221441	1.8
655	17	16	20	21	0.092797	1.97
656	17	16	24	25	0.011547	1.81
657	17	16	25	26	0.008138	2.23
658	17	15	19	21	0.452719	1.84
659	17	15	21	23	0.114163	2.17
660	17	15	23	25	0.047573	1.77
661	17	15	25	27	0.024865	1.81
662	17	15	27	29	0.013694	1.89
663	17	15	31	33	0.005186	2.47
664	17	15	33	35	0.003538	2.35
665	17	14	20	23	0.308602	2.06
666	17	14	23	26	0.079517	1.81
667	17	14	26	29	0.032503	2.06
668	17	14	29	32	0.015234	1.58
669	17	14	32	35	0.008162	1.95
670	17	14	35	38	0.004676	2.33
671	17	14	38	41	0.003291	2.5
672	17	14	41	44	0.002324	3.1
673	17	13	21	25	0.232215	2.08
674	17	13	25	29	0.061052	1.84
675	17	13	29	33	0.022724	1.52
676	17	13	33	37	0.010121	2.06
677	17	13	41	45	0.003765	2.35
678	17	12	22	27	0.188626	1.32
679	17	12	27	32	0.04651	1.84
680	17	12	32	37	0.016484	2.46
681	17	12	37	42	0.008471	3.54
682	17	12	42	47	0.004835	3.04
683	17	12	52	57	0.001759	5.07
684	17	11	23	29	0.16069	1.84
685	17	11	29	35	0.037356	1.88
686	17	11	35	41	0.013521	2.34
687	17	11	41	47	0.007137	2.88
688	17	11	47	53	0.003901	2.88
689	17	10	24	31	0.138804	1.67
690	17	10	31	38	0.030226	2.16
691	17	10	38	45	0.012108	2.96
692	17	10	45	52	0.006154	3.53
693	17	10	52	59	0.003095	3.99
694	17	10	59	66	0.002219	1.81
695	17	9	25	33	0.120358	1.94
696	17	9	33	41	0.026195	2.64
697	17	9	41	49	0.010897	4.06
698	17	9	57	65	0.003044	2.92
699	17	8	26	35	0.105328	2.04
700	17	8	35	44	0.023165	3.03
701	17	7	27	37	0.09152	1.91
702	17	7	47	57	0.008204	2.69
703	17	6	28	39	0.082136	2.1
704	17	6	39	50	0.019685	3.07
705	17	6	50	61	0.007235	4.49
706	18	17	19	20	0.950796	1.47
707	18	17	20	21	0.232623	1.88
708	18	17	21	22	0.091476	3.01
709	18	17	23	24	0.026847	2.03
710	18	17	24	25	0.017575	1.46
711	18	17	25	26	0.011858	1.4
712	18	17	26	27	0.008654	2.82
713	18	16	20	22	0.462421	2.23
714	18	16	22	24	0.114159	1.01
715	18	16	24	26	0.049143	1.59
716	18	16	26	28	0.025248	2.0
717	18	16	28	30	0.013741	2.31
718	18	16	30	32	0.008199	1.19
719	18	16	32	34	0.005224	1.81
720	18	16	34	36	0.003581	2.06
721	18	15	21	24	0.305355	2.13
722	18	15	24	27	0.082677	1.62
723	18	15	27	30	0.032232	1.94
724	18	15	30	33	0.01513	1.47
725	18	15	33	36	0.008207	2.69
726	18	15	39	42	0.003271	1.88
727	18	14	22	26	0.233538	1.12
728	18	14	26	30	0.061352	1.89
729	18	14	30	34	0.022339	1.56
730	18	14	34	38	0.010089	2.62
731	18	14	38	42	0.006002	2.66
732	18	14	42	46	0.003687	2.1
733	18	14	46	50	0.002624	2.01
734	18	13	23	28	0.193832	1.8
735	18	13	28	33	0.046395	1.74
736	18	13	33	38	0.016482	2.21
737	18	13	38	43	0.00834	2.56
738	18	13	43	48	0.005005	2.85
739	18	13	53	58	0.001808	2.42
740	18	13	58	63	0.001376	2.43
741	18	12	24	30	0.162725	1.75
742	18	12	30	36	0.036785	1.67
743	18	12	36	42	0.013277	2.62
744	18	12	42	48	0.007116	2.33
745	18	12	48	54	0.003757	2.04
746	18	12	54	60	0.002273	2.83
747	18	11	25	32	0.138469	1.77
748	18	11	39	46	0.011856	2.08
749	18	10	26	34	0.119364	1.84
750	18	10	34	42	0.025881	2.33
751	18	10	42	50	0.010771	1.97
752	18	9	27	36	0.103318	1.75
753	18	9	36	45	0.022818	2.33
754	18	9	54	63	0.004485	0.99
755	18	8	28	38	0.090271	1.94
756	18	8	38	48	0.021645	2.54
757	18	8	48	58	0.007989	3.29
758	19	18	20	21	0.917408	2.11
759	19	18	21	22	0.217244	2.81
760	19	18	23	24	0.044681	1.98
761	19	18	24	25	0.026966	1.48
762	19	18	25	26	0.017172	1.75
763	19	18	26	27	0.012011	1.98
764	19	18	27	28	0.008072	2.21
765	19	17	21	23	0.438171	2.06
766	19	17	23	25	0.116085	1.8
767	19	17	25	27	0.049716	1.75
768	19	17	27	29	0.024305	2.01
769	19	17	29	31	0.0137	1.4
770	19	17	31	33	0.00785	1.08
771	19	17	33	35	0.005078	2.16
772	19	17	35	37	0.003128	2.13
773	19	16	22	25	0.299498	1.01
774	19	16	25	28	0.08254	1.84
775	19	16	28	31	0.031898	1.97
776	19	16	31	34	0.014555	1.95
777	19	16	34	37	0.007497	2.5
778	19	16	37	40	0.005085	2.94
779	19	16	43	46	0.002338	2.69
780	19	15	23	27	0.238194	1.81
781	19	15	27	31	0.060131	1.72
782	19	15	31	35	0.021685	2.16
783	19	15	35	39	0.010106	2.04
784	19	15	39	43	0.005787	3.1
785	19	15	43	47	0.003867	2.16
786	19	14	24	29	0.194957	1.75
787	19	14	29	34	0.045542	1.58
788	19	14	34	39	0.016313	2.37
789	19	14	39	44	0.008197	2.06
790	19	14	44	49	0.004891	2.9
791	19	14	49	54	0.002774	2.59
792	19	13	25	31	0.162703	1.72
793	19	13	31	37	0.034995	1.83
794	19	13	37	43	0.014028	2.76
795	19	13	43	49	0.00721	2.73
796	19	13	49	55	0.003672	2.19
797	19	13	55	61	0.002325	2.7
798	19	12	26	33	0.136864	1.84
799	19	12	33	40	0.029395	2.25
800	19	12	40	47	0.012028	2.31
801	19	12	47	54	0.005766	3.31
802	19	12	54	61	0.003137	3.65
803	19	11	27	35	0.116039	1.78
804	19	11	35	43	0.025395	2.25
805	19	11	43	51	0.010818	2.01
806	19	10	28	37	0.099909	2.0
807	19	10	37	46	0.023576	3.17
808	19	10	46	55	0.009247	4.67
809	19	9	29	39	0.08885	1.95
810	19	9	39	49	0.021257	2.83
811	19	9	49	59	0.007875	4.14
812	20	19	21	22	1.021518	2.73
813	20	19	22	23	0.221742	0.2
814	20	19	23	24	0.092431	1.94
815	20	19	24	25	0.048652	1.48
816	20	19	25	26	0.028306	1.62
817	20	19	26	27	0.018611	1.98
818	20	19	27	28	0.011961	2.17
819	20	19	28	29	0.008234	2.33
820	20	18	22	24	0.443489	0.72
821	20	18	24	26	0.121119	1.48
822	20	18	26	28	0.050672	1.91
823	20	18	28	30	0.024392	1.91
824	20	18	30	32	0.013265	1.54
825	20	18	32	34	0.007866	2.11
826	20	17	23	26	0.314448	1.72
827	20	17	26	29	0.083812	2.01
828	20	17	29	32	0.031639	1.22
829	20	17	32	35	0.01456	1.84
830	20	17	35	38	0.007541	1.74
831	20	17	38	41	0.004976	2.47
832	20	17	44	47	0.00237	1.67
833	20	16	24	28	0.246135	1.65
834	20	16	28	32	0.059616	1.78
835	20	16	32	36	0.021794	1.84
836	20	16	36	40	0.009781	2.81
837	20	16	40	44	0.005947	2.04
838	20	16	44	48	0.003856	1.44
839	20	16	52	56	0.001511	2.52
840	20	15	25	30	0.19815	1.84
841	20	15	30	35	0.044901	1.64
842	20	15	35	40	0.01615	2.19
843	20	15	40	45	0.008344	2.33
844	20	15	45	50	0.004904	2.76
845	20	14	26	32	0.163165	1.88
846	20	14	32	38	0.034958	1.95
847	20	14	38	44	0.013937	2.56
848	20	14	44	50	0.007128	2.88
849	20	14	50	56	0.003584	2.13
850	20	13	27	34	0.135068	1.78
851	20	13	34	41	0.029172	1.97
852	20	13	41	48	0.012204	1.74
853	20	13	48	55	0.005571	2.07
854	20	12	28	36	0.114979	1.8
855	20	12	36	44	0.02504	2.21
856	20	12	44	52	0.010564	1.8
857	20	12	52	60	0.00469	2.5
858	20	11	29	38	0.098967	1.91
859	20	11	38	47	0.023492	2.44
860	20	11	47	56	0.008869	3.38
861	20	11	56	65	0.004583	1.98
862	20	10	30	40	0.086974	1.88
863	20	10	40	50	0.021297	2.22
864	20	10	50	60	0.007702	3.1
865	21	20	22	23	0.857169	0.12
866	21	20	23	24	0.2207	1.75
867	21	20	24	25	0.094121	1.42
868	21	20	25	26	0.048283	1.74
869	21	20	26	27	0.029284	2.1
870	21	20	27	28	0.017794	2.28
871	21	20	28	29	0.011745	1.65
872	21	20	29	30	0.008309	1.86
873	21	19	23	25	0.455744	1.69
874	21	19	25	27	0.124492	1.89
875	21	19	27	29	0.049744	2.11
876	21	19	29	31	0.024773	1.4
877	21	19	31	33	0.012871	2.23
878	21	19	33	35	0.007732	1.77
879	21	19	35	37	0.004514	0.96
880	21	19	37	39	0.003689	2.37
881	21	18	24	27	0.323388	1.59
882	21	18	27	30	0.082312	2.06
883	21	18	30	33	0.030912	1.64
884	21	18	33	36	0.014401	1.58
885	21	18	39	42	0.004843	2.17
886	21	18	42	45	0.00327	1.03
887	21	17	25	29	0.248249	1.92
888	21	17	29	33	0.059231	1.52
889	21	17	33	37	0.020479	1.84
890	21	17	37	41	0.010624	2.47
891	21	17	41	45	0.00598	1.64
892	21	17	45	49	0.00383	2.27
893	21	16	26	31	0.199607	1.94
894	21	16	31	36	0.043913	1.88
895	21	16	36	41	0.015738	1.94
896	21	16	41	46	0.008303	1.83
897	21	16	46	51	0.004963	2.43
898	21	16	61	66	0.001432	0.08
899	21	15	27	33	0.160557	1.89
900	21	15	33	39	0.034708	2.07
901	21	15	39	45	0.013727	1.86
902	21	15	45	51	0.007116	2.13
903	21	15	51	57	0.003503	1.32
904	21	15	57	63	0.002408	0.6
905	21	14	28	35	0.133536	1.81
906	21	14	35	42	0.028984	2.07
907	21	14	42	49	0.012039	2.01
908	21	13	29	37	0.112547	1.78
909	21	13	37	45	0.026463	2.46
910	21	13	45	53	0.010386	3.0
911	21	12	30	39	0.097251	1.81
912	21	12	39	48	0.023204	2.22
913	21	12	57	66	0.004598	1.29
914	21	11	31	41	0.084905	2.17
915	21	11	41	51	0.021265	1.88
916	21	11	51	61	0.007557	1.88
917	22	21	23	24	0.879206	1.3
918	22	21	24	25	0.222531	1.19
919	22	21	25	26	0.091108	1.78
920	22	21	26	27	0.048711	2.04
921	22	21	27	28	0.02732	1.98
922	22	21	28	29	0.017067	2.28
923	22	21	29	30	0.011618	1.97
924	22	21	30	31	0.008018	1.05
925	22	20	24	26	0.455973	1.42
926	22	20	26	28	0.123133	2.17
927	22	20	28	30	0.048772	2.15
928	22	20	30	32	0.023402	1.35
929	22	20	32	34	0.0126	1.48
930	22	20	34	36	0.007564	1.29
931	22	20	36	38	0.004312	2.23
932	22	20	38	40	0.003423	1.98
933	22	19	25	28	0.321271	1.94
934	22	19	28	31	0.081496	1.83
935	22	19	31	34	0.029565	1.86
936	22	19	34	37	0.0131	2.08
937	22	19	37	40	0.008067	2.7
938	22	19	40	43	0.004792	1.38
939	22	19	43	46	0.003259	2.01
940	22	18	26	30	0.246878	2.08
941	22	18	30	34	0.057166	1.4
942	22	18	34	38	0.020034	1.83
943	22	18	38	42	0.010339	1.56
944	22	18	42	46	0.005752	1.11
945	22	18	46	50	0.003829	0.81
946	22	17	27	32	0.193383	1.92
947	22	17	32	37	0.041895	1.89
948	22	17	37	42	0.01686	1.98
949	22	17	42	47	0.008298	2.11
950	22	17	47	52	0.00465	1.4
951	22	16	28	34	0.157463	1.81
952	22	16	34	40	0.033788	2.13
953	22	16	40	46	0.013647	1.75
954	22	16	46	52	0.007024	2.49
955	22	16	52	58	0.003455	2.59
956	22	15	29	36	0.131534	1.71
957	22	15	36	43	0.028129	2.17
958	22	15	43	50	0.012145	1.97
959	22	15	50	57	0.005316	1.22
960	22	14	30	38	0.109601	1.8
961	22	14	38	46	0.025804	2.1
962	22	14	46	54	0.010265	2.34
963	22	14	54	62	0.004788	1.41
964	22	13	31	40	0.094226	2.03
965	22	12	32	42	0.083704	2.15
966	22	12	42	52	0.020776	1.77
967	23	22	24	25	0.964794	0.69
968	23	22	25	26	0.223408	1.44
969	23	22	26	27	0.094673	1.97
970	23	22	27	28	0.046809	1.88
971	23	22	28	29	0.027013	2.15
972	23	22	29	30	0.017454	1.58
973	23	22	30	31	0.011539	1.11
974	23	22	31	32	0.007354	1.75
975	23	21	25	27	0.457742	1.68
976	23	21	27	29	0.118237	2.01
977	23	21	29	31	0.048639	1.3
978	23	21	31	33	0.022127	2.06
979	23	21	33	35	0.012066	1.62
980	23	21	35	37	0.006551	1.41
981	23	21	37	39	0.005075	2.4
982	23	21	39	41	0.003195	2.73
983	23	20	26	29	0.320393	2.04
984	23	20	29	32	0.079733	1.54
985	23	20	32	35	0.02898	1.84
986	23	20	35	38	0.012896	1.77
987	23	20	38	41	0.007705	1.75
988	23	20	41	44	0.004794	0.96
989	23	19	27	31	0.241386	1.86
990	23	19	31	35	0.054831	1.97
991	23	19	35	39	0.019853	1.8
992	23	19	39	43	0.009871	1.91
993	23	19	43	47	0.005966	2.23
994	23	19	47	51	0.00363	1.38
995	23	19	51	55	0.002063	0.77
996	23	19	55	59	0.001531	0.93
997	23	18	28	33	0.190226	1.81
998	23	18	33	38	0.040866	2.01
999	23	18	38	43	0.016224	2.01
1000	23	18	43	48	0.008391	1.44
1001	23	18	48	53	0.004339	2.19
1002	23	18	58	63	0.001894	0.22
1003	23	17	29	35	0.154871	1.68
1004	23	17	35	41	0.033122	1.94
1005	23	17	41	47	0.013776	1.88
1006	23	17	47	53	0.00655	2.15
1007	23	16	30	37	0.12595	1.56
1008	23	16	37	44	0.02974	1.97
1009	23	16	44	51	0.011873	2.07
1010	23	16	51	58	0.005142	1.48
1011	23	15	31	39	0.106462	2.01
1012	23	15	39	47	0.025504	1.65
1013	23	15	47	55	0.009729	1.32
1014	23	14	32	41	0.092792	2.01
1015	23	14	41	50	0.023094	1.97
1016	23	14	50	59	0.008229	2.7
1017	24	23	25	26	0.989613	1.2
1018	24	23	26	27	0.232339	1.83
1019	24	23	27	28	0.090956	1.77
1020	24	23	28	29	0.046541	1.89
1021	24	23	29	30	0.028005	1.41
1022	24	23	31	32	0.010716	1.78
1023	24	23	32	33	0.007583	0.57
1024	24	22	26	28	0.464644	1.88
1025	24	22	28	30	0.119055	1.88
1026	24	22	30	32	0.047138	1.26
1027	24	22	32	34	0.022247	1.47
1028	24	22	34	36	0.012057	1.52
1029	24	22	36	38	0.006391	1.68
1030	24	22	38	40	0.004833	1.84
1031	24	22	40	42	0.003316	1.56
1032	24	21	27	30	0.312737	1.92
1033	24	21	30	33	0.077537	1.29
1034	24	21	33	36	0.028416	1.5
1035	24	21	36	39	0.012546	1.8
1036	24	21	39	42	0.007471	1.86
1037	24	21	45	48	0.003249	1.62
1038	24	20	28	32	0.238317	1.8
1039	24	20	32	36	0.054501	1.71
1040	24	20	36	40	0.018988	2.15
1041	24	20	40	44	0.009998	1.59
1042	24	20	44	48	0.005854	1.94
1043	24	20	52	56	0.002034	1.64
1044	24	19	29	34	0.188788	1.56
1045	24	19	34	39	0.040364	2.04
1046	24	19	39	44	0.015913	1.44
1047	24	19	44	49	0.008178	1.6
1048	24	19	49	54	0.004238	0.96
1049	24	18	30	36	0.151244	1.53
1050	24	18	36	42	0.032288	2.22
1051	24	18	42	48	0.013601	1.44
1052	24	18	48	54	0.006268	1.22
1053	24	17	31	38	0.122219	1.98
1054	24	17	38	45	0.029164	1.83
1055	24	17	45	52	0.011627	2.16
1056	24	17	52	59	0.005098	1.59
1057	24	16	32	40	0.105041	1.95
1058	24	16	40	48	0.025677	1.83
1059	24	16	48	56	0.009379	1.77
1060	24	16	56	64	0.004916	0.39
1061	24	15	33	42	0.091271	2.04
1062	24	15	42	51	0.0228	1.72
1063	24	15	51	60	0.00807	1.81
1064	25	24	26	27	1.048055	1.72
1065	25	24	27	28	0.225682	1.83
1066	25	24	28	29	0.09172	2.01
1067	25	24	29	30	0.049336	1.65
1068	25	24	30	31	0.028562	0.98
1069	25	24	31	32	0.016515	1.92
1070	25	24	32	33	0.011237	1.36
1071	25	24	33	34	0.007586	1.59
1072	25	23	27	29	0.454809	1.86
1073	25	23	29	31	0.123443	1.29
1074	25	23	31	33	0.046058	1.91
1075	25	23	33	35	0.022063	1.89
1076	25	23	35	37	0.010872	1.23
1077	25	23	37	39	0.007864	2.92
1078	25	23	39	41	0.004681	1.24
1079	25	22	28	31	0.317666	1.71
1080	25	22	31	34	0.075701	1.75
1081	25	22	34	37	0.026557	1.86
1082	25	22	37	40	0.014097	2.07
1083	25	22	40	43	0.007535	1.92
1084	25	22	43	46	0.004743	1.4
1085	25	22	46	49	0.003313	0.8
1086	25	22	49	52	0.002097	2.17
1087	25	21	29	33	0.240238	1.52
1088	25	21	33	37	0.051589	1.72
1089	25	21	37	41	0.020841	1.75
1090	25	21	41	45	0.010024	1.2
1091	25	21	45	49	0.005791	1.23
1092	25	21	49	53	0.00328	1.06
1093	25	21	53	57	0.002095	1.5
1094	25	20	30	35	0.185493	1.54
1095	25	20	35	40	0.039805	1.84
1096	25	20	40	45	0.016065	1.67
1097	25	20	45	50	0.008145	1.67
1098	25	20	50	55	0.004047	1.2
1099	25	19	31	37	0.144896	1.95
1100	25	19	37	43	0.034538	1.94
1101	25	19	43	49	0.013747	1.23
1102	25	19	49	55	0.006103	0.48
1103	25	18	32	39	0.122197	1.91
1104	25	18	39	46	0.028468	1.91
1105	25	18	46	53	0.011467	1.59
1106	25	17	33	41	0.103521	2.04
1107	25	17	41	49	0.025663	1.65
1108	25	17	49	57	0.009249	2.22
1109	25	16	34	43	0.090024	2.21
1110	25	16	43	52	0.022832	1.41
1111	25	16	52	61	0.008066	1.8
1112	26	25	27	28	1.032704	2.1
1113	26	25	28	29	0.22573	2.19
1114	26	25	29	30	0.096715	1.65
1115	26	25	30	31	0.049531	1.05
1116	26	25	31	32	0.026463	2.03
1117	26	25	32	33	0.017065	1.54
1118	26	25	33	34	0.011059	1.75
1119	26	24	28	30	0.463246	2.0
1120	26	24	30	32	0.121079	1.33
1121	26	24	32	34	0.046965	1.62
1122	26	24	34	36	0.022261	1.88
1123	26	24	38	40	0.007635	0.26
1124	26	24	42	44	0.003341	2.42
1125	26	23	29	32	0.323203	1.48
1126	26	23	32	35	0.076487	1.74
1127	26	23	35	38	0.026823	2.44
1128	26	23	38	41	0.013869	0.38
1129	26	23	41	44	0.007749	1.58
1130	26	23	47	50	0.003176	1.46
1131	26	22	30	34	0.237371	1.42
1132	26	22	34	38	0.051451	2.07
1133	26	22	38	42	0.020723	1.62
1134	26	22	42	46	0.009816	2.31
1135	26	22	46	50	0.005918	1.2
1136	26	22	54	58	0.002086	2.75
1137	26	21	31	36	0.181043	1.91
1138	26	21	36	41	0.038833	2.03
1139	26	21	41	46	0.015967	1.6
1140	26	21	46	51	0.008225	1.4
1141	26	21	51	56	0.003913	0.51
1142	26	20	32	38	0.145158	1.89
1143	26	20	38	44	0.034159	1.65
1144	26	20	44	50	0.013512	1.8
1145	26	20	50	56	0.005917	1.36
1146	26	20	56	62	0.003597	1.62
1147	26	19	33	40	0.120303	1.95
1148	26	19	40	47	0.029054	1.65
1149	26	19	47	54	0.010962	2.04
1150	26	19	54	61	0.005209	0.69
1151	26	18	34	42	0.102534	2.15
1152	26	18	42	50	0.025367	1.32
1153	26	18	50	58	0.009001	0.87
1154	26	17	35	44	0.089713	2.04
1155	26	17	44	53	0.022208	1.62
1156	26	17	53	62	0.008262	0.2
1157	27	26	28	29	1.079812	1.98
1158	27	26	29	30	0.248236	1.19
1159	27	26	30	31	0.099179	0.77
1160	27	26	31	32	0.046652	2.07
1161	27	26	32	33	0.027971	1.67
1162	27	26	33	34	0.017153	1.65
1163	27	26	34	35	0.011023	2.47
1164	27	26	35	36	0.007821	1.52
1165	27	25	29	31	0.493409	1.16
1166	27	25	31	33	0.118178	2.0
1167	27	25	33	35	0.046689	1.92
1168	27	25	35	37	0.020212	1.6
1169	27	25	37	39	0.013276	2.66
1170	27	25	39	41	0.00732	2.46
1171	27	25	43	45	0.003484	1.97
1172	27	24	30	33	0.323065	1.32
1173	27	24	33	36	0.076952	1.75
1174	27	24	36	39	0.026786	2.01
1175	27	24	39	42	0.013767	2.15
1176	27	24	42	45	0.007696	1.19
1177	27	24	45	48	0.004974	1.94
1178	27	23	31	35	0.232911	1.91
1179	27	23	35	39	0.052251	1.75
1180	27	23	39	43	0.020224	1.78
1181	27	23	43	47	0.010368	0.84
1182	27	22	32	37	0.179562	1.75
1183	27	22	37	42	0.043104	2.07
1184	27	22	42	47	0.016179	1.68
1185	27	22	47	52	0.007862	1.97
1186	27	22	52	57	0.003951	1.01
1187	27	22	57	62	0.00271	1.2
1188	27	21	33	39	0.144692	1.94
1189	27	21	39	45	0.033647	1.59
1190	27	21	45	51	0.013519	1.33
1191	27	21	51	57	0.00579	1.17
1192	27	20	34	41	0.119503	2.13
1193	27	20	41	48	0.029347	1.22
1194	27	20	48	55	0.010557	1.02
1195	27	20	55	62	0.005353	0.65
1196	27	19	35	43	0.102193	1.94
1197	27	19	43	51	0.025723	1.19
1198	27	19	51	59	0.008844	1.03
1199	27	18	36	45	0.088504	2.19
1200	27	18	45	54	0.02198	1.58
1201	27	18	54	63	0.008334	1.03
1202	28	27	29	30	1.201506	1.09
1203	28	27	30	31	0.244968	0.98
1204	28	27	31	32	0.087447	2.15
1205	28	27	32	33	0.04632	1.69
1206	28	27	33	34	0.026312	1.71
1207	28	27	35	36	0.010837	1.41
1208	28	27	36	37	0.005358	1.84
1209	28	26	30	32	0.478143	1.26
1210	28	26	32	34	0.117816	1.62
1211	28	26	34	36	0.045708	2.04
1212	28	26	36	38	0.019355	2.31
1213	28	26	38	40	0.012499	2.04
1214	28	26	40	42	0.007489	1.88
1215	28	25	31	34	0.30644	1.89
1216	28	25	34	37	0.070919	2.0
1217	28	25	37	40	0.029897	2.11
1218	28	25	40	43	0.013617	2.1
1219	28	25	43	46	0.00766	1.83
1220	28	25	46	49	0.004978	2.54
1221	28	24	32	36	0.23268	1.77
1222	28	24	36	40	0.050201	2.07
1223	28	24	40	44	0.020538	1.54
1224	28	24	44	48	0.010207	1.48
1225	28	24	48	52	0.005434	0.17
1226	28	23	33	38	0.17589	1.89
1227	28	23	38	43	0.041867	1.78
1228	28	23	43	48	0.016497	1.47
1229	28	23	48	53	0.007412	1.09
1230	28	23	53	58	0.004038	3.38
1231	28	22	34	40	0.141439	2.55
1232	28	21	35	42	0.118019	1.95
1233	28	21	42	49	0.028701	1.53
1234	28	21	49	56	0.010304	1.3
1235	28	21	56	63	0.005411	0.45
1236	28	20	36	44	0.099708	2.15
1237	28	20	44	52	0.024939	1.65
1238	29	28	30	31	1.264192	1.56
1239	29	28	31	32	0.226651	2.13
1240	29	28	32	33	0.091953	1.62
1241	29	28	33	34	0.045937	1.62
1242	29	28	34	35	0.025692	2.49
1243	29	28	35	36	0.016448	1.42
1244	29	28	36	37	0.007817	2.71
1245	29	28	37	38	0.0079	2.69
1246	29	27	31	33	0.452153	2.0
1247	29	27	33	35	0.11395	1.91
1248	29	27	35	37	0.040502	1.58
1249	29	27	37	39	0.023336	2.56
1250	29	27	39	41	0.011593	2.27
1251	29	27	41	43	0.007147	1.84
1252	29	27	43	45	0.004774	1.4
1253	29	27	45	47	0.003271	0.57
1254	29	26	32	35	0.308294	1.78
1255	29	26	35	38	0.070265	1.81
1256	29	26	38	41	0.028775	2.04
1257	29	26	41	44	0.013633	1.5
1258	29	26	44	47	0.007574	0.45
1259	29	26	47	50	0.004636	2.19
1260	29	26	50	53	0.002741	1.27
1261	29	25	33	37	0.221299	1.88
1262	29	25	37	41	0.055564	1.98
1263	29	25	41	45	0.020322	1.64
1264	29	25	45	49	0.009988	0.92
1265	29	25	49	53	0.005146	1.26
1266	29	24	34	39	0.173401	2.1
1267	29	24	39	44	0.040791	1.74
1268	29	24	44	49	0.015978	1.53
1269	29	24	49	54	0.00722	0.93
1270	29	24	54	59	0.003974	1.23
1271	29	23	35	41	0.139659	1.94
1272	29	23	41	47	0.033831	1.59
1273	29	23	47	53	0.012555	1.94
1274	29	22	36	43	0.11446	2.16
1275	29	22	43	50	0.028838	1.35
1276	29	22	50	57	0.009981	1.72
1277	29	22	57	64	0.005437	0.6
1278	29	21	37	45	0.106716	2.07
1279	29	21	45	53	0.024236	1.38
1280	29	21	53	61	0.008906	1.56
1281	30	29	31	32	1.058406	2.4
1282	30	29	32	33	0.229286	1.67
1283	30	29	33	34	0.089533	1.6
1284	30	29	34	35	0.044386	2.67
1285	30	29	35	36	0.026379	1.53
1286	30	29	36	37	0.011923	2.49
1287	30	29	37	38	0.011624	2.59
1288	30	29	38	39	0.007953	1.78
1289	30	28	32	34	0.456447	1.64
1290	30	28	34	36	0.11292	2.07
1291	30	28	36	38	0.03929	2.4
1292	30	28	38	40	0.022353	1.92
1293	30	28	40	42	0.012034	2.0
1294	30	28	42	44	0.007035	1.03
1295	30	28	44	46	0.004438	2.81
1296	30	27	33	36	0.301436	1.86
1297	30	27	36	39	0.068057	2.16
1298	30	27	39	42	0.027687	1.88
1299	30	27	42	45	0.013049	1.23
1300	30	27	45	48	0.007508	0.77
1301	30	27	48	51	0.00439	0.38
1302	30	27	51	54	0.002565	0.43
1303	30	26	34	38	0.217238	2.16
1304	30	26	38	42	0.054404	1.89
1305	30	26	42	46	0.019491	1.47
1306	30	26	46	50	0.010039	1.83
1307	30	26	50	54	0.004892	2.08
1308	30	26	54	58	0.003019	2.43
1309	30	25	35	40	0.1708	1.91
1310	30	25	40	45	0.040887	1.72
1311	30	25	45	50	0.015764	2.0
1312	30	25	50	55	0.006827	1.65
1313	30	25	55	60	0.004038	0.81
1314	30	24	36	42	0.136261	2.16
1315	30	24	42	48	0.033285	1.23
1316	30	24	48	54	0.012018	1.17
1317	30	24	54	60	0.005817	0.42
1318	30	23	37	44	0.124885	2.06
1319	30	23	44	51	0.028175	1.41
1320	30	22	38	46	0.104381	1.95
1321	30	22	46	54	0.024069	1.14
1322	30	22	54	62	0.008916	0.9
1323	31	30	32	33	1.305178	1.75
1324	31	30	33	34	0.250464	1.6
1325	31	30	34	35	0.093829	2.58
1326	31	30	35	36	0.048842	1.42
1327	31	30	36	37	0.02045	2.07
1328	31	30	37	38	0.018963	2.59
1329	31	30	38	39	0.012381	2.27
1330	31	30	39	40	0.007548	1.26
1331	31	29	33	35	0.478045	1.91
1332	31	29	35	37	0.107638	1.62
1333	31	29	37	39	0.050948	2.37
1334	31	29	39	41	0.021992	1.56
1335	31	29	41	43	0.012184	2.17
1336	31	29	43	45	0.007421	1.23
1337	31	29	45	47	0.004769	2.61
1338	31	28	34	37	0.295729	2.17
1339	31	28	37	40	0.080842	2.15
1340	31	28	40	43	0.028377	1.91
1341	31	28	43	46	0.013317	2.31
1342	31	28	46	49	0.007701	1.02
1343	31	28	49	52	0.004311	0.85
1344	31	28	55	58	0.001886	2.79
1345	31	27	35	39	0.222349	1.91
1346	31	27	39	43	0.052947	1.95
1347	31	27	43	47	0.020252	1.27
1348	31	27	47	51	0.009526	1.56
1349	31	27	51	55	0.004619	1.19
1350	31	27	55	59	0.003073	2.47
1351	31	26	36	41	0.169159	2.23
1352	31	26	41	46	0.040929	1.74
1353	31	26	46	51	0.015978	0.93
1354	31	26	51	56	0.006585	0.92
1355	31	26	56	61	0.004071	0.89
1356	31	25	37	43	0.152707	2.19
1357	31	25	43	49	0.033703	1.22
1358	31	25	49	55	0.011704	0.93
1359	31	24	38	45	0.124444	1.89
1360	31	24	45	52	0.027883	1.08
1361	31	24	52	59	0.009658	1.05
1362	31	23	39	47	0.103765	1.78
1363	31	23	47	55	0.022972	0.85
1364	31	23	55	63	0.009147	0.65
1365	32	31	33	34	1.251465	1.69
1366	32	31	34	35	0.230507	2.71
1367	32	31	35	36	0.091572	1.42
1368	32	31	36	37	0.03394	2.33
1369	32	31	37	38	0.029198	2.43
1370	32	31	38	39	0.017955	2.13
1371	32	31	39	40	0.010483	2.06
1372	32	31	40	41	0.007354	2.33
1373	32	30	34	36	0.464543	2.31
1374	32	30	36	38	0.102575	2.35
1375	32	30	38	40	0.048408	1.95
1376	32	30	40	42	0.022609	1.91
1377	32	30	42	44	0.01179	1.35
1378	32	30	44	46	0.006814	2.15
1379	32	30	46	48	0.004947	1.84
1380	32	29	35	38	0.292841	1.91
1381	32	29	38	41	0.078181	1.92
1382	32	29	41	44	0.028466	1.8
1383	32	29	44	47	0.013111	1.41
1384	32	29	47	50	0.007177	1.89
1385	32	29	53	56	0.002564	0.68
1386	32	28	36	40	0.21256	2.23
1387	32	28	40	44	0.053508	1.67
1388	32	28	44	48	0.019666	1.41
1389	32	28	48	52	0.008947	1.71
1390	32	28	52	56	0.004509	1.32
1391	32	27	37	42	0.189751	2.27
1392	32	27	42	47	0.0399	1.48
1393	32	27	47	52	0.014777	1.53
1394	32	27	52	57	0.006433	1.98
1395	32	26	38	44	0.14901	1.92
1396	32	26	44	50	0.032554	1.24
1397	32	26	50	56	0.011164	0.83
1398	32	26	56	62	0.005928	0.3
1399	32	25	39	46	0.119675	1.91
1400	32	25	46	53	0.027284	1.05
1401	32	25	53	60	0.009774	0.48
1402	32	24	40	48	0.103896	1.88
1403	32	24	48	56	0.02197	1.33
1404	33	32	35	36	0.250299	1.32
1405	33	32	36	37	0.070254	2.17
1406	33	32	37	38	0.053634	2.49
1407	33	32	38	39	0.030184	1.74
1408	33	32	39	40	0.01661	1.47
1409	33	32	40	41	0.011169	2.15
1410	33	32	41	42	0.007971	1.83
1411	33	31	35	37	0.445887	1.59
1412	33	31	37	39	0.131008	2.37
1413	33	31	39	41	0.045661	1.92
1414	33	31	41	43	0.02207	2.06
1415	33	31	43	45	0.011943	2.03
1416	33	31	45	47	0.007016	2.17
1417	33	31	47	49	0.00446	1.44
1418	33	31	49	51	0.002998	2.34
1419	33	30	36	39	0.286896	2.28
1420	33	30	39	42	0.076491	1.8
1421	33	30	42	45	0.027595	1.98
1422	33	30	45	48	0.013239	1.91
1423	33	30	48	51	0.006934	2.39
1424	33	30	51	54	0.003767	1.78
1425	33	30	54	57	0.002557	2.07
1426	33	29	37	41	0.249516	2.27
1427	33	29	41	45	0.053653	1.67
1428	33	29	45	49	0.019472	1.89
1429	33	29	49	53	0.008605	1.65
1430	33	29	53	57	0.00466	2.23
1431	33	28	38	43	0.18652	2.0
1432	33	28	43	48	0.040632	1.47
1433	33	28	48	53	0.013929	0.9
1434	33	28	53	58	0.006558	1.48
1435	33	27	39	45	0.144788	1.92
1436	33	27	45	51	0.032125	1.41
1437	33	27	51	57	0.010739	1.83
1438	33	27	57	63	0.005966	1.03
1439	33	26	40	47	0.121468	1.81
1440	33	26	47	54	0.025856	1.14
1441	33	26	54	61	0.009689	0.09
1442	34	33	35	36	1.310977	1.5
1443	34	33	36	37	0.190406	2.27
1444	34	33	37	38	0.111913	2.54
1445	34	33	38	39	0.053361	1.97
1446	34	33	39	40	0.026723	1.56
1447	34	33	40	41	0.016908	2.03
1448	34	33	41	42	0.011535	1.5
1449	34	33	42	43	0.006958	2.15
1450	34	32	36	38	0.426023	2.35
1451	34	32	38	40	0.126916	1.92
1452	34	32	40	42	0.04764	2.04
1453	34	32	42	44	0.021465	1.53
1454	34	32	44	46	0.011074	1.03
1455	34	32	46	48	0.007399	1.16
1456	34	32	48	50	0.004284	1.64
1457	34	31	37	40	0.34998	2.28
1458	34	31	40	43	0.076066	2.0
1459	34	31	43	46	0.027204	1.86
1460	34	31	46	49	0.013203	1.71
1461	34	31	49	52	0.00665	0.9
1462	34	30	38	42	0.245461	1.97
1463	34	30	42	46	0.051174	1.83
1464	34	30	46	50	0.019692	1.68
1465	34	30	50	54	0.008203	1.12
1466	34	30	54	58	0.004591	1.81
1467	34	30	58	62	0.00313	0.72
1468	34	29	39	44	0.180721	1.86
1469	34	29	44	49	0.039143	1.74
1470	34	29	49	54	0.013597	1.56
1471	34	29	54	59	0.006497	1.81
1472	34	28	40	46	0.144918	1.92
1473	34	28	46	52	0.031906	1.32
1474	34	27	41	48	0.120528	1.81
1475	34	27	48	55	0.024459	1.38
1476	34	27	55	62	0.009838	1.4
1477	35	34	36	37	1.065019	2.86
1478	35	34	37	38	0.343161	2.96
1479	35	34	38	39	0.114642	2.07
1480	35	34	39	40	0.048075	1.67
1481	35	34	40	41	0.027578	1.92
1482	35	34	41	42	0.017655	2.27
1483	35	34	42	43	0.010117	1.78
1484	35	34	43	44	0.007494	1.89
1485	35	33	37	39	0.622993	2.67
1486	35	33	39	41	0.119318	1.83
1487	35	33	41	43	0.046314	1.78
1488	35	33	43	45	0.021452	1.41
1489	35	33	45	47	0.011216	1.67
1490	35	33	47	49	0.006621	1.36
1491	35	32	38	41	0.345177	1.95
1492	35	32	41	44	0.076335	1.74
1493	35	32	44	47	0.026519	1.91
1494	35	32	47	50	0.012349	1.78
1495	35	32	50	53	0.006124	1.24
1496	35	32	53	56	0.003721	2.29
1497	35	32	56	59	0.00257	1.75
1498	35	31	39	43	0.233295	1.89
1499	35	31	43	47	0.051669	1.68
1500	35	31	47	51	0.018344	1.89
1501	35	31	51	55	0.007622	1.98
1502	35	31	55	59	0.00462	1.78
1503	35	30	40	45	0.181591	1.92
1504	35	30	45	50	0.038472	1.47
1505	35	30	50	55	0.012858	0.98
1506	35	30	55	60	0.006622	1.24
1507	35	29	41	47	0.144375	1.86
1508	35	29	47	53	0.029632	1.41
1509	35	29	53	59	0.01075	1.59
1510	35	28	42	49	0.115989	1.88
1511	35	28	49	56	0.023794	1.36
1512	36	35	38	39	0.386846	2.54
1513	36	35	39	40	0.111275	1.48
1514	36	35	40	41	0.053237	2.07
1515	36	35	41	42	0.030693	1.54
1516	36	35	42	43	0.016392	1.53
1517	36	35	43	44	0.011487	0.73
1518	36	35	44	45	0.00709	2.17
1519	36	34	38	40	0.660507	2.22
1520	36	34	40	42	0.129204	2.01
1521	36	34	42	44	0.045531	1.72
1522	36	34	44	46	0.020022	2.06
1523	36	34	46	48	0.011921	1.94
1524	36	34	48	50	0.006391	2.35
1525	36	34	50	52	0.003992	2.0
1526	36	34	52	54	0.002483	2.34
1527	36	33	39	42	0.343635	1.81
1528	36	33	42	45	0.073584	1.72
1529	36	33	45	48	0.026643	2.01
1530	36	33	48	51	0.011898	2.15
1531	36	33	51	54	0.005818	1.47
1532	36	33	54	57	0.003706	2.67
1533	36	33	57	60	0.002621	0.89
1534	36	32	40	44	0.243759	1.95
1535	36	32	44	48	0.050476	1.92
1536	36	32	48	52	0.017532	1.81
1537	36	32	52	56	0.007621	1.14
1538	36	32	56	60	0.004732	1.42
1539	36	32	60	64	0.003237	0.43
1540	36	31	41	46	0.181676	1.91
1541	36	31	46	51	0.038838	1.46
1542	36	31	51	56	0.012325	1.74
1543	36	31	56	61	0.006657	1.05
1544	36	30	42	48	0.140986	1.75
1545	36	30	48	54	0.028482	1.23
1546	36	30	54	60	0.010787	1.36
1547	36	29	43	50	0.117135	1.83
1548	36	29	50	57	0.023146	0.57
1549	37	36	39	40	0.202309	1.58
1550	37	36	40	41	0.072428	2.06
1551	37	36	41	42	0.035774	1.74
1552	37	36	42	43	0.01746	1.72
1553	37	36	43	44	0.011487	1.98
1554	37	36	44	45	0.006757	3.0
1555	37	36	45	46	0.004326	2.98
1556	37	35	39	41	0.438999	1.75
1557	37	35	41	43	0.100357	1.74
1558	37	35	43	45	0.036874	1.54
1559	37	35	45	47	0.016629	1.53
1560	37	35	47	49	0.008927	2.64
1561	37	35	49	51	0.005324	2.7
1562	37	34	40	43	0.281236	2.01
1563	37	34	43	46	0.061666	1.72
1564	37	34	46	49	0.023126	1.71
1565	37	34	49	52	0.010081	1.19
1566	37	34	52	55	0.004978	1.95
1567	37	34	55	58	0.003356	2.15
1568	37	34	61	64	0.001799	1.26
1569	37	33	41	45	0.204918	1.81
1570	37	33	45	49	0.043415	1.91
1571	37	33	49	53	0.015	1.69
1572	37	33	53	57	0.007096	2.23
1573	37	33	57	61	0.004298	0.92
1574	37	32	42	47	0.152937	1.86
1575	37	32	47	52	0.032938	1.54
1576	37	32	52	57	0.01126	1.72
1577	37	31	43	49	0.12514	1.84
1578	37	31	49	55	0.025338	1.11
1579	37	31	55	61	0.01018	1.06
1580	37	30	44	51	0.102241	2.08
1581	37	30	51	58	0.020826	1.33
1582	38	37	39	40	1.474471	2.94
1583	38	37	40	41	0.275452	2.71
1584	38	37	41	42	0.099853	1.77
1585	38	37	42	43	0.041326	1.78
1586	38	37	43	44	0.0246	1.33
1587	38	37	44	45	0.013523	2.17
1588	38	37	45	46	0.008226	1.62
1589	38	37	46	47	0.006483	1.36
1590	38	36	40	42	0.48325	2.35
1591	38	36	42	44	0.094905	1.52
1592	38	36	44	46	0.032873	2.01
1593	38	36	46	48	0.016828	1.14
1594	38	36	48	50	0.008202	1.86
1595	38	36	52	54	0.002861	1.11
1596	38	35	41	44	0.288957	1.68
1597	38	35	44	47	0.058787	1.97
1598	38	35	47	50	0.021416	1.84
1599	38	35	50	53	0.009214	2.46
1600	38	35	53	56	0.005118	1.19
1601	38	35	56	59	0.003327	1.05
1602	38	34	42	46	0.193228	1.78
1603	38	34	46	50	0.043404	1.53
1604	38	34	50	54	0.014187	1.84
1605	38	34	54	58	0.006938	1.02
1606	38	34	58	62	0.004363	1.33
1607	38	33	43	48	0.152451	1.72
1608	38	33	48	53	0.030546	1.36
1609	38	32	44	50	0.119042	2.08
1610	38	32	50	56	0.024211	1.03
1611	39	38	41	42	0.331401	1.35
1612	39	38	42	43	0.095049	0.9
1613	39	38	43	44	0.046189	0.75
1614	39	38	44	45	0.022511	1.89
1615	39	38	45	46	0.012682	1.48
1616	39	38	47	48	0.005936	2.28
1617	39	37	41	43	0.567404	1.35
1618	39	37	43	45	0.106882	1.27
1619	39	37	45	47	0.036787	1.64
1620	39	37	47	49	0.01699	2.35
1621	39	37	51	53	0.004776	0.46
1622	39	37	53	55	0.003301	0.22
1623	39	36	42	45	0.278927	1.32
1624	39	36	45	48	0.057425	1.84
1625	39	36	48	51	0.019986	1.59
1626	39	36	51	54	0.008527	2.13
1627	39	36	54	57	0.004947	1.23
1628	39	35	43	47	0.197098	1.59
1629	39	35	47	51	0.04044	1.64
1630	39	35	51	55	0.013198	2.01
1631	39	35	55	59	0.007033	1.58
1632	39	34	44	49	0.144066	2.08
1633	39	34	49	54	0.029543	1.36
1634	39	34	54	59	0.011179	2.25
1635	39	34	59	64	0.006399	1.91
1636	39	33	45	51	0.115909	1.95
1637	39	33	51	57	0.023043	1.36
1638	39	33	57	63	0.01032	0.43
1639	40	39	41	42	1.811277	2.33
1640	40	39	42	43	0.27145	0.9
1641	40	39	43	44	0.092506	0.55
1642	40	39	44	45	0.037224	1.75
1643	40	39	45	46	0.018796	1.91
1644	40	39	46	47	0.012672	1.16
1645	40	39	47	48	0.007592	1.02
1646	40	38	42	44	0.505034	0.84
1647	40	38	44	46	0.091259	1.72
1648	40	38	46	48	0.035603	1.17
1649	40	38	48	50	0.014862	1.6
1650	40	38	50	52	0.007895	1.02
1651	40	38	54	56	0.002977	2.47
1652	40	38	56	58	0.002212	3.04
1653	40	37	43	46	0.27625	1.24
1654	40	37	46	49	0.057813	1.47
1655	40	37	49	52	0.019586	0.89
1656	40	37	55	58	0.00521	1.26
1657	40	36	44	48	0.176529	1.77
1658	40	36	48	52	0.03581	1.69
1659	40	36	52	56	0.012308	2.08
1660	40	36	56	60	0.00674	1.47
1661	40	35	45	50	0.134702	1.8
1662	40	35	50	55	0.026778	1.36
1663	40	35	55	60	0.011055	0.96
1664	40	35	60	65	0.006242	0.22
1665	40	34	46	52	0.110538	1.69
1666	40	34	52	58	0.021961	1.53
1667	40	34	58	64	0.010138	1.44
1668	41	40	42	43	1.867863	1.24
1669	41	40	43	44	0.31696	0.61
1670	41	40	44	45	0.089052	1.58
1671	41	40	45	46	0.037625	1.41
1672	41	40	46	47	0.022281	0.68
1673	41	40	47	48	0.012238	1.19
1674	41	40	49	50	0.004923	1.23
1675	41	39	43	45	0.535508	0.84
1676	41	39	45	47	0.091422	1.09
1677	41	39	47	49	0.031488	1.91
1678	41	39	51	53	0.006676	0.72
1679	41	39	55	57	0.002985	2.22
1680	41	38	44	47	0.262143	1.54
1681	41	38	47	50	0.05268	1.74
1682	41	37	45	49	0.176602	1.58
1683	41	37	49	53	0.034998	0.7
1684	41	37	53	57	0.012967	2.08
1685	41	36	46	51	0.132882	1.5
1686	41	36	51	56	0.024629	1.22
1687	41	36	56	61	0.010728	2.23
1688	41	35	47	53	0.100648	1.69
1689	41	35	53	59	0.021906	0.66
1690	42	41	43	44	2.123476	1.47
1691	42	41	44	45	0.2957	2.22
1692	42	41	45	46	0.093052	1.29
1693	42	41	46	47	0.045389	0.66
1694	42	41	47	48	0.022085	0.6
1695	42	41	48	49	0.011573	2.44
1696	42	41	49	50	0.007706	0.75
1697	42	41	50	51	0.005036	0.51
1698	42	40	44	46	0.515213	1.84
1699	42	40	46	48	0.10203	0.78
1700	42	40	48	50	0.03122	1.62
1701	42	40	50	52	0.013916	1.27
1702	42	40	52	54	0.006901	1.54
1703	42	39	45	48	0.271673	1.17
1704	42	39	48	51	0.050366	1.44
1705	42	39	54	57	0.008205	2.96
1706	42	38	46	50	0.183633	1.02
1707	42	38	50	54	0.033167	0.61
1708	42	37	47	52	0.128305	1.36
1709	42	37	57	62	0.011267	0.18
1710	42	36	48	54	0.095127	1.81
1711	42	36	54	60	0.02149	1.92
1712	43	42	45	46	0.29422	1.2
1713	43	42	46	47	0.1015	0.32
1714	43	42	47	48	0.040135	1.27
1715	43	42	48	49	0.018382	1.42
1716	43	42	49	50	0.01122	0.55
1717	43	42	51	52	0.004059	2.17
1718	43	41	45	47	0.533998	1.01
1719	43	41	47	49	0.092226	1.47
1720	43	41	49	51	0.030874	0.46
1721	43	41	51	53	0.011989	1.75
1722	43	41	55	57	0.004458	2.22
1723	43	40	46	49	0.280528	0.81
1724	43	40	49	52	0.048828	0.41
1725	43	40	52	55	0.015538	1.19
1726	43	40	55	58	0.008358	1.05
1727	43	40	58	61	0.004992	0.61
1728	43	40	61	64	0.003472	0.41
1729	43	39	47	51	0.168848	1.2
1730	43	39	55	59	0.012556	1.56
1731	43	39	59	63	0.006996	0.22
1732	43	38	48	53	0.117012	1.4
1733	44	43	46	47	0.442918	0.9
1734	44	43	47	48	0.120212	0.96
1735	44	43	48	49	0.044285	1.8
1736	44	43	49	50	0.023624	0.22
1737	44	43	50	51	0.01302	0.55
1738	44	43	51	52	0.007176	1.75
1739	44	42	46	48	0.704501	0.83
1740	44	42	48	50	0.097552	1.08
1741	44	42	50	52	0.031174	0.93
1742	44	42	52	54	0.012602	0.72
1743	44	42	54	56	0.007076	1.54
1744	44	42	58	60	0.003232	0.69
1745	44	42	60	62	0.002368	0.39
1746	44	41	47	50	0.299219	1.14
1747	44	41	50	53	0.048413	1.29
1748	44	41	53	56	0.017143	1.74
1749	44	41	56	59	0.008803	1.88
1750	44	41	59	62	0.00545	1.83
1751	44	41	62	65	0.003658	0.69
1752	44	40	48	52	0.173846	1.16
1753	44	40	56	60	0.013318	1.26
1754	44	40	60	64	0.007308	0.04
1755	44	39	49	54	0.122071	0.66
1756	44	39	54	59	0.025256	0.85
1757	45	44	46	47	2.518136	2.17
1758	45	44	47	48	0.382068	1.2
1759	45	44	48	49	0.102167	1.53
1760	45	44	50	51	0.021762	0.26
1761	45	44	51	52	0.010876	1.44
1762	45	44	52	53	0.005986	1.59
1763	45	44	53	54	0.004639	1.98
1764	45	43	47	49	0.648647	1.24
1765	45	43	51	53	0.02836	1.33
1766	45	43	55	57	0.007811	1.59
1767	45	43	57	59	0.004879	1.54
1768	45	42	48	51	0.286555	1.01
1769	45	42	51	54	0.045438	1.65
1770	45	42	54	57	0.017	1.74
1771	45	42	57	60	0.00901	0.9
1772	45	42	63	66	0.003573	1.08
1773	45	41	49	53	0.17486	0.51
1774	45	41	53	57	0.032693	1.32
1775	45	41	57	61	0.013606	0.72
1776	45	40	50	55	0.117033	1.01
1777	45	40	55	60	0.026619	0.85
1778	46	45	47	48	2.117391	2.5
1779	46	45	48	49	0.308506	1.74
1780	46	45	50	51	0.039607	0.42
1781	46	45	51	52	0.017218	1.3
1782	46	45	52	53	0.008488	0.7
1783	46	45	54	55	0.003767	0.29
1784	46	44	48	50	0.556247	1.12
1785	46	44	50	52	0.089534	0.73
1786	46	44	52	54	0.025256	1.59
1787	46	44	54	56	0.012157	1.12
1788	46	44	56	58	0.007351	2.31
1789	46	44	60	62	0.003292	1.01
1790	46	44	62	64	0.002412	0.99
1791	46	43	49	52	0.279116	0.09
1792	46	43	52	55	0.042165	1.26
1793	46	43	55	58	0.017497	1.75
1794	46	43	58	61	0.009056	0.73
1795	46	43	61	64	0.005697	0.08
1796	46	42	50	54	0.158543	0.89
1797	46	42	54	58	0.031339	0.9
1798	46	41	51	56	0.106138	1.62
1799	46	41	56	61	0.026449	1.33
1800	46	41	61	66	0.011845	0.54
1801	47	46	51	52	0.044092	1.02
1802	47	46	52	53	0.018552	0.43
1803	47	46	53	54	0.012198	0.95
1804	47	46	55	56	0.005136	1.35
1805	47	45	51	53	0.088448	1.05
1806	47	45	53	55	0.028973	1.41
1807	47	45	55	57	0.014203	1.83
1808	47	45	57	59	0.007978	1.06
1809	47	45	61	63	0.00374	1.98
1810	47	44	50	53	0.29074	0.49
1811	47	44	53	56	0.047207	1.3
1812	47	44	56	59	0.018587	0.81
1813	47	44	59	62	0.009883	1.88
1814	47	44	62	65	0.005999	1.3
1815	47	43	51	55	0.159221	1.32
1816	47	43	55	59	0.0349	1.32
1817	47	43	59	63	0.015049	1.19
1818	47	42	52	57	0.110484	1.53
1819	47	42	57	62	0.028238	1.02
1820	48	47	50	51	0.3692	0.48
1821	48	47	51	52	0.098254	1.36
1822	48	47	52	53	0.033109	0.92
1823	48	47	53	54	0.018666	1.53
1824	48	47	54	55	0.009718	1.06
1825	48	47	55	56	0.006815	2.21
1826	48	46	50	52	0.635462	0.55
1827	48	46	52	54	0.082556	1.24
1828	48	46	54	56	0.028627	1.36
1829	48	46	56	58	0.01476	1.62
1830	48	46	60	62	0.005528	0.09
1831	48	46	64	66	0.002678	0.43
1832	48	45	51	54	0.256693	1.27
1833	48	45	54	57	0.046265	1.32
1834	48	45	57	60	0.018913	0.14
1835	48	45	60	63	0.010088	0.63
1836	48	44	52	56	0.148576	1.3
1837	48	44	56	60	0.035387	0.77
1838	48	44	60	64	0.015142	0.58
1839	49	48	50	51	2.005347	1.12
1840	49	48	51	52	0.307594	1.62
1841	49	48	52	53	0.075399	1.14
1842	49	48	53	54	0.034786	1.53
1843	49	48	55	56	0.010014	1.78
1844	49	48	56	57	0.006553	0.89
1845	49	48	57	58	0.004389	0.7
1846	49	47	51	53	0.51423	1.47
1847	49	47	53	55	0.078883	1.54
1848	49	47	55	57	0.028234	1.91
1849	49	47	57	59	0.013475	0.83
1850	49	47	59	61	0.00797	0.46
1851	49	47	61	63	0.005297	0.55
1852	49	47	63	65	0.003584	0.08
1853	49	46	52	55	0.22497	1.36
1854	49	46	55	58	0.047801	1.65
1855	49	46	58	61	0.018972	1.33
1856	49	46	61	64	0.010293	0.45
1857	49	45	53	57	0.150252	1.67
1858	49	45	57	61	0.034724	1.16
1859	49	45	61	65	0.015307	0.6
1860	50	49	51	52	1.907641	2.34
1861	50	49	52	53	0.257398	1.01
1862	50	49	53	54	0.087305	1.74
1863	50	49	54	55	0.032166	1.29
1864	50	49	55	56	0.018039	2.5
1865	50	49	56	57	0.010762	1.42
1866	50	49	57	58	0.006693	2.4
1867	50	49	58	59	0.004567	1.26
1868	50	48	52	54	0.454778	1.23
1869	50	48	54	56	0.07593	1.41
1870	50	48	56	58	0.028471	0.7
1871	50	48	60	62	0.007982	0.21
1872	50	47	53	56	0.233228	1.75
1873	50	47	56	59	0.046941	1.11
1874	50	47	59	62	0.018971	1.44
1875	50	47	62	65	0.009937	1.26
1876	50	46	54	58	0.14774	1.68
1877	50	46	58	62	0.035784	1.08
1878	50	46	62	66	0.015144	1.16
1879	51	50	52	53	1.646535	1.56
1880	51	50	53	54	0.311059	2.0
1881	51	50	54	55	0.08385	1.38
1882	51	50	55	56	0.038661	2.11
1883	51	50	56	57	0.01992	1.8
1884	51	50	57	58	0.011086	0.38
1885	51	50	58	59	0.006979	0.52
1886	51	50	59	60	0.004917	0.83
1887	51	49	53	55	0.514405	1.83
1888	51	49	55	57	0.087463	1.95
1889	51	49	57	59	0.029376	1.02
1890	51	49	61	63	0.008495	0.01
1891	51	48	54	57	0.235759	1.69
1892	51	48	57	60	0.047872	0.89
1893	51	48	60	63	0.019078	0.15
1894	51	47	55	59	0.158528	1.84
1895	51	47	59	63	0.036154	0.65
1896	52	51	54	55	0.236734	1.94
1897	52	51	55	56	0.086651	2.92
1898	52	51	56	57	0.037673	2.58
1899	52	51	57	58	0.018302	1.59
1900	52	51	58	59	0.010376	2.55
1901	52	51	59	60	0.00675	1.62
1902	52	50	54	56	0.445895	2.04
1903	52	50	56	58	0.087049	1.89
1904	52	50	58	60	0.029084	1.11
1905	52	50	60	62	0.01387	1.01
1906	52	50	62	64	0.007966	0.32
1907	52	49	55	58	0.247849	2.28
1908	52	49	58	61	0.047445	1.09
1909	52	49	61	64	0.019024	0.63
1910	52	48	56	60	0.158283	1.69
1911	52	48	60	64	0.035018	1.08
1912	53	52	54	55	1.000501	2.23
1913	53	52	55	56	0.243029	3.03
1914	53	52	56	57	0.085028	2.5
1915	53	52	57	58	0.035326	1.86
1916	53	52	58	59	0.017609	2.29
1917	53	52	60	61	0.006177	2.61
1918	53	52	61	62	0.004424	1.06
1919	53	51	55	57	0.452503	2.83
1920	53	51	57	59	0.081709	1.74
1921	53	51	59	61	0.027655	1.58
1922	53	51	61	63	0.013354	0.89
1923	53	51	63	65	0.007384	1.11
1924	53	50	59	62	0.046553	1.36
1925	53	50	62	65	0.017973	0.99
1926	54	53	55	56	1.238579	3.66
1927	54	53	56	57	0.272045	2.7
1928	54	53	57	58	0.091129	2.16
1929	54	53	58	59	0.039594	2.52
1930	54	53	59	60	0.02031	2.15
1931	54	53	60	61	0.011187	2.07
1932	54	53	61	62	0.007437	1.4
1933	54	53	62	63	0.004912	1.62
1934	54	52	56	58	0.483615	2.49
1935	54	52	58	60	0.087881	2.27
1936	54	52	60	62	0.029275	1.81
1937	54	52	62	64	0.013724	1.65
1938	54	52	64	66	0.007393	1.12
1939	54	51	57	60	0.249837	2.08
1940	54	51	60	63	0.047511	1.77
1941	54	51	63	66	0.017505	1.06
1942	55	54	56	57	1.157031	2.58
1943	55	54	57	58	0.244967	2.06
1944	55	54	58	59	0.08469	2.62
1945	55	54	59	60	0.037836	2.33
1946	55	54	60	61	0.018279	2.62
1947	55	54	61	62	0.011165	1.92
1948	55	54	62	63	0.00688	1.35
1949	55	54	63	64	0.004529	2.64
1950	55	53	57	59	0.460263	2.25
1951	55	53	59	61	0.087636	2.29
1952	55	53	61	63	0.030418	1.88
1953	55	53	63	65	0.013894	1.67
1954	55	53	65	67	0.007203	0.29
1955	55	52	58	61	0.246017	2.46
1956	55	52	61	64	0.04823	1.69
1957	55	52	64	67	0.017228	0.75
1958	56	55	57	58	1.096705	1.27
1959	56	55	58	59	0.243487	2.55
1960	56	55	59	60	0.086915	2.31
1961	56	55	60	61	0.036541	2.83
1962	56	55	61	62	0.019907	1.97
1963	56	55	62	63	0.011227	2.44
1964	56	55	63	64	0.006944	3.21
1965	56	55	64	65	0.004824	2.46
1966	56	54	58	60	0.452785	2.49
1967	56	54	60	62	0.085934	2.35
1968	56	54	62	64	0.029601	2.29
1969	56	54	64	66	0.013386	1.44
1970	56	54	66	68	0.007335	0.78
1971	56	53	59	62	0.249592	2.33
1972	56	53	62	65	0.048734	2.11
1973	56	53	65	68	0.016975	0.61
1974	57	56	58	59	1.175984	2.34
1975	57	56	59	60	0.254099	2.27
1976	57	56	60	61	0.084749	2.78
1977	57	56	61	62	0.039641	2.13
1978	57	56	62	63	0.019784	2.37
1979	57	56	63	64	0.01121	2.7
1980	57	56	64	65	0.007265	1.5
1981	57	56	65	66	0.004321	2.62
1982	57	55	59	61	0.462161	2.42
1983	57	55	61	63	0.090596	2.13
1984	57	55	63	65	0.030286	2.29
1985	57	55	65	67	0.013111	0.68
1986	57	55	67	69	0.007395	0.32
1987	57	54	60	63	0.24812	2.5
1988	57	54	63	66	0.047735	2.06
1989	58	57	59	60	1.151558	2.22
1990	58	57	60	61	0.241472	3.0
1991	58	57	61	62	0.08967	2.19
1992	58	57	62	63	0.038235	2.58
1993	58	57	63	64	0.019342	2.92
1994	58	57	64	65	0.011361	2.42
1995	58	56	60	62	0.455408	2.75
1996	58	56	62	64	0.088628	2.73
1997	58	56	64	66	0.02938	2.31
1998	58	56	66	68	0.013405	0.58
1999	59	58	60	61	1.059085	3.19
2000	59	58	61	62	0.25274	1.97
2001	59	58	62	63	0.086259	2.64
2002	59	58	63	64	0.037939	3.04
2003	59	58	64	65	0.020146	2.59
2004	59	58	65	66	0.010178	2.25
2005	59	58	66	67	0.006902	0.68
2006	59	58	67	68	0.004484	2.91
2007	59	57	61	63	0.466716	2.22
2008	59	57	63	65	0.088825	2.88
2009	59	57	65	67	0.028064	1.58
2010	59	57	67	69	0.013161	0.77
2011	60	59	61	62	1.177755	1.6
2012	60	59	62	63	0.249694	2.54
2013	60	59	63	64	0.089631	3.01
2014	60	59	64	65	0.041069	3.03
2015	60	59	65	66	0.018913	2.79
2016	60	59	66	67	0.011679	1.95
2017	60	59	67	68	0.007079	2.31
2018	60	58	62	64	0.463499	2.73
2019	60	58	64	66	0.090353	2.64
2020	60	58	66	68	0.030181	1.78
2021	61	60	62	63	0.989397	2.43
2022	61	60	63	64	0.231488	2.71
2023	61	60	64	65	0.087109	2.62
2024	61	60	65	66	0.034623	2.67
2025	61	60	66	67	0.019492	1.77
2026	61	60	67	68	0.010875	2.9
2027	61	59	63	65	0.449131	2.79
2028	61	59	65	67	0.084738	2.27
2029	61	59	67	69	0.029609	1.48
2030	62	61	63	64	1.085261	2.78
2031	62	61	64	65	0.257486	2.79
2032	62	61	65	66	0.083433	2.71
2033	62	61	66	67	0.040982	2.08
2034	62	61	68	69	0.011764	0.75
2035	62	60	64	66	0.462661	2.78
2036	62	60	66	68	0.091849	2.46
2037	63	62	64	65	1.128256	3.22
2038	63	62	65	66	0.231841	2.76
2039	63	62	66	67	0.093671	2.25
2040	63	62	68	69	0.020802	1.2
2041	63	62	69	70	0.012118	0.2
2042	64	63	65	66	0.934036	3.1
2043	64	63	66	67	0.252786	2.62
2044	64	63	68	69	0.039508	2.13
2045	64	63	69	70	0.020551	0.92
2046	65	64	68	69	0.094037	2.39
2047	65	64	69	70	0.042038	1.83
2048	66	65	68	69	0.23928	2.35
2049	66	65	69	70	0.086526	2.42
2050	66	65	70	71	0.03856	0.87
2051	67	66	68	69	1.1475	2.54
2052	67	66	69	70	0.254433	2.67
2053	67	66	70	71	0.091206	1.64
