2259
1	2	1	3	4	2.457443	0.6
2	2	1	4	5	0.457612	1.64
3	2	1	5	6	0.147185	0.84
4	2	1	6	7	0.085483	1.09
5	2	1	7	8	0.065824	1.32
6	2	1	8	9	0.040085	2.39
7	2	1	9	10	0.025783	3.44
8	3	2	4	5	2.21198	1.81
9	3	2	5	6	0.421994	0.83
10	3	2	6	7	0.18411	0.77
11	3	2	7	8	0.118543	0.99
12	3	2	8	9	0.064476	1.56
13	3	2	9	10	0.038499	2.91
14	3	2	10	11	0.026053	6.4
15	3	2	11	12	0.014088	6.17
16	3	1	5	7	0.838549	0.84
17	3	1	7	9	0.289038	1.38
18	3	1	9	11	0.108788	4.19
19	3	1	11	13	0.039115	8.13
20	3	1	13	15	0.02161	10.65
21	3	1	15	17	0.009833	12.9
22	3	1	17	19	0.005908	12.66
23	3	1	19	21	0.003612	13.37
24	4	3	5	6	1.556924	1.33
25	4	3	6	7	0.432636	1.17
26	4	3	7	8	0.21453	1.23
27	4	3	8	9	0.099076	1.84
28	4	3	9	10	0.053162	2.94
29	4	3	10	11	0.033898	4.49
30	4	3	11	12	0.017587	6.95
31	4	3	12	13	0.010276	9.35
32	4	2	6	8	0.94978	1.05
33	4	2	8	10	0.255295	2.19
34	4	2	10	12	0.09171	6.04
35	4	2	12	14	0.034779	9.84
36	4	2	14	16	0.017615	12.81
37	4	2	16	18	0.008516	12.21
38	4	2	18	20	0.004997	16.77
39	4	2	20	22	0.003264	14.75
40	4	1	7	10	0.719959	1.69
41	4	1	10	13	0.145401	6.5
42	4	1	13	16	0.045564	11.42
43	4	1	16	19	0.015861	13.35
44	4	1	19	22	0.007762	14.02
45	4	1	22	25	0.004155	15.63
46	4	1	25	28	0.002916	16.11
47	4	1	28	31	0.002144	19.18
48	5	4	6	7	1.601899	1.62
49	5	4	7	8	0.485411	1.35
50	5	4	8	9	0.169653	1.74
51	5	4	9	10	0.075663	2.85
52	5	4	10	11	0.04354	4.8
53	5	4	11	12	0.02129	6.3
54	5	4	13	14	0.00982	10.7
55	5	3	7	9	0.968521	1.42
56	5	3	9	11	0.206345	3.54
57	5	3	11	13	0.061281	7.61
58	5	3	13	15	0.030569	10.71
59	5	3	15	17	0.012695	14.61
60	5	3	17	19	0.006979	15.86
61	5	3	19	21	0.004001	15.13
62	5	3	21	23	0.002638	17.8
63	5	2	8	11	0.60412	2.58
64	5	2	11	14	0.109694	8.31
65	5	2	14	17	0.035189	13.02
66	5	2	17	20	0.013465	14.02
67	5	2	20	23	0.006683	15.21
68	5	2	23	26	0.003322	16.68
69	5	1	9	13	0.415246	4.74
70	5	1	13	17	0.074741	11.87
71	5	1	17	21	0.020536	13.96
72	5	1	21	25	0.008316	15.96
73	5	1	25	29	0.005042	18.23
74	5	1	29	33	0.002628	14.84
75	6	5	7	8	2.136681	0.98
76	6	5	8	9	0.46613	0.9
77	6	5	9	10	0.15081	1.3
78	6	5	10	11	0.073164	2.5
79	6	5	11	12	0.032405	4.37
80	6	5	12	13	0.017426	6.54
81	6	5	13	14	0.013677	7.81
82	6	5	14	15	0.008468	9.51
83	6	4	8	10	0.862168	1.29
84	6	4	10	12	0.17049	3.9
85	6	4	12	14	0.053047	8.0
86	6	4	14	16	0.023991	11.07
87	6	4	16	18	0.010378	13.27
88	6	4	18	20	0.005612	13.46
89	6	4	20	22	0.003465	14.64
90	6	3	12	15	0.092602	8.8
91	6	3	15	18	0.02773	13.39
92	6	3	18	21	0.011046	14.37
93	6	3	21	24	0.005523	15.75
94	6	3	24	27	0.002943	15.88
95	6	2	10	14	0.34992	5.56
96	6	2	14	18	0.060539	12.16
97	6	2	18	22	0.017408	13.96
98	6	2	22	26	0.006985	16.11
99	6	2	26	30	0.004831	18.04
100	6	2	30	34	0.002112	19.82
101	6	2	34	38	0.001558	25.28
102	6	1	11	16	0.243257	8.34
103	6	1	16	21	0.039467	13.34
104	6	1	21	26	0.012236	15.03
105	6	1	26	31	0.006788	17.12
106	6	1	31	36	0.002995	24.03
107	6	1	36	41	0.002293	33.55
108	7	6	8	9	2.515878	1.38
109	7	6	9	10	0.479341	0.95
110	7	6	10	11	0.175124	1.42
111	7	6	11	12	0.066356	3.15
112	7	6	12	13	0.033189	5.01
113	7	6	13	14	0.024654	6.24
114	7	6	14	15	0.014683	7.62
115	7	6	15	16	0.008669	10.75
116	7	5	9	11	0.878288	1.22
117	7	5	11	13	0.149429	4.16
118	7	5	13	15	0.061529	7.26
119	7	5	15	17	0.022354	10.7
120	7	5	17	19	0.010902	12.2
121	7	5	19	21	0.005746	11.6
122	7	5	21	23	0.003627	15.78
123	7	4	10	13	0.474607	3.15
124	7	4	13	16	0.095548	8.67
125	7	4	16	19	0.025466	12.42
126	7	4	19	22	0.010461	14.4
127	7	4	22	25	0.005036	16.83
128	7	4	31	34	0.001146	25.88
129	7	3	11	15	0.302712	6.11
130	7	3	15	19	0.052963	12.42
131	7	3	19	23	0.016052	14.77
132	7	3	23	27	0.006419	16.52
133	7	3	27	31	0.004428	17.7
134	7	2	12	17	0.226371	8.67
135	7	2	17	22	0.037054	13.2
136	7	2	22	27	0.011311	15.84
137	7	2	27	32	0.006161	17.54
138	7	2	37	42	0.00227	34.61
139	7	1	13	19	0.182337	10.27
140	7	1	19	25	0.027428	14.43
141	7	1	25	31	0.010545	17.85
142	7	1	31	37	0.004266	24.27
143	7	1	37	43	0.00313	35.79
144	8	7	9	10	3.176082	0.85
145	8	7	10	11	0.672333	0.43
146	8	7	11	12	0.186041	1.48
147	8	7	12	13	0.081497	3.19
148	8	7	13	14	0.05565	4.35
149	8	7	14	15	0.031183	5.66
150	8	7	15	16	0.017673	8.64
151	8	6	10	12	1.099571	0.92
152	8	6	12	14	0.195084	4.28
153	8	6	14	16	0.072245	6.82
154	8	6	16	18	0.026638	9.81
155	8	6	18	20	0.012704	9.63
156	8	6	20	22	0.007292	12.77
157	8	5	11	14	0.510887	3.25
158	8	5	14	17	0.104615	7.9
159	8	5	17	20	0.029549	10.23
160	8	5	20	23	0.012368	13.37
161	8	5	23	26	0.005484	14.52
162	8	4	12	16	0.344264	5.87
163	8	4	16	20	0.055396	11.0
164	8	4	20	24	0.017333	13.92
165	8	4	24	28	0.007321	17.64
166	8	4	28	32	0.004271	19.92
167	8	3	18	23	0.037767	12.71
168	8	3	23	28	0.011901	16.52
169	8	3	28	33	0.005932	21.32
170	8	2	20	26	0.027923	14.16
171	8	2	32	38	0.004539	28.8
172	8	2	44	50	0.001667	56.49
173	8	1	15	22	0.134831	11.32
174	8	1	22	29	0.023474	14.85
175	8	1	29	36	0.008205	27.69
176	8	1	36	43	0.004697	38.03
177	9	8	10	11	3.542197	0.33
178	9	8	11	12	0.523347	0.24
179	9	8	12	13	0.176463	1.67
180	9	8	13	14	0.104518	2.56
181	9	8	14	15	0.053315	3.24
182	9	8	15	16	0.028354	6.29
183	9	8	16	17	0.015367	5.85
184	9	8	17	18	0.010544	9.45
185	9	7	11	13	0.967138	0.92
186	9	7	13	15	0.244778	3.33
187	9	7	15	17	0.071607	6.48
188	9	7	17	19	0.029308	7.9
189	9	7	19	21	0.013775	9.0
190	9	7	21	23	0.008066	10.17
191	9	7	23	25	0.00436	10.0
192	9	6	12	15	0.575082	3.04
193	9	6	15	18	0.107363	7.39
194	9	6	18	21	0.031284	9.15
195	9	6	21	24	0.013461	10.43
196	9	6	24	27	0.006156	13.98
197	9	6	27	30	0.004992	14.1
198	9	6	30	33	0.002177	10.88
199	9	5	13	17	0.400073	4.92
200	9	5	17	21	0.059773	9.31
201	9	5	21	25	0.01818	13.1
202	9	5	29	33	0.004177	18.87
203	9	4	19	24	0.038759	11.76
204	9	4	24	29	0.012976	12.48
205	9	4	29	34	0.005634	25.88
206	9	4	39	44	0.002552	33.18
207	9	3	21	27	0.028158	14.27
208	9	3	27	33	0.010982	18.54
209	9	3	33	39	0.004753	27.45
210	9	2	23	30	0.023802	14.82
211	9	2	30	37	0.00774	22.08
212	9	2	37	44	0.004884	35.04
213	9	2	44	51	0.002367	50.01
214	9	1	25	33	0.020643	16.0
215	9	1	41	49	0.003966	44.22
216	9	1	49	57	0.00195	79.45
217	9	1	57	65	0.001091	97.94
218	10	9	11	12	2.468553	0.24
219	10	9	12	13	0.507198	0.57
220	10	9	13	14	0.231636	1.2
221	10	9	14	15	0.10146	1.06
222	10	9	15	16	0.049467	3.41
223	10	9	16	17	0.024784	3.13
224	10	9	17	18	0.016099	3.96
225	10	9	18	19	0.009484	5.24
226	10	8	12	14	1.01957	1.06
227	10	8	14	16	0.232723	2.52
228	10	8	16	18	0.066835	4.6
229	10	8	18	20	0.026701	5.78
230	10	8	20	22	0.013767	7.79
231	10	8	22	24	0.00764	5.91
232	10	7	16	19	0.105308	5.73
233	10	7	19	22	0.032339	8.29
234	10	7	22	25	0.0134	9.51
235	10	7	28	31	0.004805	14.52
236	10	6	14	18	0.398315	4.14
237	10	6	22	26	0.018447	10.47
238	10	6	26	30	0.010147	13.54
239	10	6	30	34	0.004075	18.83
240	10	5	20	25	0.040102	9.92
241	10	5	25	30	0.01454	13.58
242	10	5	30	35	0.00557	17.28
243	10	4	34	40	0.005143	24.86
244	10	4	46	52	0.0018	53.76
245	10	3	24	31	0.023834	14.61
246	10	3	31	38	0.007895	21.62
247	10	3	38	45	0.005107	33.75
248	10	2	50	58	0.001981	79.25
249	10	1	37	46	0.007755	31.14
250	10	1	46	55	0.003418	58.47
251	10	1	55	64	0.001803	97.26
252	11	10	12	13	3.389729	0.73
253	11	10	13	14	0.850258	0.72
254	11	10	14	15	0.267857	0.03
255	11	10	15	16	0.111444	1.75
256	11	10	16	17	0.049944	2.03
257	11	10	17	18	0.029764	2.23
258	11	10	18	19	0.016299	2.56
259	11	10	19	20	0.009956	3.93
260	11	9	13	15	1.451156	0.69
261	11	9	15	17	0.235791	2.42
262	11	9	17	19	0.071728	2.94
263	11	9	19	21	0.027805	4.28
264	11	9	21	23	0.014461	5.73
265	11	9	23	25	0.007087	6.42
266	11	8	14	17	0.702023	1.5
267	11	8	17	20	0.109525	3.82
268	11	8	20	23	0.034057	6.24
269	11	8	23	26	0.012577	6.45
270	11	8	26	29	0.008242	10.5
271	11	8	29	32	0.004063	3.48
272	11	8	32	35	0.002616	7.02
273	11	7	15	19	0.408221	3.51
274	11	7	19	23	0.064194	6.6
275	11	7	23	27	0.018839	8.61
276	11	7	27	31	0.010616	12.11
277	11	7	31	35	0.004475	14.73
278	11	6	21	26	0.041617	8.36
279	11	6	26	31	0.016013	12.67
280	11	6	36	41	0.004364	18.98
281	11	6	41	46	0.002552	25.04
282	11	6	46	51	0.001718	32.04
283	11	5	23	29	0.03056	10.81
284	11	5	29	35	0.010418	14.14
285	11	5	35	41	0.005936	19.53
286	11	5	47	53	0.002018	37.96
287	11	5	59	65	0.000906	60.36
288	11	4	39	46	0.0053	27.43
289	11	4	46	53	0.002651	38.91
290	11	4	60	67	0.001136	33.06
291	11	3	51	59	0.002183	65.73
292	11	2	38	47	0.008057	28.59
293	11	1	61	71	0.002187	16.96
294	12	11	13	14	4.448919	1.11
295	12	11	14	15	0.734301	-0.54
296	12	11	15	16	0.227756	1.12
297	12	11	16	17	0.08675	0.84
298	12	11	17	18	0.046522	1.44
299	12	11	18	19	0.023338	0.93
300	12	11	19	20	0.013471	2.58
301	12	11	20	21	0.009167	4.29
302	12	10	14	16	1.341268	0.06
303	12	10	16	18	0.213137	1.32
304	12	10	18	20	0.06321	2.04
305	12	10	20	22	0.02758	3.58
306	12	10	22	24	0.013517	3.54
307	12	10	24	26	0.006231	2.85
308	12	10	26	28	0.004806	5.1
309	12	10	28	30	0.0035	7.33
310	12	9	15	18	0.642681	1.64
311	12	9	18	21	0.099765	2.71
312	12	9	21	24	0.032347	4.29
313	12	9	24	27	0.011772	4.62
314	12	9	27	30	0.008221	4.92
315	12	9	30	33	0.003339	7.49
316	12	9	33	36	0.002577	3.24
317	12	9	36	39	0.0018	4.65
318	12	8	16	20	0.369825	2.34
319	12	8	20	24	0.062579	4.67
320	12	8	24	28	0.018413	6.96
321	12	8	28	32	0.009133	8.31
322	12	8	32	36	0.004581	4.62
323	12	8	40	44	0.002524	6.62
324	12	7	22	27	0.040501	6.42
325	12	7	27	32	0.015527	9.78
326	12	7	32	37	0.006411	9.0
327	12	7	42	47	0.00253	10.7
328	12	7	47	52	0.001808	20.34
329	12	6	30	36	0.009897	11.6
330	12	6	36	42	0.006263	15.08
331	12	6	54	60	0.001523	32.51
332	12	6	60	66	0.001009	28.02
333	12	5	40	47	0.005288	19.95
334	12	5	47	54	0.002796	30.46
335	12	4	28	36	0.020403	13.48
336	12	4	52	60	0.00241	49.34
337	12	3	39	48	0.00809	26.1
338	12	2	62	72	0.002202	17.92
339	13	12	14	15	3.005887	-0.33
340	13	12	15	16	0.555279	1.14
341	13	12	16	17	0.166365	0.54
342	13	12	17	18	0.07814	0.83
343	13	12	18	19	0.035385	0.85
344	13	12	19	20	0.019168	1.78
345	13	12	20	21	0.012566	1.84
346	13	12	21	22	0.008194	3.33
347	13	11	15	17	1.03623	1.02
348	13	11	17	19	0.183558	1.02
349	13	11	19	21	0.054467	2.1
350	13	11	21	23	0.024633	2.85
351	13	11	23	25	0.010783	1.91
352	13	11	25	27	0.005627	4.74
353	13	11	27	29	0.004545	1.77
354	13	10	16	19	0.532761	0.98
355	13	10	19	22	0.091086	2.62
356	13	10	22	25	0.028771	2.34
357	13	10	25	28	0.011753	4.32
358	13	10	28	31	0.006818	4.8
359	13	10	31	34	0.003044	4.74
360	13	10	34	37	0.002319	1.32
361	13	9	17	21	0.337505	1.81
362	13	9	21	25	0.057046	3.62
363	13	9	25	29	0.018422	6.01
364	13	9	29	33	0.007501	5.71
365	13	9	33	37	0.004248	4.12
366	13	9	37	41	0.003388	2.55
367	13	9	45	49	0.001475	-1.22
368	13	8	18	23	0.224997	2.92
369	13	8	23	28	0.037267	5.1
370	13	8	28	33	0.013471	6.57
371	13	8	33	38	0.006069	5.35
372	13	8	38	43	0.004595	3.78
373	13	8	43	48	0.002423	6.71
374	13	7	31	37	0.009663	8.0
375	13	7	37	43	0.006439	11.73
376	13	7	49	55	0.002096	13.71
377	13	7	55	61	0.001716	15.67
378	13	6	41	48	0.004897	14.01
379	13	5	61	69	0.001649	18.73
380	13	4	40	49	0.007916	18.67
381	13	4	58	67	0.0022	31.83
382	14	13	15	16	3.635994	1.27
383	14	13	16	17	0.616819	0.01
384	14	13	17	18	0.22246	0.38
385	14	13	18	19	0.084316	0.24
386	14	13	19	20	0.041153	1.38
387	14	13	20	21	0.025327	2.23
388	14	13	21	22	0.015801	2.73
389	14	13	22	23	0.010479	5.54
390	14	12	16	18	1.083797	0.21
391	14	12	18	20	0.180184	0.75
392	14	12	20	22	0.061996	2.22
393	14	12	22	24	0.026416	2.86
394	14	12	24	26	0.010505	2.28
395	14	12	26	28	0.006974	4.04
396	14	12	28	30	0.004754	4.04
397	14	12	30	32	0.002001	1.64
398	14	11	17	20	0.564212	0.61
399	14	11	20	23	0.098173	2.46
400	14	11	23	26	0.026922	2.78
401	14	11	26	29	0.013126	5.42
402	14	11	29	32	0.005608	3.39
403	14	11	38	41	0.002115	-1.88
404	14	10	18	22	0.332901	1.48
405	14	10	22	26	0.056724	2.69
406	14	10	26	30	0.020115	4.54
407	14	10	30	34	0.00659	2.62
408	14	10	34	38	0.004218	3.93
409	14	9	19	24	0.231665	2.49
410	14	9	24	29	0.038063	4.29
411	14	9	29	34	0.012058	3.68
412	14	9	34	39	0.00617	1.67
413	14	9	39	44	0.00453	-2.76
414	14	9	44	49	0.002585	1.88
415	14	8	20	26	0.171691	3.38
416	14	8	26	32	0.031139	6.25
417	14	8	32	38	0.009907	5.93
418	14	8	38	44	0.006513	3.56
419	14	8	62	68	0.001072	14.04
420	14	7	21	28	0.132273	4.71
421	14	7	35	42	0.010196	7.83
422	14	7	42	49	0.005033	7.35
423	14	7	49	56	0.002938	10.05
424	14	7	56	63	0.002202	9.52
425	14	6	30	38	0.017765	7.23
426	14	6	46	54	0.004433	17.29
427	14	6	54	62	0.002902	18.86
428	14	5	41	50	0.007509	12.27
429	14	5	59	68	0.002401	21.27
430	15	14	16	17	3.690266	0.55
431	15	14	17	18	0.755882	0.29
432	15	14	18	19	0.207544	-0.08
433	15	14	19	20	0.084053	1.27
434	15	14	20	21	0.046892	1.56
435	15	14	21	22	0.027635	2.46
436	15	14	22	23	0.0175	3.51
437	15	14	23	24	0.010462	3.56
438	15	13	17	19	1.27039	0.29
439	15	13	19	21	0.197592	1.26
440	15	13	21	23	0.071499	2.81
441	15	13	23	25	0.02704	2.73
442	15	13	25	27	0.012151	3.97
443	15	13	27	29	0.008724	3.38
444	15	13	29	31	0.004451	4.02
445	15	12	18	21	0.556499	0.57
446	15	12	21	24	0.106191	2.56
447	15	12	24	27	0.027436	2.33
448	15	12	27	30	0.014771	4.81
449	15	12	30	33	0.004922	-0.15
450	15	12	33	36	0.003424	0.99
451	15	12	39	42	0.002237	-0.72
452	15	11	19	23	0.348137	1.6
453	15	11	23	27	0.055653	2.56
454	15	11	27	31	0.02026	3.19
455	15	11	31	35	0.006553	-0.42
456	15	11	35	39	0.004142	0.3
457	15	11	39	43	0.003432	-4.43
458	15	11	47	51	0.001504	-13.41
459	15	10	20	25	0.247938	2.19
460	15	10	25	30	0.041005	3.81
461	15	10	30	35	0.010957	3.3
462	15	10	50	55	0.001692	-9.3
463	15	9	21	27	0.177741	2.73
464	15	9	27	33	0.031283	4.5
465	15	9	33	39	0.010103	2.15
466	15	9	39	45	0.006477	-2.31
467	15	9	45	51	0.003337	-5.76
468	15	9	51	57	0.00234	-0.52
469	15	9	57	63	0.001829	-11.61
470	15	9	63	69	0.001018	18.67
471	15	8	22	29	0.136061	3.38
472	15	8	29	36	0.022323	3.93
473	15	8	36	43	0.010166	4.95
474	15	8	50	57	0.00311	-2.01
475	15	7	31	39	0.018337	3.72
476	15	6	24	33	0.083844	6.15
477	15	6	60	69	0.002479	4.77
478	16	15	17	18	4.460751	1.35
479	16	15	18	19	0.682015	0.32
480	16	15	19	20	0.195491	1.09
481	16	15	20	21	0.091062	1.41
482	16	15	21	22	0.048985	2.54
483	16	15	22	23	0.029251	2.47
484	16	15	23	24	0.01688	1.67
485	16	15	24	25	0.009381	3.22
486	16	14	18	20	1.169249	0.48
487	16	14	20	22	0.214757	1.98
488	16	14	22	24	0.074209	2.29
489	16	14	24	26	0.025478	2.33
490	16	14	26	28	0.014461	3.99
491	16	14	28	30	0.009008	4.57
492	16	13	19	22	0.576564	1.53
493	16	13	22	25	0.11074	2.42
494	16	13	25	28	0.031383	3.3
495	16	13	28	31	0.014596	4.08
496	16	13	31	34	0.005091	2.54
497	16	13	34	37	0.003572	-2.9
498	16	13	37	40	0.002629	0.69
499	16	12	20	24	0.377298	2.1
500	16	12	24	28	0.057448	2.85
501	16	12	28	32	0.019143	3.88
502	16	12	32	36	0.007119	0.45
503	16	12	36	40	0.004302	0.2
504	16	12	40	44	0.003293	-5.05
505	16	11	21	26	0.254247	2.62
506	16	11	26	31	0.043133	3.62
507	16	11	31	36	0.010847	-0.51
508	16	11	36	41	0.006697	-3.04
509	16	11	41	46	0.003634	-2.88
510	16	11	56	61	0.001572	-19.2
511	16	10	22	28	0.182679	2.73
512	16	10	28	34	0.02963	3.3
513	16	10	34	40	0.01044	-2.22
514	16	10	40	46	0.006098	-5.03
515	16	10	46	52	0.003399	-10.96
516	16	10	52	58	0.002454	-9.42
517	16	10	64	70	0.001021	22.16
518	16	9	23	30	0.136033	3.33
519	16	9	30	37	0.020179	1.65
520	16	9	37	44	0.0104	-1.84
521	16	9	44	51	0.004961	-5.37
522	16	9	51	58	0.003234	-9.57
523	16	9	65	72	0.001258	20.98
524	16	8	24	32	0.104154	4.32
525	16	8	32	40	0.019267	1.02
526	16	5	60	71	0.003497	14.4
527	17	16	18	19	3.640875	0.38
528	17	16	19	20	0.609809	1.09
529	17	16	20	21	0.207928	1.26
530	17	16	21	22	0.09541	2.47
531	17	16	22	23	0.051761	2.29
532	17	16	23	24	0.028562	2.37
533	17	16	24	25	0.015338	2.49
534	17	16	25	26	0.009325	3.31
535	17	15	19	21	1.104661	1.19
536	17	15	21	23	0.225642	2.58
537	17	15	23	25	0.07031	2.66
538	17	15	25	27	0.026866	2.67
539	17	15	27	29	0.016902	4.26
540	17	15	29	31	0.007722	2.34
541	17	15	31	33	0.00315	1.8
542	17	14	20	23	0.616816	1.92
543	17	14	23	26	0.106223	2.55
544	17	14	26	29	0.03674	3.22
545	17	14	29	32	0.012477	2.52
546	17	14	32	35	0.005564	0.46
547	17	14	38	41	0.003131	-0.96
548	17	13	21	25	0.394478	2.55
549	17	13	25	29	0.064739	3.36
550	17	13	29	33	0.01751	2.76
551	17	13	33	37	0.007388	-0.2
552	17	13	37	41	0.005177	-5.46
553	17	12	22	27	0.260209	2.54
554	17	12	27	32	0.044582	3.3
555	17	12	32	37	0.011404	0.08
556	17	12	37	42	0.007068	-3.56
557	17	12	42	47	0.003467	-5.78
558	17	11	23	29	0.183035	2.85
559	17	11	29	35	0.02698	2.35
560	17	11	35	41	0.010889	-3.18
561	17	11	41	47	0.00526	-5.73
562	17	11	47	53	0.003324	-8.6
563	17	11	59	65	0.001654	-17.98
564	17	10	24	31	0.136214	3.44
565	17	10	31	38	0.019941	-0.32
566	17	10	38	45	0.010533	-2.44
567	17	10	45	52	0.004805	-12.02
568	17	10	52	59	0.003362	-17.54
569	17	10	59	66	0.002138	-16.48
570	17	9	25	33	0.108148	3.96
571	17	9	33	41	0.020268	-0.48
572	17	9	41	49	0.008561	-3.82
573	17	9	57	65	0.003073	-9.86
574	17	8	26	35	0.091834	4.54
575	17	8	35	44	0.018959	0.89
576	17	8	62	71	0.002409	14.49
577	17	7	47	57	0.007502	-0.72
578	17	6	61	72	0.003417	12.48
579	18	17	19	20	3.452034	1.09
580	18	17	20	21	0.646788	0.66
581	18	17	21	22	0.215438	1.81
582	18	17	22	23	0.101916	2.08
583	18	17	23	24	0.053128	2.03
584	18	17	24	25	0.027367	3.27
585	18	17	25	26	0.01612	3.13
586	18	17	26	27	0.011584	4.83
587	18	16	20	22	1.165639	1.12
588	18	16	22	24	0.235601	2.11
589	18	16	24	26	0.068223	2.75
590	18	16	26	28	0.033643	3.24
591	18	16	28	30	0.018656	3.51
592	18	16	30	32	0.005849	5.62
593	18	16	32	34	0.003609	6.42
594	18	16	34	36	0.002689	3.68
595	18	15	21	24	0.64166	2.17
596	18	15	24	27	0.106893	2.69
597	18	15	27	30	0.042672	3.72
598	18	15	30	33	0.010363	2.07
599	18	15	36	39	0.003555	3.18
600	18	14	22	26	0.403482	2.33
601	18	14	26	30	0.075816	3.39
602	18	14	30	34	0.015184	1.59
603	18	14	34	38	0.007592	-0.52
604	18	14	46	50	0.002076	-2.9
605	18	13	23	28	0.268443	2.42
606	18	13	28	33	0.044705	3.38
607	18	13	33	38	0.012083	0.83
608	18	13	38	43	0.007625	-1.74
609	18	13	43	48	0.003648	-3.9
610	18	13	48	53	0.002447	-7.04
611	18	13	53	58	0.001921	-13.88
612	18	13	58	63	0.001476	-18.0
613	18	12	24	30	0.191738	3.07
614	18	12	30	36	0.024742	0.87
615	18	12	36	42	0.011367	-2.23
616	18	12	42	48	0.005244	-4.94
617	18	12	60	66	0.001514	-7.9
618	18	11	25	32	0.144888	3.13
619	18	11	32	39	0.021183	-0.08
620	18	11	39	46	0.010308	-2.64
621	18	11	46	53	0.004883	-9.73
622	18	11	60	67	0.001976	-5.61
623	18	10	26	34	0.117673	3.51
624	18	10	34	42	0.021011	-1.06
625	18	10	42	50	0.008318	-6.24
626	18	9	27	36	0.096322	3.58
627	18	9	36	45	0.019217	-0.52
628	18	9	54	63	0.004926	-9.86
629	18	9	63	72	0.002265	18.78
630	18	8	28	38	0.076327	3.93
631	18	8	48	58	0.007537	-5.43
632	19	18	20	21	3.791659	1.03
633	19	18	21	22	0.64207	1.33
634	19	18	22	23	0.217677	1.5
635	19	18	23	24	0.10176	1.53
636	19	18	24	25	0.049324	2.08
637	19	18	25	26	0.027694	2.42
638	19	18	26	27	0.019179	1.22
639	19	18	27	28	0.014714	2.92
640	19	17	21	23	1.176754	1.52
641	19	17	23	25	0.231665	1.88
642	19	17	25	27	0.074688	2.61
643	19	17	27	29	0.041312	3.58
644	19	17	29	31	0.01677	3.81
645	19	17	31	33	0.0056	3.29
646	19	17	33	35	0.004032	1.58
647	19	17	35	37	0.002641	3.12
648	19	16	22	25	0.646919	1.88
649	19	16	25	28	0.120877	2.73
650	19	16	28	31	0.042812	3.75
651	19	16	31	34	0.010211	3.18
652	19	16	34	37	0.006149	4.43
653	19	16	37	40	0.004109	1.4
654	19	16	40	43	0.003196	1.41
655	19	15	23	27	0.403546	2.17
656	19	15	27	31	0.082774	3.63
657	19	15	31	35	0.015289	1.14
658	19	15	35	39	0.007795	1.35
659	19	15	39	43	0.005728	-1.26
660	19	14	24	29	0.279671	2.73
661	19	14	29	34	0.040951	2.96
662	19	14	34	39	0.012678	1.06
663	19	14	39	44	0.007754	-1.54
664	19	14	49	54	0.00234	-7.05
665	19	14	59	64	0.001393	-14.29
666	19	13	25	31	0.209652	3.1
667	19	13	31	37	0.025044	0.89
668	19	13	37	43	0.012206	0.69
669	19	13	43	49	0.005544	-5.28
670	19	13	49	55	0.003182	-7.83
671	19	13	55	61	0.00265	-13.15
672	19	12	26	33	0.160497	3.18
673	19	12	33	40	0.022536	0.38
674	19	12	40	47	0.010142	-3.57
675	19	12	47	54	0.004995	-10.8
676	19	12	54	61	0.003539	-19.32
677	19	12	61	68	0.001829	1.78
678	19	11	27	35	0.124906	3.29
679	19	11	35	43	0.021162	-1.23
680	19	11	51	59	0.00478	-14.33
681	19	11	59	67	0.002881	-8.37
682	19	10	28	37	0.094764	3.06
683	19	10	37	46	0.019687	-0.98
684	19	10	46	55	0.00787	-8.56
685	19	10	55	64	0.004845	-14.28
686	19	9	29	39	0.071898	2.7
687	19	9	39	49	0.018718	-2.69
688	19	9	49	59	0.007451	-9.33
689	20	19	21	22	3.079037	1.42
690	20	19	22	23	0.526997	1.11
691	20	19	23	24	0.194082	1.2
692	20	19	24	25	0.085883	2.08
693	20	19	25	26	0.045131	2.01
694	20	19	26	27	0.029527	1.54
695	20	19	27	28	0.021826	1.94
696	20	19	28	29	0.015058	4.14
697	20	18	22	24	1.040196	1.27
698	20	18	24	26	0.208158	2.13
699	20	18	26	28	0.085326	2.21
700	20	18	28	30	0.0421	4.02
701	20	18	30	32	0.011188	2.5
702	20	18	32	34	0.005867	1.3
703	20	18	34	36	0.004089	4.8
704	20	18	36	38	0.002484	1.41
705	20	17	23	26	0.600458	1.78
706	20	17	26	29	0.138576	2.81
707	20	17	29	32	0.035771	3.36
708	20	17	32	35	0.011082	3.03
709	20	17	35	38	0.005961	3.94
710	20	17	38	41	0.004916	5.01
711	20	17	41	44	0.002662	4.88
712	20	16	24	28	0.395261	2.35
713	20	16	28	32	0.077824	3.6
714	20	16	32	36	0.016318	1.94
715	20	16	36	40	0.00804	0.43
716	20	16	40	44	0.005501	-0.8
717	20	16	44	48	0.002792	-1.26
718	20	16	48	52	0.001973	-4.28
719	20	16	52	56	0.001476	-3.6
720	20	15	25	30	0.297692	2.78
721	20	15	30	35	0.034021	2.37
722	20	15	35	40	0.012968	4.02
723	20	15	40	45	0.007438	1.47
724	20	15	45	50	0.003746	-0.52
725	20	15	50	55	0.002369	-4.91
726	20	15	55	60	0.001994	-12.02
727	20	14	26	32	0.223637	3.0
728	20	14	32	38	0.026089	1.2
729	20	14	38	44	0.012546	-1.12
730	20	14	50	56	0.003223	-10.65
731	20	13	27	34	0.167385	3.22
732	20	13	34	41	0.024418	-0.04
733	20	13	41	48	0.009367	-4.67
734	20	13	48	55	0.00494	-9.84
735	20	13	55	62	0.00354	-12.67
736	20	13	62	69	0.001823	2.42
737	20	12	28	36	0.120451	3.24
738	20	12	36	44	0.021359	-1.5
739	20	12	44	52	0.00813	-7.21
740	20	12	52	60	0.004983	-16.21
741	20	11	29	38	0.085433	2.34
742	20	11	38	47	0.019885	-3.09
743	20	11	47	56	0.007872	-12.35
744	20	11	56	65	0.004622	-15.13
745	20	10	30	40	0.064276	1.56
746	20	10	40	50	0.018138	-2.44
747	20	10	50	60	0.00768	-14.14
748	21	20	22	23	2.642158	1.08
749	21	20	23	24	0.497573	1.17
750	21	20	24	25	0.181676	2.08
751	21	20	25	26	0.086452	1.84
752	21	20	26	27	0.052692	2.17
753	21	20	27	28	0.03711	1.97
754	21	20	28	29	0.024721	3.12
755	21	20	29	30	0.015312	4.26
756	21	19	23	25	0.95907	1.42
757	21	19	25	27	0.213939	1.98
758	21	19	27	29	0.098786	2.96
759	21	19	29	31	0.035446	3.44
760	21	19	31	33	0.009385	2.61
761	21	19	33	35	0.006051	3.85
762	21	18	24	27	0.577608	2.07
763	21	18	27	30	0.155962	3.06
764	21	18	30	33	0.026177	3.39
765	21	18	33	36	0.011296	3.36
766	21	18	36	39	0.005908	1.53
767	21	18	39	42	0.004997	-0.14
768	21	18	42	45	0.002505	5.46
769	21	17	25	29	0.428543	2.47
770	21	17	29	33	0.067294	3.0
771	21	17	33	37	0.016476	1.54
772	21	17	37	41	0.009452	1.6
773	21	17	41	45	0.00472	-0.89
774	21	17	45	49	0.002885	-0.12
775	21	17	53	57	0.001533	-0.26
776	21	16	26	31	0.326861	2.86
777	21	16	31	36	0.032485	2.43
778	21	16	36	41	0.014051	1.5
779	21	16	41	46	0.006382	-0.27
780	21	16	46	51	0.003817	-5.13
781	21	16	51	56	0.002419	-4.4
782	21	15	27	33	0.235177	3.19
783	21	15	33	39	0.026795	1.23
784	21	15	39	45	0.01257	0.7
785	21	15	45	51	0.005297	-1.71
786	21	15	51	57	0.003331	-6.62
787	21	15	57	63	0.002423	-13.35
788	21	14	28	35	0.162087	3.39
789	21	14	35	42	0.024707	-0.38
790	21	14	42	49	0.009234	-2.82
791	21	14	49	56	0.004747	-8.19
792	21	14	63	70	0.001744	14.62
793	21	13	29	37	0.108681	3.07
794	21	13	37	45	0.022398	-1.4
795	21	13	53	61	0.005107	-11.97
796	21	13	61	69	0.002584	6.06
797	21	12	30	39	0.073986	1.74
798	21	12	39	48	0.020046	-3.12
799	21	12	48	57	0.00781	-12.55
800	21	11	31	41	0.064072	1.12
801	22	21	23	24	2.154239	1.05
802	22	21	24	25	0.485859	2.11
803	22	21	25	26	0.190444	1.97
804	22	21	26	27	0.103525	2.03
805	22	21	27	28	0.06803	2.25
806	22	21	28	29	0.043476	3.57
807	22	21	29	30	0.026139	3.3
808	22	21	30	31	0.010116	5.16
809	22	20	24	26	0.944137	2.07
810	22	20	26	28	0.261434	2.15
811	22	20	28	30	0.109738	3.56
812	22	20	30	32	0.024045	3.46
813	22	20	32	34	0.010036	1.97
814	22	20	34	36	0.006309	4.29
815	22	19	25	28	0.634669	2.06
816	22	19	28	31	0.155049	3.51
817	22	19	31	34	0.023106	2.62
818	22	19	34	37	0.011108	1.5
819	22	19	37	40	0.006523	2.21
820	22	19	40	43	0.004709	-0.87
821	22	19	43	46	0.002323	0.17
822	22	19	46	49	0.001842	-0.42
823	22	18	26	30	0.498458	2.62
824	22	18	30	34	0.051208	2.98
825	22	18	34	38	0.016481	1.74
826	22	18	38	42	0.009935	1.92
827	22	18	42	46	0.004306	0.11
828	22	18	50	54	0.00181	0.29
829	22	17	27	32	0.352873	3.1
830	22	17	32	37	0.033738	2.25
831	22	17	37	42	0.014987	1.65
832	22	17	42	47	0.006102	-1.6
833	22	17	47	52	0.003756	-2.33
834	22	17	52	57	0.002526	-3.3
835	22	16	28	34	0.231132	3.51
836	22	16	34	40	0.027923	1.8
837	22	16	40	46	0.011991	0.08
838	22	16	46	52	0.005385	-2.03
839	22	16	52	58	0.003406	-6.62
840	22	15	29	36	0.145749	3.06
841	22	15	36	43	0.024866	1.95
842	22	15	43	50	0.00906	-2.4
843	22	15	50	57	0.0048	-3.13
844	22	15	57	64	0.003183	-5.04
845	22	14	30	38	0.090517	2.71
846	22	14	38	46	0.02267	-0.15
847	22	14	46	54	0.008265	-6.42
848	22	13	31	40	0.07254	2.08
849	22	13	40	49	0.019953	-1.86
850	22	12	32	42	0.06722	1.48
851	22	12	52	62	0.007807	-12.91
852	23	22	24	25	1.798765	2.23
853	23	22	25	26	0.452948	1.74
854	23	22	26	27	0.204455	1.75
855	23	22	27	28	0.122311	1.94
856	23	22	28	29	0.074482	3.38
857	23	22	29	30	0.043395	2.86
858	23	22	30	31	0.016008	3.66
859	23	22	31	32	0.006753	2.55
860	23	21	25	27	0.951228	1.8
861	23	21	27	29	0.308324	2.61
862	23	21	29	31	0.095694	3.44
863	23	21	31	33	0.019367	2.82
864	23	21	33	35	0.01054	3.69
865	23	21	35	37	0.005784	3.94
866	23	21	37	39	0.003881	0.3
867	23	21	39	41	0.003645	-0.39
868	23	20	26	29	0.730755	2.28
869	23	20	29	32	0.131805	3.33
870	23	20	32	35	0.024311	2.71
871	23	20	35	38	0.010584	1.83
872	23	20	38	41	0.007645	3.51
873	23	20	41	44	0.003832	1.75
874	23	20	44	47	0.002219	4.09
875	23	20	47	50	0.001772	0.48
876	23	19	27	31	0.538113	2.83
877	23	19	31	35	0.045406	2.86
878	23	19	35	39	0.016053	2.85
879	23	19	39	43	0.009849	2.52
880	23	19	43	47	0.00412	-2.03
881	23	19	47	51	0.002818	1.84
882	23	19	51	55	0.001808	0.03
883	23	18	28	33	0.341399	3.45
884	23	18	33	38	0.033768	2.58
885	23	18	38	43	0.015341	3.33
886	23	18	43	48	0.006007	1.64
887	23	18	48	53	0.003525	2.28
888	23	18	53	58	0.002478	2.33
889	23	18	58	63	0.001799	-0.04
890	23	17	29	35	0.202962	3.22
891	23	17	35	41	0.029175	2.61
892	23	17	41	47	0.010468	1.98
893	23	17	47	53	0.005342	-1.65
894	23	17	53	59	0.003398	1.91
895	23	16	30	37	0.114645	2.96
896	23	16	37	44	0.025704	2.03
897	23	16	44	51	0.008868	-1.16
898	23	16	51	58	0.00483	-3.88
899	23	16	58	65	0.002969	-4.3
900	23	16	65	72	0.001789	10.71
901	23	15	31	39	0.084628	2.22
902	23	15	39	47	0.022457	1.24
903	23	14	32	41	0.076778	2.08
904	23	14	41	50	0.017852	-1.65
905	24	23	25	26	1.645248	1.69
906	24	23	26	27	0.452051	1.48
907	24	23	27	28	0.222369	1.71
908	24	23	28	29	0.125157	3.17
909	24	23	29	30	0.07004	2.9
910	24	23	30	31	0.024779	3.13
911	24	23	31	32	0.009856	3.96
912	24	23	32	33	0.006325	4.43
913	24	22	26	28	1.000833	1.64
914	24	22	28	30	0.313126	3.15
915	24	22	30	32	0.057489	3.38
916	24	22	32	34	0.018699	2.76
917	24	22	34	36	0.010372	1.78
918	24	22	36	38	0.005252	2.64
919	24	22	38	40	0.004219	3.36
920	24	22	40	42	0.003393	-0.35
921	24	21	27	30	0.795188	2.49
922	24	21	30	33	0.086531	3.38
923	24	21	33	36	0.024191	3.0
924	24	21	36	39	0.010276	3.1
925	24	21	39	42	0.00767	4.51
926	24	21	42	45	0.003499	0.89
927	24	20	28	32	0.504256	3.25
928	24	20	32	36	0.045504	3.07
929	24	20	36	40	0.016136	1.65
930	24	20	40	44	0.009178	3.63
931	24	20	44	48	0.004029	3.44
932	24	19	29	34	0.28445	3.1
933	24	19	34	39	0.033413	2.94
934	24	19	39	44	0.01491	1.48
935	24	19	44	49	0.005944	2.04
936	24	19	59	64	0.001611	3.53
937	24	18	30	36	0.14822	3.09
938	24	18	36	42	0.028907	3.09
939	24	18	42	48	0.009861	2.76
940	24	18	48	54	0.00504	-1.65
941	24	18	54	60	0.003324	-3.06
942	24	18	60	66	0.001913	3.25
943	24	18	66	72	0.001338	6.06
944	24	17	31	38	0.100915	2.81
945	24	17	38	45	0.026078	2.19
946	24	17	45	52	0.008453	0.93
947	24	17	52	59	0.004818	-1.68
948	24	17	59	66	0.002798	1.92
949	24	16	32	40	0.086105	2.81
950	24	16	40	48	0.021538	1.48
951	24	16	48	56	0.007867	-0.33
952	24	16	56	64	0.004543	-3.18
953	24	16	64	72	0.002369	11.87
954	24	15	33	42	0.077284	2.22
955	24	15	42	51	0.016853	0.8
956	25	24	26	27	1.614348	1.38
957	25	24	27	28	0.489482	1.46
958	25	24	28	29	0.235968	2.81
959	25	24	29	30	0.124065	2.52
960	25	24	30	31	0.041746	3.04
961	25	24	31	32	0.015533	2.92
962	25	24	32	33	0.009306	3.21
963	25	24	33	34	0.006158	3.21
964	25	23	27	29	1.072686	2.0
965	25	23	29	31	0.260663	2.78
966	25	23	31	33	0.041073	2.76
967	25	23	33	35	0.018646	2.17
968	25	23	35	37	0.009108	2.94
969	25	23	37	39	0.005532	1.38
970	25	23	39	41	0.004851	3.27
971	25	23	41	43	0.002488	2.39
972	25	22	28	31	0.755509	2.92
973	25	22	31	34	0.066459	2.97
974	25	22	34	37	0.023039	2.44
975	25	22	37	40	0.011021	1.68
976	25	22	40	43	0.007	4.98
977	25	22	43	46	0.003121	1.62
978	25	22	46	49	0.002246	3.54
979	25	22	49	52	0.001343	3.57
980	25	21	29	33	0.416723	2.94
981	25	21	33	37	0.044118	2.85
982	25	21	37	41	0.017973	3.66
983	25	21	41	45	0.007512	3.48
984	25	21	45	49	0.003918	2.21
985	25	21	49	53	0.00228	4.68
986	25	20	30	35	0.197465	3.13
987	25	20	35	40	0.032676	2.62
988	25	20	40	45	0.013968	3.25
989	25	20	45	50	0.005544	3.03
990	25	20	50	55	0.003108	1.14
991	25	20	55	60	0.002342	-0.78
992	25	20	65	70	0.001062	11.83
993	25	19	31	37	0.12372	2.91
994	25	19	37	43	0.029325	2.21
995	25	19	43	49	0.009576	0.73
996	25	19	49	55	0.004588	0.22
997	25	19	55	61	0.003268	-3.62
998	25	19	61	67	0.001768	1.14
999	25	18	32	39	0.100101	2.86
1000	25	18	39	46	0.025098	2.83
1001	25	18	46	53	0.00835	1.91
1002	25	18	53	60	0.004757	-0.61
1003	25	18	60	67	0.002586	2.27
1004	25	17	33	41	0.088028	2.59
1005	25	17	41	49	0.019119	1.38
1006	25	17	49	57	0.007454	-0.69
1007	25	17	57	65	0.004214	-0.26
1008	25	16	34	43	0.077005	2.56
1009	25	16	43	52	0.016209	0.09
1010	25	16	61	70	0.003573	8.49
1011	26	25	27	28	1.68945	1.47
1012	26	25	28	29	0.554108	2.64
1013	26	25	29	30	0.258887	2.29
1014	26	25	30	31	0.081747	2.92
1015	26	25	31	32	0.028251	2.59
1016	26	25	32	33	0.015722	1.91
1017	26	25	33	34	0.010006	1.71
1018	26	25	34	35	0.007229	2.46
1019	26	24	28	30	1.172656	2.58
1020	26	24	30	32	0.167357	2.91
1021	26	24	32	34	0.04127	2.78
1022	26	24	34	36	0.019833	2.49
1023	26	24	36	38	0.008997	2.39
1024	26	24	38	40	0.006557	2.23
1025	26	24	40	42	0.00494	1.44
1026	26	24	42	44	0.002337	5.96
1027	26	23	29	32	0.654804	2.62
1028	26	23	32	35	0.067335	2.79
1029	26	23	35	38	0.022194	2.67
1030	26	23	38	41	0.013099	2.54
1031	26	23	41	44	0.005726	4.25
1032	26	23	44	47	0.00306	2.21
1033	26	23	47	50	0.002281	1.69
1034	26	22	30	34	0.284809	2.94
1035	26	22	34	38	0.044525	2.75
1036	26	22	38	42	0.01916	3.24
1037	26	22	42	46	0.00688	3.71
1038	26	22	46	50	0.004033	-2.92
1039	26	22	54	58	0.001797	-3.46
1040	26	21	31	36	0.164715	2.85
1041	26	21	36	41	0.034901	3.18
1042	26	21	41	46	0.011753	2.81
1043	26	21	46	51	0.005601	0.58
1044	26	21	51	56	0.003178	3.66
1045	26	21	61	66	0.001307	1.69
1046	26	21	66	71	0.001083	5.26
1047	26	20	32	38	0.124461	2.82
1048	26	20	38	44	0.030364	2.86
1049	26	20	44	50	0.009382	1.56
1050	26	20	50	56	0.004633	0.35
1051	26	20	56	62	0.003191	-3.17
1052	26	20	62	68	0.001748	6.62
1053	26	19	33	40	0.102625	2.58
1054	26	19	40	47	0.024021	2.76
1055	26	19	47	54	0.008283	-0.99
1056	26	19	54	61	0.004778	-2.16
1057	26	19	61	68	0.002445	4.95
1058	26	18	34	42	0.090139	2.79
1059	26	18	42	50	0.018227	1.22
1060	26	18	50	58	0.007455	-1.11
1061	26	17	35	44	0.076773	2.55
1062	26	17	44	53	0.016012	0.43
1063	26	17	62	71	0.003509	8.08
1064	27	26	28	29	1.937828	2.52
1065	27	26	29	30	0.659222	2.06
1066	27	26	30	31	0.187285	2.78
1067	27	26	31	32	0.058772	2.71
1068	27	26	32	33	0.029971	2.71
1069	27	26	33	34	0.018122	2.16
1070	27	26	34	35	0.012699	1.29
1071	27	26	35	36	0.008058	2.56
1072	27	25	29	31	1.18681	2.29
1073	27	25	31	33	0.132789	2.71
1074	27	25	33	35	0.048123	2.31
1075	27	25	35	37	0.020809	2.49
1076	27	25	37	39	0.011379	1.95
1077	27	25	39	41	0.00914	1.67
1078	27	25	41	43	0.004396	2.42
1079	27	25	43	45	0.002749	0.42
1080	27	24	30	33	0.468315	2.86
1081	27	24	33	36	0.075012	2.27
1082	27	24	36	39	0.024391	2.39
1083	27	24	39	42	0.015128	2.33
1084	27	24	42	45	0.006009	1.54
1085	27	24	45	48	0.00337	-2.44
1086	27	24	48	51	0.002381	-0.3
1087	27	24	51	54	0.001562	-3.33
1088	27	23	31	35	0.240565	2.7
1089	27	23	35	39	0.046887	2.62
1090	27	23	39	43	0.020903	2.17
1091	27	23	43	47	0.007167	2.79
1092	27	23	47	51	0.004282	1.69
1093	27	23	51	55	0.00254	-2.46
1094	27	23	55	59	0.001969	-4.37
1095	27	23	59	63	0.001446	-5.78
1096	27	22	32	37	0.171974	2.73
1097	27	22	37	42	0.039672	2.59
1098	27	22	42	47	0.011711	2.81
1099	27	22	47	52	0.005888	0.14
1100	27	22	52	57	0.003508	0.17
1101	27	22	57	62	0.002415	1.6
1102	27	22	62	67	0.001388	5.31
1103	27	22	67	72	0.001048	10.46
1104	27	21	33	39	0.133852	2.58
1105	27	21	39	45	0.032369	2.83
1106	27	21	45	51	0.009488	0.87
1107	27	21	51	57	0.005025	1.44
1108	27	21	57	63	0.003219	-1.88
1109	27	21	63	69	0.001795	8.36
1110	27	20	34	41	0.113414	2.91
1111	27	20	41	48	0.022199	1.58
1112	27	20	48	55	0.008401	-0.96
1113	27	20	55	62	0.004958	-3.13
1114	27	19	35	43	0.093675	2.81
1115	27	19	43	51	0.018435	0.83
1116	27	19	51	59	0.007843	-0.73
1117	27	19	59	67	0.004144	0.27
1118	27	18	36	45	0.080519	2.56
1119	27	18	45	54	0.016224	-0.01
1120	27	18	54	63	0.007736	-3.1
1121	28	27	29	30	2.093344	1.67
1122	28	27	30	31	0.447503	2.52
1123	28	27	31	32	0.119408	2.27
1124	28	27	32	33	0.053962	2.52
1125	28	27	33	34	0.030402	1.17
1126	28	27	34	35	0.020467	1.48
1127	28	27	35	36	0.012527	1.23
1128	28	27	36	37	0.007394	2.96
1129	28	26	30	32	0.812604	2.56
1130	28	26	32	34	0.13253	2.47
1131	28	26	34	36	0.053839	2.23
1132	28	26	36	38	0.021736	1.68
1133	28	26	38	40	0.014551	1.89
1134	28	26	40	42	0.010291	1.8
1135	28	26	42	44	0.004605	1.14
1136	28	25	31	34	0.364623	2.5
1137	28	25	34	37	0.081267	2.22
1138	28	25	37	40	0.030109	2.03
1139	28	25	40	43	0.016415	1.11
1140	28	25	43	46	0.006459	0.65
1141	28	25	46	49	0.004348	-2.33
1142	28	25	49	52	0.002431	-0.01
1143	28	24	32	36	0.24745	2.5
1144	28	24	36	40	0.051887	1.88
1145	28	24	40	44	0.022218	2.1
1146	28	24	44	48	0.008019	1.08
1147	28	24	48	52	0.004553	-1.52
1148	28	24	52	56	0.002986	-2.5
1149	28	24	56	60	0.002313	2.07
1150	28	23	33	38	0.182256	2.35
1151	28	23	38	43	0.044811	2.39
1152	28	23	43	48	0.012648	0.89
1153	28	23	48	53	0.006211	0.04
1154	28	23	53	58	0.003935	-2.29
1155	28	23	58	63	0.002651	-3.42
1156	28	22	34	40	0.145484	2.5
1157	28	22	40	46	0.033089	2.83
1158	28	22	46	52	0.010414	0.92
1159	28	22	52	58	0.005549	1.8
1160	28	22	58	64	0.003361	1.58
1161	28	22	64	70	0.001992	7.86
1162	28	21	35	42	0.119525	2.62
1163	28	21	42	49	0.023005	1.64
1164	28	21	49	56	0.008577	0.41
1165	28	21	56	63	0.005202	-0.3
1166	28	21	63	70	0.002632	9.5
1167	28	20	36	44	0.099406	2.78
1168	28	20	44	52	0.019232	0.99
1169	28	20	52	60	0.00857	-0.98
1170	28	20	60	68	0.004198	3.31
1171	29	28	30	31	1.505988	2.64
1172	29	28	31	32	0.271799	2.52
1173	29	28	32	33	0.097555	2.83
1174	29	28	33	34	0.048508	1.97
1175	29	28	34	35	0.030719	2.59
1176	29	28	35	36	0.017771	2.79
1177	29	28	36	37	0.010117	4.04
1178	29	28	37	38	0.007381	1.56
1179	29	27	31	33	0.542574	2.56
1180	29	27	33	35	0.130204	2.1
1181	29	27	35	37	0.047917	2.62
1182	29	27	37	39	0.023576	2.23
1183	29	27	39	41	0.017485	2.35
1184	29	27	41	43	0.007936	1.72
1185	29	27	43	45	0.004719	2.69
1186	29	27	45	47	0.002783	-0.26
1187	29	26	32	35	0.342449	2.47
1188	29	26	35	38	0.077724	2.16
1189	29	26	38	41	0.036815	2.28
1190	29	26	41	44	0.013974	1.81
1191	29	26	44	47	0.006732	-0.35
1192	29	26	47	50	0.00466	-0.92
1193	29	26	50	53	0.002665	-3.51
1194	29	26	53	56	0.002177	-3.39
1195	29	25	33	37	0.246946	2.27
1196	29	25	37	41	0.061626	2.28
1197	29	25	41	45	0.019816	1.05
1198	29	25	45	49	0.008722	-1.05
1199	29	25	49	53	0.00457	-1.58
1200	29	24	34	39	0.187736	2.46
1201	29	24	39	44	0.047428	2.23
1202	29	24	44	49	0.013681	-0.01
1203	29	24	49	54	0.006252	-0.9
1204	29	24	54	59	0.004318	-2.76
1205	29	24	59	64	0.002749	-4.3
1206	29	24	64	69	0.001718	7.15
1207	29	23	35	41	0.149835	2.66
1208	29	23	41	47	0.02954	1.68
1209	29	23	47	53	0.01101	0.7
1210	29	23	53	59	0.006009	-0.75
1211	29	23	59	65	0.003447	0.35
1212	29	23	65	71	0.002198	13.62
1213	29	22	36	43	0.122422	2.59
1214	29	22	43	50	0.023456	1.36
1215	29	22	50	57	0.009236	0.87
1216	29	22	57	64	0.005214	-0.3
1217	29	21	37	45	0.106939	2.58
1218	29	21	45	53	0.0195	0.51
1219	29	21	53	61	0.009155	-2.23
1220	30	29	31	32	1.110117	2.58
1221	30	29	32	33	0.226016	2.52
1222	30	29	33	34	0.0846	1.62
1223	30	29	34	35	0.047928	2.22
1224	30	29	35	36	0.025414	2.21
1225	30	29	36	37	0.013671	2.59
1226	30	29	37	38	0.009594	2.0
1227	30	29	38	39	0.007379	3.22
1228	30	28	32	34	0.456568	2.34
1229	30	28	34	36	0.121878	2.27
1230	30	28	36	38	0.040834	2.16
1231	30	28	38	40	0.024292	2.25
1232	30	28	40	42	0.015792	2.94
1233	30	28	42	44	0.006605	2.94
1234	30	28	44	46	0.00399	0.68
1235	30	28	46	48	0.002876	1.32
1236	30	27	33	36	0.318392	2.06
1237	30	27	36	39	0.071865	2.33
1238	30	27	39	42	0.036658	1.95
1239	30	27	42	45	0.012697	1.86
1240	30	27	45	48	0.006402	0.55
1241	30	27	48	51	0.004249	-1.05
1242	30	27	51	54	0.002731	-0.55
1243	30	27	54	57	0.002233	-4.23
1244	30	26	34	38	0.238242	2.31
1245	30	26	38	42	0.064953	2.4
1246	30	26	42	46	0.018153	1.69
1247	30	26	46	50	0.009119	-0.12
1248	30	26	50	54	0.00475	-1.62
1249	30	26	54	58	0.003583	-2.34
1250	30	26	58	62	0.002589	-3.78
1251	30	26	62	66	0.001451	-0.55
1252	30	25	35	40	0.179215	2.28
1253	30	25	40	45	0.046203	2.46
1254	30	25	45	50	0.013464	0.15
1255	30	25	50	55	0.006575	-0.6
1256	30	25	55	60	0.004664	-3.68
1257	30	25	60	65	0.002634	0.26
1258	30	25	65	70	0.001853	6.64
1259	30	24	36	42	0.148036	2.43
1260	30	24	42	48	0.0285	1.54
1261	30	24	48	54	0.010971	-0.32
1262	30	24	54	60	0.006399	-1.44
1263	30	24	60	66	0.003385	0.46
1264	30	24	66	72	0.002216	6.74
1265	30	23	37	44	0.126707	2.5
1266	30	23	44	51	0.02325	1.05
1267	30	23	51	58	0.009672	0.57
1268	30	23	58	65	0.005217	1.67
1269	30	23	65	72	0.002934	11.21
1270	30	22	38	46	0.109175	2.54
1271	30	22	46	54	0.020201	0.11
1272	30	22	54	62	0.009317	-2.1
1273	30	22	62	70	0.004223	4.74
1274	31	30	32	33	1.228758	2.94
1275	31	30	33	34	0.215624	1.38
1276	31	30	34	35	0.093354	1.71
1277	31	30	35	36	0.041859	2.04
1278	31	30	36	37	0.020386	2.11
1279	31	30	37	38	0.013293	1.81
1280	31	30	38	39	0.009599	3.5
1281	31	30	39	40	0.007326	1.5
1282	31	29	33	35	0.441349	1.64
1283	31	29	35	37	0.101389	2.07
1284	31	29	37	39	0.039855	2.67
1285	31	29	39	41	0.025409	2.27
1286	31	29	41	43	0.010365	1.35
1287	31	29	43	45	0.005613	3.44
1288	31	29	45	47	0.003108	0.55
1289	31	29	47	49	0.002662	5.04
1290	31	28	34	37	0.301234	2.13
1291	31	28	37	40	0.071535	2.0
1292	31	28	40	43	0.031512	2.59
1293	31	28	43	46	0.01052	2.54
1294	31	28	46	49	0.006218	-0.27
1295	31	28	49	52	0.003292	1.14
1296	31	28	52	55	0.002479	1.98
1297	31	28	55	58	0.001974	-0.61
1298	31	27	35	39	0.212733	2.17
1299	31	27	39	43	0.06122	2.17
1300	31	27	43	47	0.016227	1.68
1301	31	27	47	51	0.008327	-0.61
1302	31	27	51	55	0.004551	-0.06
1303	31	27	55	59	0.003363	-0.24
1304	31	27	63	67	0.00135	5.22
1305	31	26	36	41	0.175463	2.34
1306	31	26	41	46	0.036477	1.62
1307	31	26	46	51	0.01321	-0.39
1308	31	26	51	56	0.006602	-0.58
1309	31	26	56	61	0.004586	-3.1
1310	31	26	61	66	0.002394	-1.02
1311	31	26	66	71	0.001849	9.12
1312	31	25	37	43	0.149601	2.27
1313	31	25	43	49	0.027588	1.06
1314	31	25	49	55	0.010166	0.15
1315	31	25	55	61	0.00647	-3.6
1316	31	24	38	45	0.126957	2.42
1317	31	24	45	52	0.021801	0.09
1318	31	24	52	59	0.009768	-1.2
1319	31	24	59	66	0.005034	0.26
1320	31	23	39	47	0.105537	2.16
1321	31	23	47	55	0.019744	0.48
1322	31	23	55	63	0.00916	-2.21
1323	32	31	33	34	1.027045	1.5
1324	32	31	34	35	0.248962	2.07
1325	32	31	35	36	0.084723	2.1
1326	32	31	36	37	0.035939	2.31
1327	32	31	37	38	0.021277	1.68
1328	32	31	38	39	0.014295	2.83
1329	32	31	39	40	0.01034	1.5
1330	32	31	40	41	0.008772	3.51
1331	32	30	34	36	0.468767	2.07
1332	32	30	36	38	0.090942	2.11
1333	32	30	38	40	0.041585	2.1
1334	32	30	40	42	0.022924	3.13
1335	32	30	42	44	0.008325	2.98
1336	32	30	44	46	0.004536	1.92
1337	32	30	46	48	0.002939	1.78
1338	32	30	48	50	0.002099	-1.4
1339	32	29	35	38	0.26614	2.11
1340	32	29	38	41	0.075857	2.52
1341	32	29	41	44	0.022343	1.75
1342	32	29	44	47	0.00891	1.27
1343	32	29	47	50	0.005335	0.27
1344	32	29	50	53	0.002868	-1.68
1345	32	29	56	59	0.001673	-0.83
1346	32	28	36	40	0.197603	2.19
1347	32	28	40	44	0.053684	2.78
1348	32	28	44	48	0.014387	0.93
1349	32	28	48	52	0.006978	-0.12
1350	32	28	52	56	0.0042	1.65
1351	32	28	56	60	0.003025	-0.65
1352	32	28	60	64	0.001864	-0.17
1353	32	27	37	42	0.176338	2.28
1354	32	27	42	47	0.031487	1.53
1355	32	27	47	52	0.01207	0.35
1356	32	27	52	57	0.006394	-1.62
1357	32	27	57	62	0.004099	-1.06
1358	32	27	62	67	0.002203	1.01
1359	32	27	67	72	0.001614	9.04
1360	32	26	38	44	0.148993	2.44
1361	32	26	44	50	0.025688	0.43
1362	32	26	50	56	0.009921	-0.85
1363	32	26	56	62	0.00615	-2.03
1364	32	26	62	68	0.003043	1.84
1365	32	25	39	46	0.122253	2.35
1366	32	25	46	53	0.021533	0.12
1367	32	25	53	60	0.009799	-1.4
1368	32	25	60	67	0.00473	3.29
1369	32	24	40	48	0.098322	2.5
1370	32	24	48	56	0.018773	-0.42
1371	32	24	56	64	0.008707	-1.33
1372	32	24	64	72	0.004095	8.18
1373	33	32	34	35	1.573671	2.33
1374	33	32	35	36	0.290857	2.34
1375	33	32	36	37	0.095943	2.49
1376	33	32	37	38	0.048634	2.21
1377	33	32	38	39	0.029588	0.96
1378	33	32	39	40	0.019851	0.68
1379	33	32	41	42	0.007493	2.42
1380	33	31	35	37	0.507217	2.31
1381	33	31	37	39	0.113851	2.23
1382	33	31	39	41	0.055073	2.69
1383	33	31	41	43	0.019025	1.98
1384	33	31	43	45	0.008944	3.22
1385	33	31	45	47	0.004404	0.49
1386	33	31	47	49	0.003431	0.98
1387	33	31	49	51	0.001869	1.94
1388	33	30	36	39	0.288911	2.37
1389	33	30	39	42	0.084069	2.55
1390	33	30	42	45	0.021199	2.9
1391	33	30	45	48	0.008425	1.89
1392	33	30	48	51	0.00484	0.68
1393	33	30	51	54	0.002855	0.52
1394	33	30	57	60	0.001575	-1.81
1395	33	29	37	41	0.234141	1.69
1396	33	29	41	45	0.044016	5.78
1397	33	29	45	49	0.013619	1.2
1398	33	29	49	53	0.006071	0.95
1399	33	28	38	43	0.190741	2.64
1400	33	28	43	48	0.030022	1.81
1401	33	28	48	53	0.011099	0.38
1402	33	28	53	58	0.006129	2.16
1403	33	27	39	45	0.154606	2.54
1404	33	27	45	51	0.02397	0.41
1405	33	27	51	57	0.010034	0.36
1406	33	27	57	63	0.005744	-2.0
1407	33	26	40	47	0.120605	2.78
1408	33	26	47	54	0.021502	0.49
1409	33	26	54	61	0.009935	-1.94
1410	33	26	61	68	0.00452	2.06
1411	34	33	35	36	1.193376	2.5
1412	34	33	36	37	0.246198	2.71
1413	34	33	37	38	0.096847	2.34
1414	34	33	38	39	0.050957	3.06
1415	34	33	39	40	0.031041	2.1
1416	34	33	40	41	0.023782	4.77
1417	34	33	41	42	0.010616	2.1
1418	34	33	42	43	0.006168	4.91
1419	34	32	36	38	0.487445	2.52
1420	34	32	38	40	0.131433	2.52
1421	34	32	40	42	0.058032	3.39
1422	34	32	42	44	0.017919	3.18
1423	34	32	44	46	0.008773	2.0
1424	34	32	46	48	0.005061	-2.15
1425	34	32	50	52	0.001976	1.36
1426	34	31	37	40	0.322696	2.31
1427	34	31	40	43	0.084554	3.25
1428	34	31	43	46	0.020347	3.09
1429	34	31	46	49	0.009383	-0.22
1430	34	31	49	52	0.004389	3.78
1431	34	31	52	55	0.003045	1.24
1432	34	31	55	58	0.002267	2.81
1433	34	31	58	61	0.001683	-0.66
1434	34	30	38	42	0.253906	2.76
1435	34	30	42	46	0.039596	2.83
1436	34	30	46	50	0.01354	1.24
1437	34	30	50	54	0.005968	1.62
1438	34	30	54	58	0.003974	0.89
1439	34	30	58	62	0.002654	1.19
1440	34	30	62	66	0.001431	3.51
1441	34	29	39	44	0.193717	2.76
1442	34	29	44	49	0.028944	1.65
1443	34	29	59	64	0.003395	1.59
1444	34	29	64	69	0.00204	7.2
1445	34	28	40	46	0.146985	3.13
1446	34	28	46	52	0.023316	0.7
1447	34	28	52	58	0.009802	1.47
1448	34	28	58	64	0.005239	0.69
1449	34	28	64	70	0.002888	7.05
1450	34	27	41	48	0.100113	2.29
1451	34	27	48	55	0.020365	0.66
1452	34	27	55	62	0.009649	-0.32
1453	34	27	62	69	0.00435	5.99
1454	35	34	36	37	1.423002	2.5
1455	35	34	37	38	0.32551	2.34
1456	35	34	38	39	0.126617	3.13
1457	35	34	39	40	0.063355	2.08
1458	35	34	40	41	0.043986	4.5
1459	35	34	41	42	0.018399	2.27
1460	35	34	42	43	0.010149	3.96
1461	35	34	43	44	0.006448	4.47
1462	35	33	37	39	0.599802	2.55
1463	35	33	39	41	0.162233	3.01
1464	35	33	41	43	0.045382	2.55
1465	35	33	43	45	0.018448	3.54
1466	35	33	45	47	0.008067	2.37
1467	35	33	47	49	0.005677	1.29
1468	35	33	49	51	0.002916	1.59
1469	35	32	38	41	0.405156	3.03
1470	35	32	41	44	0.071103	2.73
1471	35	32	44	47	0.02103	2.35
1472	35	32	47	50	0.009956	1.29
1473	35	32	50	53	0.004789	2.08
1474	35	32	53	56	0.003372	2.08
1475	35	31	39	43	0.281617	2.85
1476	35	31	43	47	0.03989	2.97
1477	35	31	47	51	0.013943	1.23
1478	35	31	51	55	0.006444	2.07
1479	35	31	55	59	0.004175	1.83
1480	35	30	40	45	0.199393	3.51
1481	35	30	45	50	0.027509	1.6
1482	35	30	50	55	0.009982	1.67
1483	35	30	55	60	0.005978	2.76
1484	35	30	60	65	0.003095	1.23
1485	35	29	41	47	0.123394	2.58
1486	35	29	47	53	0.022974	1.54
1487	35	29	53	59	0.009695	1.47
1488	35	29	59	65	0.004889	-0.04
1489	35	28	42	49	0.095248	2.62
1490	35	28	49	56	0.019002	1.5
1491	35	28	56	63	0.009252	0.54
1492	35	28	63	70	0.004183	6.3
1493	36	35	37	38	1.770971	2.03
1494	36	35	38	39	0.390466	2.96
1495	36	35	39	40	0.137385	1.86
1496	36	35	40	41	0.080517	4.32
1497	36	35	41	42	0.030761	2.23
1498	36	35	42	43	0.015932	3.19
1499	36	35	43	44	0.009623	3.78
1500	36	35	44	45	0.006817	3.97
1501	36	34	38	40	0.717753	2.62
1502	36	34	40	42	0.173733	3.69
1503	36	34	42	44	0.042205	4.02
1504	36	34	44	46	0.017941	3.18
1505	36	34	46	48	0.008888	0.15
1506	36	34	48	50	0.00542	1.58
1507	36	34	52	54	0.002322	5.35
1508	36	33	39	42	0.439907	2.76
1509	36	33	42	45	0.067229	3.62
1510	36	33	45	48	0.019836	2.56
1511	36	33	48	51	0.009416	1.52
1512	36	33	51	54	0.005066	3.33
1513	36	33	54	57	0.003569	1.26
1514	36	33	57	60	0.002463	1.8
1515	36	33	60	63	0.001696	-0.75
1516	36	32	40	44	0.291851	3.71
1517	36	32	44	48	0.040729	2.66
1518	36	32	48	52	0.013815	1.92
1519	36	32	52	56	0.006999	2.11
1520	36	32	56	60	0.004526	2.56
1521	36	32	60	64	0.002597	2.71
1522	36	31	41	46	0.165499	2.9
1523	36	31	46	51	0.028491	1.35
1524	36	31	51	56	0.010649	3.33
1525	36	31	56	61	0.006226	2.37
1526	36	31	61	66	0.002982	3.51
1527	36	31	66	71	0.002198	5.1
1528	36	30	42	48	0.116663	3.33
1529	36	30	48	54	0.022251	1.11
1530	36	30	54	60	0.009851	2.49
1531	36	30	60	66	0.004552	2.62
1532	36	30	66	72	0.002821	6.93
1533	36	29	43	50	0.092071	2.92
1534	36	29	50	57	0.019136	2.17
1535	36	29	57	64	0.008577	2.47
1536	36	29	64	71	0.004209	8.61
1537	37	36	38	39	1.823348	2.43
1538	37	36	39	40	0.346365	1.36
1539	37	36	40	41	0.147435	3.85
1540	37	36	41	42	0.048405	1.67
1541	37	36	42	43	0.022907	3.53
1542	37	36	43	44	0.013002	4.91
1543	37	36	44	45	0.00886	5.26
1544	37	36	45	46	0.004577	2.83
1545	37	35	39	41	0.711354	2.31
1546	37	35	41	43	0.118064	2.34
1547	37	35	43	45	0.038355	4.11
1548	37	35	45	47	0.014353	2.22
1549	37	35	47	49	0.008682	1.54
1550	37	35	49	51	0.004122	3.1
1551	37	35	51	53	0.002907	1.06
1552	37	35	53	55	0.00215	2.58
1553	37	34	40	43	0.418498	3.51
1554	37	34	43	46	0.06054	3.84
1555	37	34	46	49	0.020164	1.81
1556	37	34	49	52	0.007978	1.81
1557	37	34	52	55	0.005039	2.37
1558	37	34	55	58	0.003505	2.23
1559	37	34	58	61	0.002479	2.79
1560	37	34	61	64	0.001437	0.32
1561	37	33	41	45	0.220217	2.91
1562	37	33	45	49	0.036829	1.92
1563	37	33	49	53	0.012119	2.23
1564	37	33	53	57	0.007015	2.25
1565	37	33	57	61	0.004341	1.52
1566	37	33	61	65	0.002259	0.75
1567	37	32	42	47	0.147129	3.57
1568	37	32	47	52	0.027713	1.78
1569	37	32	52	57	0.011063	2.04
1570	37	32	57	62	0.006035	2.07
1571	37	32	62	67	0.002995	4.32
1572	37	32	67	72	0.002074	10.14
1573	37	31	43	49	0.110404	3.25
1574	37	31	49	55	0.020478	2.04
1575	37	31	55	61	0.009954	1.86
1576	37	31	61	67	0.004355	6.44
1577	37	30	44	51	0.085976	2.62
1578	37	30	51	58	0.018956	2.56
1579	37	30	58	65	0.008031	2.85
1580	37	30	65	72	0.004098	7.02
1581	38	37	39	40	1.650444	1.46
1582	38	37	40	41	0.391823	3.51
1583	38	37	41	42	0.097561	1.41
1584	38	37	42	43	0.040415	3.56
1585	38	37	43	44	0.021762	4.68
1586	38	37	44	45	0.01422	3.44
1587	38	37	45	46	0.007062	3.1
1588	38	37	46	47	0.004802	1.68
1589	38	36	40	42	0.684905	3.15
1590	38	36	42	44	0.098125	3.96
1591	38	36	44	46	0.034745	3.51
1592	38	36	46	48	0.014232	2.23
1593	38	36	48	50	0.007671	1.68
1594	38	36	50	52	0.003942	2.54
1595	38	36	52	54	0.002915	3.41
1596	38	36	54	56	0.002125	2.39
1597	38	35	41	44	0.30027	2.55
1598	38	35	44	47	0.056169	3.25
1599	38	35	47	50	0.019016	2.25
1600	38	35	50	53	0.00782	2.49
1601	38	35	53	56	0.005007	3.21
1602	38	35	56	59	0.003401	0.2
1603	38	35	59	62	0.002391	4.51
1604	38	35	62	65	0.001289	6.4
1605	38	34	42	46	0.192925	3.84
1606	38	34	46	50	0.036247	2.01
1607	38	34	50	54	0.012216	2.28
1608	38	34	54	58	0.00707	2.58
1609	38	34	58	62	0.004308	1.75
1610	38	34	62	66	0.0022	5.47
1611	38	34	66	70	0.001782	7.56
1612	38	33	43	48	0.138519	3.75
1613	38	33	48	53	0.026227	1.8
1614	38	33	53	58	0.011131	2.34
1615	38	33	58	63	0.005942	1.06
1616	38	33	63	68	0.002985	3.97
1617	38	32	44	50	0.106159	2.9
1618	38	32	50	56	0.021023	2.59
1619	38	32	56	62	0.010067	2.01
1620	38	32	62	68	0.004414	5.42
1621	39	38	40	41	2.411456	2.7
1622	39	38	41	42	0.300167	-0.52
1623	39	38	42	43	0.093452	2.39
1624	39	38	43	44	0.044503	3.78
1625	39	38	44	45	0.027152	3.46
1626	39	38	45	46	0.012735	3.3
1627	39	38	46	47	0.008103	3.12
1628	39	38	47	48	0.005634	2.42
1629	39	37	41	43	0.531364	0.61
1630	39	37	43	45	0.10766	3.99
1631	39	37	45	47	0.032725	2.4
1632	39	37	47	49	0.016305	1.92
1633	39	37	49	51	0.006901	2.08
1634	39	37	51	53	0.004555	3.72
1635	39	37	53	55	0.003234	3.41
1636	39	37	55	57	0.002517	3.51
1637	39	36	42	45	0.286147	3.44
1638	39	36	45	48	0.052403	2.62
1639	39	36	48	51	0.018162	1.69
1640	39	36	51	54	0.008409	1.92
1641	39	36	54	57	0.005363	1.74
1642	39	36	57	60	0.003486	2.29
1643	39	36	60	63	0.002276	5.22
1644	39	35	43	47	0.193016	3.75
1645	39	35	47	51	0.036055	2.0
1646	39	35	51	55	0.012888	2.75
1647	39	35	55	59	0.007289	1.42
1648	39	35	59	63	0.004328	2.79
1649	39	35	63	67	0.00226	6.54
1650	39	35	67	71	0.001762	8.98
1651	39	34	44	49	0.141968	2.98
1652	39	34	49	54	0.024839	2.46
1653	39	34	54	59	0.011557	2.88
1654	39	34	59	64	0.005894	3.99
1655	39	34	64	69	0.003244	6.69
1656	39	33	45	51	0.099834	2.35
1657	39	33	51	57	0.02244	2.59
1658	39	33	57	63	0.009967	2.06
1659	39	33	63	69	0.004528	3.68
1660	40	39	41	42	1.766345	-2.01
1661	40	39	42	43	0.281754	1.41
1662	40	39	43	44	0.108568	3.33
1663	40	39	44	45	0.059811	3.12
1664	40	39	45	46	0.026028	2.7
1665	40	39	46	47	0.015202	2.03
1666	40	39	47	48	0.009868	2.71
1667	40	39	48	49	0.007023	1.32
1668	40	38	42	44	0.528041	2.19
1669	40	38	44	46	0.125836	2.86
1670	40	38	46	48	0.038873	1.42
1671	40	38	48	50	0.017379	0.77
1672	40	38	50	52	0.008027	2.19
1673	40	38	52	54	0.005514	0.51
1674	40	38	54	56	0.003829	-0.72
1675	40	38	56	58	0.002911	1.19
1676	40	37	43	46	0.321795	3.36
1677	40	37	46	49	0.06147	1.71
1678	40	37	49	52	0.017915	3.1
1679	40	37	52	55	0.009856	2.03
1680	40	37	55	58	0.006232	3.39
1681	40	37	58	61	0.004124	2.4
1682	40	37	64	67	0.001608	1.06
1683	40	36	44	48	0.21355	2.82
1684	40	36	48	52	0.03708	1.09
1685	40	36	52	56	0.014401	2.33
1686	40	36	56	60	0.008102	3.22
1687	40	36	60	64	0.00423	7.0
1688	40	36	64	68	0.002579	4.8
1689	40	35	45	50	0.140271	2.13
1690	40	35	50	55	0.02702	2.35
1691	40	35	55	60	0.01276	2.33
1692	40	35	60	65	0.005755	3.17
1693	40	35	65	70	0.003576	5.83
1694	40	34	46	52	0.107455	1.95
1695	40	34	52	58	0.024653	2.35
1696	40	34	58	64	0.010306	4.17
1697	40	34	64	70	0.004963	7.43
1698	41	40	42	43	1.646689	1.22
1699	41	40	43	44	0.346411	3.53
1700	41	40	44	45	0.158238	3.56
1701	41	40	45	46	0.063161	3.24
1702	41	40	46	47	0.033378	1.91
1703	41	40	47	48	0.019701	0.89
1704	41	40	48	49	0.013256	0.45
1705	41	40	49	50	0.006581	-0.27
1706	41	39	43	45	0.67264	3.42
1707	41	39	45	47	0.137761	2.47
1708	41	39	47	49	0.0498	1.5
1709	41	39	49	51	0.017606	2.31
1710	41	39	51	53	0.010582	1.52
1711	41	39	53	55	0.006917	2.25
1712	41	39	55	57	0.005119	-0.09
1713	41	38	44	47	0.403636	3.0
1714	41	38	47	50	0.072399	1.74
1715	41	38	50	53	0.022335	2.33
1716	41	38	53	56	0.012227	2.15
1717	41	38	56	59	0.007565	2.62
1718	41	38	59	62	0.004952	0.29
1719	41	38	62	65	0.002524	0.48
1720	41	37	45	49	0.23659	2.37
1721	41	37	49	53	0.039733	2.25
1722	41	37	53	57	0.01786	3.48
1723	41	37	57	61	0.009571	3.38
1724	41	37	65	69	0.003295	7.79
1725	41	36	46	51	0.162151	2.07
1726	41	36	51	56	0.032398	2.54
1727	41	36	56	61	0.014813	2.33
1728	41	36	61	66	0.006111	3.22
1729	41	36	66	71	0.004089	5.38
1730	41	35	47	53	0.121558	2.07
1731	41	35	53	59	0.028253	2.61
1732	41	35	59	65	0.011194	4.43
1733	41	35	65	71	0.005764	6.52
1734	42	41	43	44	1.41158	2.98
1735	42	41	44	45	0.335744	2.55
1736	42	41	45	46	0.108408	2.37
1737	42	41	46	47	0.049068	2.21
1738	42	41	47	48	0.025401	2.17
1739	42	41	48	49	0.015735	1.12
1740	42	41	49	50	0.007302	4.7
1741	42	41	50	51	0.004929	2.91
1742	42	40	44	46	0.66535	2.76
1743	42	40	46	48	0.127495	2.27
1744	42	40	48	50	0.042828	1.09
1745	42	40	50	52	0.01702	2.47
1746	42	40	52	54	0.010639	2.52
1747	42	40	54	56	0.006803	2.88
1748	42	40	56	58	0.004935	2.79
1749	42	40	58	60	0.003514	5.59
1750	42	39	45	48	0.35014	2.35
1751	42	39	48	51	0.065862	1.38
1752	42	39	51	54	0.02355	2.66
1753	42	39	54	57	0.01289	2.07
1754	42	39	57	60	0.007651	1.52
1755	42	39	60	63	0.004682	2.55
1756	42	39	63	66	0.002506	6.25
1757	42	39	66	69	0.00227	6.39
1758	42	38	46	50	0.226495	1.95
1759	42	38	50	54	0.041251	2.43
1760	42	38	54	58	0.018573	3.03
1761	42	38	58	62	0.009852	2.43
1762	42	38	62	66	0.00453	5.61
1763	42	38	66	70	0.003438	6.36
1764	42	37	47	52	0.156116	2.0
1765	42	37	52	57	0.034712	2.43
1766	42	37	57	62	0.014921	2.81
1767	42	37	62	67	0.006342	4.81
1768	42	37	67	72	0.004037	8.16
1769	42	36	48	54	0.115968	1.94
1770	42	36	54	60	0.029431	2.44
1771	42	36	60	66	0.010792	3.24
1772	42	36	66	72	0.005802	6.98
1773	43	42	44	45	1.420219	2.33
1774	43	42	45	46	0.260138	2.13
1775	43	42	46	47	0.090872	2.03
1776	43	42	47	48	0.040845	2.16
1777	43	42	48	49	0.023134	0.85
1778	43	42	49	50	0.00999	2.81
1779	43	42	50	51	0.006522	2.92
1780	43	42	51	52	0.004793	4.46
1781	43	41	45	47	0.508357	2.15
1782	43	41	47	49	0.105149	1.58
1783	43	41	49	51	0.028766	1.81
1784	43	41	51	53	0.015304	2.17
1785	43	41	53	55	0.009035	2.31
1786	43	41	55	57	0.006244	3.06
1787	43	41	57	59	0.003987	2.19
1788	43	41	59	61	0.003154	1.72
1789	43	40	46	49	0.311301	1.95
1790	43	40	49	52	0.052238	2.64
1791	43	40	52	55	0.022976	2.46
1792	43	40	55	58	0.012657	2.88
1793	43	40	58	61	0.007627	1.97
1794	43	40	61	64	0.003937	3.81
1795	43	40	67	70	0.002084	8.27
1796	43	39	47	51	0.201289	1.77
1797	43	39	51	55	0.041913	2.55
1798	43	39	55	59	0.018829	3.01
1799	43	39	59	63	0.009736	2.76
1800	43	39	63	67	0.004559	6.55
1801	43	39	67	71	0.003354	7.65
1802	43	38	48	53	0.142443	1.71
1803	43	38	53	58	0.035251	2.62
1804	43	38	58	63	0.015006	2.79
1805	43	38	63	68	0.006424	5.03
1806	44	43	45	46	1.196454	2.11
1807	44	43	46	47	0.238576	2.15
1808	44	43	47	48	0.076727	1.77
1809	44	43	48	49	0.037469	0.61
1810	44	43	49	50	0.014681	2.34
1811	44	43	50	51	0.009079	2.92
1812	44	43	51	52	0.006529	2.16
1813	44	43	52	53	0.004832	2.86
1814	44	42	46	48	0.446884	2.08
1815	44	42	48	50	0.085313	1.05
1816	44	42	50	52	0.026958	2.96
1817	44	42	52	54	0.014885	2.15
1818	44	42	54	56	0.008704	2.39
1819	44	42	56	58	0.005952	2.83
1820	44	42	58	60	0.004039	2.5
1821	44	42	60	62	0.002761	2.5
1822	44	41	47	50	0.25132	1.62
1823	44	41	50	53	0.047231	2.43
1824	44	41	53	56	0.020673	2.47
1825	44	41	56	59	0.011259	2.75
1826	44	41	59	62	0.006717	2.9
1827	44	41	62	65	0.003186	2.56
1828	44	41	65	68	0.002532	3.62
1829	44	41	68	71	0.001809	5.24
1830	44	40	48	52	0.172127	1.59
1831	44	40	52	56	0.041071	2.54
1832	44	40	56	60	0.018502	3.42
1833	44	40	60	64	0.008451	3.3
1834	44	40	64	68	0.004658	4.35
1835	44	40	68	72	0.003051	6.82
1836	44	39	49	54	0.119921	2.49
1837	44	39	54	59	0.034964	2.62
1838	44	39	59	64	0.014278	2.94
1839	44	39	64	69	0.006721	5.12
1840	45	44	46	47	1.514899	2.43
1841	45	44	47	48	0.22623	0.9
1842	45	44	48	49	0.078014	0.01
1843	45	44	49	50	0.025317	1.86
1844	45	44	50	51	0.014414	2.4
1845	45	44	51	52	0.009943	2.21
1846	45	44	52	53	0.007001	1.32
1847	45	44	53	54	0.0049	3.6
1848	45	43	47	49	0.418259	0.89
1849	45	43	49	51	0.063538	2.08
1850	45	43	51	53	0.028345	2.69
1851	45	43	53	55	0.014596	2.47
1852	45	43	55	57	0.009191	2.67
1853	45	43	57	59	0.005535	2.97
1854	45	43	59	61	0.004171	3.01
1855	45	43	61	63	0.002433	4.11
1856	45	42	48	51	0.218669	1.03
1857	45	42	51	54	0.048114	2.5
1858	45	42	54	57	0.020874	2.52
1859	45	42	57	60	0.010908	2.75
1860	45	42	60	63	0.006069	2.69
1861	45	42	63	66	0.002995	6.0
1862	45	42	66	69	0.002575	4.12
1863	45	42	69	72	0.001615	7.39
1864	45	41	49	53	0.135937	2.27
1865	45	41	53	57	0.039106	2.49
1866	45	41	57	61	0.01689	2.82
1867	45	41	61	65	0.006936	2.39
1868	45	41	65	69	0.004546	4.09
1869	45	40	50	55	0.117818	2.55
1870	45	40	55	60	0.035126	2.98
1871	45	40	60	65	0.012736	3.19
1872	45	40	65	70	0.006787	5.49
1873	46	45	47	48	1.273361	0.27
1874	46	45	48	49	0.211894	-0.96
1875	46	45	49	50	0.04518	1.02
1876	46	45	50	51	0.02182	1.41
1877	46	45	51	52	0.01384	2.06
1878	46	45	52	53	0.009058	0.3
1879	46	45	53	54	0.005978	1.8
1880	46	45	54	55	0.004079	3.0
1881	46	44	48	50	0.360357	-0.29
1882	46	44	50	52	0.060053	2.1
1883	46	44	52	54	0.026969	1.5
1884	46	44	54	56	0.013563	2.28
1885	46	44	56	58	0.008535	3.19
1886	46	44	58	60	0.005382	2.07
1887	46	44	60	62	0.003516	4.41
1888	46	44	62	64	0.001972	5.18
1889	46	43	49	52	0.160818	1.8
1890	46	43	52	55	0.045603	1.78
1891	46	43	55	58	0.019848	2.17
1892	46	43	58	61	0.010415	2.03
1893	46	43	61	64	0.004894	2.75
1894	46	43	64	67	0.003086	4.05
1895	46	43	67	70	0.002283	4.23
1896	46	42	50	54	0.128836	2.28
1897	46	42	54	58	0.036785	2.25
1898	46	42	58	62	0.015723	2.75
1899	46	42	62	66	0.006219	3.68
1900	46	42	66	70	0.004289	4.67
1901	46	41	51	56	0.111687	2.44
1902	46	41	56	61	0.032296	2.79
1903	46	41	61	66	0.010593	4.25
1904	46	41	66	71	0.006195	5.61
1905	47	46	48	49	1.731427	-0.8
1906	47	46	49	50	0.168952	0.6
1907	47	46	50	51	0.058525	1.02
1908	47	46	51	52	0.031823	2.04
1909	47	46	52	53	0.018632	0.57
1910	47	46	53	54	0.011265	2.1
1911	47	46	54	55	0.007212	1.53
1912	47	46	55	56	0.005272	0.98
1913	47	45	49	51	0.294374	0.87
1914	47	45	51	53	0.073381	1.67
1915	47	45	53	55	0.028565	1.88
1916	47	45	55	57	0.015316	2.06
1917	47	45	57	59	0.008359	2.11
1918	47	45	59	61	0.005805	2.66
1919	47	45	61	63	0.003222	0.01
1920	47	45	63	65	0.001787	3.17
1921	47	44	50	53	0.18504	1.56
1922	47	44	53	56	0.048241	1.89
1923	47	44	56	59	0.020722	2.1
1924	47	44	59	62	0.010632	2.35
1925	47	44	62	65	0.004573	2.35
1926	47	44	65	68	0.003411	4.6
1927	47	44	68	71	0.00231	10.27
1928	47	43	51	55	0.144834	1.95
1929	47	43	55	59	0.03843	2.15
1930	47	43	59	63	0.015643	2.34
1931	47	43	63	67	0.006253	4.14
1932	47	43	67	71	0.004204	7.15
1933	47	42	52	57	0.119248	1.78
1934	47	42	57	62	0.031431	2.16
1935	47	42	62	67	0.01042	3.31
1936	47	42	67	72	0.005807	5.99
1937	48	47	49	50	1.043822	1.54
1938	48	47	50	51	0.20142	1.41
1939	48	47	51	52	0.082965	2.19
1940	48	47	52	53	0.040591	1.06
1941	48	47	53	54	0.021582	2.21
1942	48	47	54	55	0.01259	1.77
1943	48	47	55	56	0.008664	2.25
1944	48	47	56	57	0.006746	3.6
1945	48	46	50	52	0.37465	1.67
1946	48	46	52	54	0.092111	1.19
1947	48	46	54	56	0.033793	1.54
1948	48	46	56	58	0.018328	1.95
1949	48	46	58	60	0.010227	1.52
1950	48	46	60	62	0.006191	0.85
1951	48	46	62	64	0.003295	3.27
1952	48	46	64	66	0.002235	-0.98
1953	48	45	51	54	0.235729	1.84
1954	48	45	54	57	0.054703	1.71
1955	48	45	57	60	0.022089	2.5
1956	48	45	60	63	0.010518	2.06
1957	48	45	63	66	0.004642	3.19
1958	48	45	66	69	0.00373	4.35
1959	48	45	69	72	0.002218	5.55
1960	48	44	52	56	0.166397	1.48
1961	48	44	56	60	0.042504	2.11
1962	48	44	60	64	0.014996	1.38
1963	48	44	64	68	0.007024	3.33
1964	48	44	68	72	0.004164	5.85
1965	49	48	50	51	1.500711	1.77
1966	49	48	51	52	0.322286	2.22
1967	49	48	52	53	0.114274	0.66
1968	49	48	53	54	0.048594	2.04
1969	49	48	54	55	0.024568	1.67
1970	49	48	55	56	0.015484	0.75
1971	49	48	56	57	0.011418	1.84
1972	49	48	57	58	0.007115	1.65
1973	49	47	51	53	0.559957	1.84
1974	49	47	53	55	0.107393	1.98
1975	49	47	55	57	0.042367	1.72
1976	49	47	57	59	0.019845	2.21
1977	49	47	59	61	0.012298	2.21
1978	49	47	61	63	0.006303	0.38
1979	49	47	63	65	0.003286	0.7
1980	49	47	65	67	0.00293	4.7
1981	49	46	52	55	0.299304	1.3
1982	49	46	55	58	0.066351	1.74
1983	49	46	58	61	0.026327	2.1
1984	49	46	61	64	0.010556	2.06
1985	49	46	64	67	0.005882	3.27
1986	49	46	67	70	0.004088	5.69
1987	49	45	53	57	0.193588	1.91
1988	49	45	57	61	0.046356	1.98
1989	49	45	61	65	0.0146	1.59
1990	49	45	65	69	0.008158	3.39
1991	50	49	51	52	1.495485	2.69
1992	50	49	52	53	0.29142	0.9
1993	50	49	53	54	0.088271	2.43
1994	50	49	54	55	0.036491	2.0
1995	50	49	55	56	0.020497	1.46
1996	50	49	56	57	0.014083	2.07
1997	50	49	57	58	0.008348	2.81
1998	50	49	58	59	0.00569	1.01
1999	50	48	52	54	0.542518	1.22
2000	50	48	54	56	0.097083	1.74
2001	50	48	56	58	0.041008	2.25
2002	50	48	58	60	0.019565	2.11
2003	50	48	60	62	0.010689	2.03
2004	50	48	62	64	0.005231	3.29
2005	50	48	64	66	0.003328	2.79
2006	50	48	66	68	0.00289	1.6
2007	50	47	53	56	0.276743	2.07
2008	50	47	56	59	0.066206	2.28
2009	50	47	59	62	0.025912	2.23
2010	50	47	62	65	0.009453	2.04
2011	50	47	65	68	0.006341	3.1
2012	50	47	68	71	0.004013	4.41
2013	50	46	54	58	0.190153	1.92
2014	50	46	58	62	0.046694	1.92
2015	50	46	62	66	0.014109	2.9
2016	50	46	66	70	0.008403	4.4
2017	51	50	52	53	1.313354	0.61
2018	51	50	53	54	0.220502	2.96
2019	51	50	54	55	0.067674	2.25
2020	51	50	55	56	0.032399	1.68
2021	51	50	56	57	0.020465	2.58
2022	51	50	57	58	0.011421	2.59
2023	51	50	58	59	0.007413	1.78
2024	51	50	59	60	0.005708	2.23
2025	51	49	53	55	0.412827	2.66
2026	51	49	55	57	0.087476	2.0
2027	51	49	57	59	0.032902	2.64
2028	51	49	59	61	0.017582	2.19
2029	51	49	61	63	0.008134	0.93
2030	51	49	63	65	0.0039	1.8
2031	51	49	65	67	0.003305	3.15
2032	51	49	67	69	0.00241	4.29
2033	51	48	54	57	0.243092	2.03
2034	51	48	57	60	0.059606	2.66
2035	51	48	60	63	0.022261	1.8
2036	51	48	63	66	0.008319	3.41
2037	51	48	66	69	0.006128	4.35
2038	51	48	69	72	0.003415	6.55
2039	51	47	55	59	0.182556	2.1
2040	51	47	59	63	0.044328	2.06
2041	51	47	63	67	0.013442	2.83
2042	51	47	67	71	0.007952	4.37
2043	52	51	53	54	1.0723	3.54
2044	52	51	54	55	0.175869	2.5
2045	52	51	55	56	0.062613	1.84
2046	52	51	56	57	0.033798	2.58
2047	52	51	57	58	0.01745	2.88
2048	52	51	58	59	0.010743	2.83
2049	52	51	59	60	0.007889	2.4
2050	52	51	60	61	0.005336	2.83
2051	52	50	54	56	0.338469	2.27
2052	52	50	56	58	0.083164	2.73
2053	52	50	58	60	0.031765	2.83
2054	52	50	60	62	0.015195	2.13
2055	52	50	62	64	0.006714	1.77
2056	52	50	64	66	0.003961	3.1
2057	52	50	66	68	0.003299	2.11
2058	52	50	68	70	0.002194	1.67
2059	52	49	55	58	0.221094	2.17
2060	52	49	58	61	0.054683	2.49
2061	52	49	61	64	0.017347	1.77
2062	52	49	64	67	0.00822	2.7
2063	52	49	67	70	0.005251	4.46
2064	52	48	56	60	0.175471	2.61
2065	52	48	60	64	0.037851	2.06
2066	52	48	64	68	0.013522	3.29
2067	52	48	68	72	0.007102	4.47
2068	53	52	54	55	1.018425	2.71
2069	53	52	55	56	0.196689	1.72
2070	53	52	56	57	0.079317	2.52
2071	53	52	57	58	0.034975	3.19
2072	53	52	58	59	0.019388	2.58
2073	53	52	59	60	0.013109	2.61
2074	53	52	60	61	0.00835	1.8
2075	53	52	61	62	0.004925	1.24
2076	53	51	55	57	0.372274	2.0
2077	53	51	57	59	0.082582	3.03
2078	53	51	59	61	0.034698	2.49
2079	53	51	61	63	0.01391	1.89
2080	53	51	63	65	0.005951	2.82
2081	53	51	65	67	0.004715	2.83
2082	53	51	67	69	0.003297	2.73
2083	53	51	69	71	0.002216	5.52
2084	53	50	56	59	0.234945	2.78
2085	53	50	59	62	0.055233	2.43
2086	53	50	62	65	0.015511	2.1
2087	53	50	65	68	0.008922	3.84
2088	53	50	68	71	0.005172	4.16
2089	54	53	55	56	1.190429	1.64
2090	54	53	56	57	0.252716	2.75
2091	54	53	57	58	0.084987	3.41
2092	54	53	58	59	0.040521	3.04
2093	54	53	59	60	0.02434	2.82
2094	54	53	60	61	0.014288	2.39
2095	54	53	61	62	0.007917	1.98
2096	54	53	62	63	0.005021	2.31
2097	54	52	56	58	0.451836	2.88
2098	54	52	58	60	0.097387	2.98
2099	54	52	60	62	0.035511	2.34
2100	54	52	62	64	0.013106	2.07
2101	54	52	64	66	0.006735	2.42
2102	54	52	66	68	0.005296	3.27
2103	54	52	68	70	0.003346	4.67
2104	54	52	70	72	0.002158	3.21
2105	54	51	57	60	0.253354	3.12
2106	54	51	60	63	0.054868	2.08
2107	54	51	63	66	0.015063	2.5
2108	54	51	66	69	0.009668	3.07
2109	54	51	69	72	0.00491	4.7
2110	55	54	56	57	1.242546	2.97
2111	55	54	57	58	0.23745	3.53
2112	55	54	58	59	0.090761	3.18
2113	55	54	59	60	0.04699	3.34
2114	55	54	60	61	0.025	2.75
2115	55	54	61	62	0.012887	2.19
2116	55	54	62	63	0.007666	2.28
2117	55	54	63	64	0.003994	1.88
2118	55	53	57	59	0.453524	3.38
2119	55	53	59	61	0.110639	3.01
2120	55	53	61	63	0.033527	2.28
2121	55	53	63	65	0.011612	2.4
2122	55	53	65	67	0.008185	2.75
2123	55	53	67	69	0.00534	3.25
2124	55	53	69	71	0.003371	3.09
2125	55	52	58	61	0.282691	3.01
2126	55	52	61	64	0.050549	2.22
2127	55	52	64	67	0.017161	2.64
2128	55	52	67	70	0.009626	3.24
2129	56	55	57	58	1.051505	3.85
2130	56	55	58	59	0.244773	2.91
2131	56	55	59	60	0.101368	3.33
2132	56	55	60	61	0.047649	2.82
2133	56	55	61	62	0.022559	2.7
2134	56	55	62	63	0.012481	2.69
2135	56	55	63	64	0.006064	1.95
2136	56	55	64	65	0.003968	2.91
2137	56	54	58	60	0.483726	3.07
2138	56	54	60	62	0.108125	2.75
2139	56	54	62	64	0.030228	2.22
2140	56	54	64	66	0.012568	2.44
2141	56	54	66	68	0.009029	3.27
2142	56	54	68	70	0.005266	2.9
2143	56	54	70	72	0.003206	3.97
2144	56	53	59	62	0.302921	3.03
2145	56	53	62	65	0.046864	2.23
2146	56	53	65	68	0.019696	2.78
2147	56	53	68	71	0.009815	3.58
2148	57	56	58	59	1.246337	2.54
2149	57	56	59	60	0.288758	2.92
2150	57	56	60	61	0.10722	2.55
2151	57	56	61	62	0.044839	2.61
2152	57	56	62	63	0.022545	2.43
2153	57	56	63	64	0.009864	2.49
2154	57	56	64	65	0.006105	2.21
2155	57	56	65	66	0.004904	2.31
2156	57	55	59	61	0.544822	2.92
2157	57	55	61	63	0.102457	2.55
2158	57	55	63	65	0.026034	2.43
2159	57	55	65	67	0.015486	2.75
2160	57	55	67	69	0.009214	3.31
2161	57	55	69	71	0.005405	3.68
2162	57	54	60	63	0.302841	2.61
2163	57	54	63	66	0.043563	2.4
2164	57	54	66	69	0.021601	3.09
2165	57	54	69	72	0.009409	4.16
2166	58	57	59	60	1.269213	2.64
2167	58	57	60	61	0.270424	2.22
2168	58	57	61	62	0.09117	2.5
2169	58	57	62	63	0.039989	2.42
2170	58	57	63	64	0.015168	2.35
2171	58	57	64	65	0.008507	2.46
2172	58	57	65	66	0.006381	2.81
2173	58	57	66	67	0.005239	2.78
2174	58	56	60	62	0.513646	2.39
2175	58	56	62	64	0.087611	2.34
2176	58	56	64	66	0.025931	2.35
2177	58	56	66	68	0.016074	2.82
2178	58	56	68	70	0.008471	2.37
2179	58	56	70	72	0.004844	3.54
2180	59	58	60	61	1.275529	1.8
2181	59	58	61	62	0.274254	2.23
2182	59	58	62	63	0.099443	2.19
2183	59	58	63	64	0.031542	2.44
2184	59	58	64	65	0.015487	2.46
2185	59	58	65	66	0.010554	2.06
2186	59	58	66	67	0.008203	2.97
2187	59	58	67	68	0.005361	3.51
2188	59	57	61	63	0.504673	2.28
2189	59	57	63	65	0.070736	2.29
2190	59	57	65	67	0.030395	2.39
2191	59	57	67	69	0.015413	2.59
2192	59	57	69	71	0.00804	3.74
2193	60	59	61	62	1.235875	2.04
2194	60	59	62	63	0.304732	1.83
2195	60	59	63	64	0.07681	1.94
2196	60	59	64	65	0.03307	1.89
2197	60	59	65	66	0.020213	1.81
2198	60	59	66	67	0.014746	1.92
2199	60	59	67	68	0.009093	2.13
2200	60	59	68	69	0.006122	1.64
2201	60	58	62	64	0.512434	1.94
2202	60	58	64	66	0.079355	1.98
2203	60	58	66	68	0.037421	2.27
2204	60	58	68	70	0.016417	2.52
2205	60	58	70	72	0.008321	3.27
2206	61	60	62	63	1.48196	1.89
2207	61	60	63	64	0.205959	1.91
2208	61	60	64	65	0.067082	1.75
2209	61	60	65	66	0.034504	1.44
2210	61	60	66	67	0.023078	1.8
2211	61	60	67	68	0.013274	1.86
2212	61	60	68	69	0.00848	2.54
2213	61	60	69	70	0.005234	2.07
2214	61	59	63	65	0.382811	1.92
2215	61	59	65	67	0.092574	1.8
2216	61	59	67	69	0.036995	1.84
2217	61	59	69	71	0.016365	2.67
2218	62	61	63	64	0.927604	2.11
2219	62	61	64	65	0.174149	1.75
2220	62	61	65	66	0.064377	1.05
2221	62	61	66	67	0.037368	1.48
2222	62	61	67	68	0.019395	1.17
2223	62	61	68	69	0.011509	1.11
2224	62	61	69	70	0.006653	0.8
2225	62	61	70	71	0.004849	1.91
2226	62	60	64	66	0.34	1.6
2227	62	60	66	68	0.093131	1.62
2228	62	60	68	70	0.031894	1.71
2229	62	60	70	72	0.013872	2.47
2230	63	62	64	65	1.056182	2.94
2231	63	62	65	66	0.189748	1.12
2232	63	62	66	67	0.083267	1.52
2233	63	62	67	68	0.037389	1.23
2234	63	62	68	69	0.019937	1.23
2235	63	62	69	70	0.010487	1.09
2236	63	62	70	71	0.007117	2.16
2237	63	62	71	72	0.003751	0.73
2238	64	63	65	66	0.877105	1.52
2239	64	63	66	67	0.20542	1.77
2240	64	63	67	68	0.072877	1.29
2241	64	63	68	69	0.03393	1.24
2242	64	63	69	70	0.015786	1.62
2243	64	63	70	71	0.009862	1.32
2244	64	63	71	72	0.004859	1.3
2245	65	64	66	67	0.841394	2.42
2246	65	64	67	68	0.197655	1.67
2247	65	64	68	69	0.07527	1.67
2248	65	64	69	70	0.03034	2.04
2249	65	64	70	71	0.016804	1.77
2250	65	64	71	72	0.007635	1.22
2251	66	65	67	68	0.998223	2.0
2252	66	65	68	69	0.254222	1.88
2253	66	65	69	70	0.080397	2.23
2254	66	65	70	71	0.03794	1.97
2255	66	65	71	72	0.0153	1.78
2256	67	66	68	69	1.332012	2.06
2257	67	66	69	70	0.276576	2.34
2258	67	66	70	71	0.102979	2.03
2259	67	66	71	72	0.03463	1.8
