2289
1	2	1	3	4	0.962952	2.16
2	2	1	4	5	0.282441	2.37
3	2	1	5	6	0.11088	1.56
4	2	1	6	7	0.058847	2.08
5	2	1	7	8	0.036565	1.02
6	2	1	8	9	0.020304	2.31
7	2	1	9	10	0.014388	3.22
8	2	1	10	11	0.009717	4.46
9	3	2	4	5	1.168629	1.81
10	3	2	5	6	0.282405	1.3
11	3	2	6	7	0.121171	1.89
12	3	2	7	8	0.066949	1.08
13	3	2	8	9	0.034482	1.77
14	3	2	9	10	0.023203	3.34
15	3	2	10	11	0.015089	3.57
16	3	2	11	12	0.010642	2.5
17	3	1	5	7	0.573219	1.54
18	3	1	7	9	0.158362	1.33
19	3	1	9	11	0.062444	3.48
20	3	1	11	13	0.031912	3.22
21	3	1	13	15	0.017936	3.48
22	3	1	15	17	0.010662	4.05
23	3	1	17	19	0.006955	5.03
24	3	1	19	21	0.004529	5.87
25	4	3	5	6	0.93067	0.22
26	4	3	6	7	0.259029	1.36
27	4	3	7	8	0.117632	0.77
28	4	3	8	9	0.053806	1.62
29	4	3	9	10	0.033695	3.0
30	4	3	10	11	0.020788	3.58
31	4	3	11	12	0.014121	1.59
32	4	2	6	8	0.564511	1.29
33	4	2	8	10	0.145214	2.15
34	4	2	10	12	0.060666	2.92
35	4	2	12	14	0.032269	3.87
36	4	2	14	16	0.018189	3.99
37	4	2	16	18	0.010959	5.25
38	4	1	7	10	0.400908	1.5
39	4	1	10	13	0.102518	3.15
40	4	1	13	16	0.041057	3.5
41	4	1	16	19	0.019773	4.8
42	4	1	19	22	0.01015	5.66
43	4	1	22	25	0.006577	5.96
44	4	1	25	28	0.003284	5.15
45	4	1	28	31	0.002604	6.33
46	5	4	6	7	0.974076	0.32
47	5	4	7	8	0.288004	0.42
48	5	4	8	9	0.1073	1.33
49	5	4	9	10	0.06008	2.59
50	5	4	10	11	0.034389	3.06
51	5	4	11	12	0.022176	1.46
52	5	4	12	13	0.01637	3.0
53	5	4	13	14	0.010602	2.98
54	5	3	7	9	0.566562	0.78
55	5	3	9	11	0.148974	2.79
56	5	3	11	13	0.06354	2.33
57	5	3	13	15	0.032124	3.01
58	5	3	15	17	0.01778	4.28
59	5	3	17	19	0.011025	5.38
60	5	3	19	21	0.006864	5.5
61	5	2	8	11	0.382771	2.17
62	5	2	11	14	0.106252	2.7
63	5	2	14	17	0.043016	3.9
64	5	2	17	20	0.020356	5.18
65	5	2	20	23	0.01001	5.91
66	5	2	23	26	0.00692	6.07
67	5	2	29	32	0.002532	5.01
68	5	1	9	13	0.306767	2.86
69	5	1	13	17	0.078535	3.65
70	5	1	17	21	0.029414	5.58
71	5	1	21	25	0.013759	7.29
72	5	1	25	29	0.006212	5.76
73	5	1	29	33	0.003901	5.01
74	5	1	33	37	0.00249	4.65
75	6	5	7	8	0.984114	-0.06
76	6	5	8	9	0.233244	1.06
77	6	5	9	10	0.107514	2.42
78	6	5	10	11	0.054948	2.79
79	6	5	11	12	0.032902	1.26
80	6	5	13	14	0.014337	2.75
81	6	5	14	15	0.010961	2.19
82	6	4	8	10	0.507893	1.59
83	6	4	10	12	0.144446	2.28
84	6	4	12	14	0.064412	2.94
85	6	4	14	16	0.03252	3.36
86	6	4	16	18	0.018272	4.05
87	6	4	18	20	0.010952	5.22
88	6	4	20	22	0.006599	6.86
89	6	4	22	24	0.005024	7.11
90	6	3	9	12	0.380521	2.43
91	6	3	12	15	0.107748	3.0
92	6	3	15	18	0.041512	3.96
93	6	3	18	21	0.019679	5.04
94	6	3	21	24	0.01079	7.02
95	6	3	24	27	0.005886	6.79
96	6	3	27	30	0.003302	4.72
97	6	2	10	14	0.301711	2.73
98	6	2	14	18	0.079969	3.71
99	6	2	18	22	0.028885	6.11
100	6	2	22	26	0.01392	6.95
101	6	2	26	30	0.006189	5.9
102	6	2	38	42	0.001438	4.67
103	6	1	11	16	0.249889	2.75
104	6	1	16	21	0.060233	4.89
105	6	1	21	26	0.021584	6.51
106	6	1	26	31	0.008991	5.21
107	6	1	41	46	0.001634	4.4
108	7	6	9	10	0.253637	2.22
109	7	6	10	11	0.105806	2.55
110	7	6	11	12	0.056313	1.08
111	7	6	12	13	0.036277	2.85
112	7	6	13	14	0.021464	2.37
113	7	6	14	15	0.015818	2.25
114	7	6	15	16	0.010288	4.16
115	7	5	9	11	0.521638	2.4
116	7	5	11	13	0.14857	1.83
117	7	5	13	15	0.062605	2.47
118	7	5	15	17	0.031215	3.5
119	7	5	17	19	0.018013	4.4
120	7	5	19	21	0.010627	5.34
121	7	5	21	23	0.006278	7.11
122	7	5	23	25	0.005443	5.7
123	7	4	10	13	0.382111	2.31
124	7	4	13	16	0.105086	2.83
125	7	4	16	19	0.042428	4.19
126	7	4	19	22	0.019403	5.93
127	7	4	22	25	0.0114	6.48
128	7	4	25	28	0.005269	7.38
129	7	4	28	31	0.003923	5.58
130	7	4	31	34	0.002307	5.18
131	7	3	11	15	0.306749	2.19
132	7	3	15	19	0.078053	4.0
133	7	3	19	23	0.028025	6.09
134	7	3	23	27	0.014218	6.21
135	7	3	27	31	0.006469	4.62
136	7	3	39	43	0.001456	5.12
137	7	2	12	17	0.255407	3.17
138	7	2	17	22	0.059937	5.26
139	7	2	22	27	0.021979	6.58
140	7	2	27	32	0.00883	4.92
141	7	2	32	37	0.00475	4.49
142	7	1	13	19	0.208298	3.46
143	7	1	19	25	0.047534	6.4
144	7	1	25	31	0.015105	5.32
145	7	1	31	37	0.006747	3.75
146	7	1	37	43	0.003324	4.7
147	7	1	43	49	0.001877	2.22
148	8	7	9	10	0.952193	2.5
149	8	7	10	11	0.254365	2.23
150	8	7	11	12	0.111601	0.83
151	8	7	12	13	0.064155	2.76
152	8	7	13	14	0.035254	2.15
153	8	7	14	15	0.024633	2.01
154	8	7	15	16	0.0154	3.07
155	8	7	16	17	0.011319	2.75
156	8	6	10	12	0.52798	1.86
157	8	6	12	14	0.157204	2.59
158	8	6	14	16	0.066168	2.62
159	8	6	16	18	0.033318	3.34
160	8	6	18	20	0.018577	4.5
161	8	6	20	22	0.010538	5.38
162	8	6	22	24	0.007662	6.09
163	8	5	11	14	0.395401	1.81
164	8	5	14	17	0.109433	2.82
165	8	5	17	20	0.04317	4.54
166	8	5	20	23	0.018864	6.2
167	8	5	23	26	0.011871	6.66
168	8	5	26	29	0.005478	5.82
169	8	5	29	32	0.003744	5.46
170	8	5	32	35	0.002288	6.11
171	8	4	12	16	0.320281	2.79
172	8	4	16	20	0.081163	4.11
173	8	4	20	24	0.02986	6.29
174	8	4	24	28	0.012405	6.3
175	8	4	28	32	0.006885	5.66
176	8	4	32	36	0.003703	5.91
177	8	4	36	40	0.002312	3.33
178	8	3	13	18	0.255183	2.97
179	8	3	18	23	0.059387	5.58
180	8	3	23	28	0.022227	6.63
181	8	3	28	33	0.009294	5.32
182	8	3	33	38	0.004747	5.54
183	8	3	38	43	0.002488	4.72
184	8	2	14	20	0.215929	3.56
185	8	2	20	26	0.047716	6.2
186	8	2	26	32	0.015251	4.74
187	8	2	32	38	0.006924	3.87
188	8	2	50	56	0.001241	3.34
189	8	2	56	62	0.000977	2.71
190	8	1	15	22	0.17707	4.35
191	8	1	22	29	0.038105	6.23
192	8	1	29	36	0.012459	4.12
193	8	1	43	50	0.002569	0.84
194	9	8	10	11	0.775533	1.69
195	9	8	11	12	0.221446	0.43
196	9	8	12	13	0.105606	2.33
197	9	8	13	14	0.051924	1.86
198	9	8	14	15	0.033685	1.69
199	9	8	15	16	0.019977	3.0
200	9	8	16	17	0.014128	2.44
201	9	8	17	18	0.010068	3.07
202	9	7	11	13	0.502934	1.23
203	9	7	13	15	0.145597	1.95
204	9	7	15	17	0.060894	2.85
205	9	7	17	19	0.031703	3.82
206	9	7	19	21	0.017421	4.56
207	9	7	21	23	0.009741	6.23
208	9	7	23	25	0.00808	5.87
209	9	6	12	15	0.389008	2.31
210	9	6	15	18	0.103319	3.13
211	9	6	18	21	0.041099	4.7
212	9	6	21	24	0.019952	6.07
213	9	6	24	27	0.009963	6.44
214	9	6	27	30	0.005158	4.71
215	9	5	13	17	0.30039	2.43
216	9	5	17	21	0.077834	4.46
217	9	5	21	25	0.029564	6.29
218	9	5	25	29	0.011498	5.9
219	9	5	29	33	0.006433	4.32
220	9	4	14	19	0.252097	3.04
221	9	4	19	24	0.059881	5.85
222	9	4	24	29	0.019677	6.01
223	9	4	29	34	0.009124	5.08
224	9	4	34	39	0.004354	4.04
225	9	4	49	54	0.00099	3.5
226	9	3	15	21	0.205636	3.85
227	9	3	21	27	0.046652	6.38
228	9	3	27	33	0.014706	4.63
229	9	3	39	45	0.003272	3.24
230	9	2	23	30	0.038128	6.11
231	9	2	30	37	0.012669	4.21
232	9	2	37	44	0.004972	3.75
233	9	2	44	51	0.00253	4.65
234	9	2	58	65	0.001079	-1.44
235	9	1	17	25	0.150535	5.28
236	9	1	25	33	0.028072	5.22
237	9	1	33	41	0.009736	4.0
238	9	1	41	49	0.004067	1.71
239	10	9	11	12	0.828455	1.52
240	10	9	12	13	0.247227	2.15
241	10	9	13	14	0.100406	1.64
242	10	9	14	15	0.058362	1.5
243	10	9	15	16	0.032142	2.59
244	10	9	16	17	0.021625	2.04
245	10	9	17	18	0.014828	3.03
246	10	9	18	19	0.010271	4.28
247	10	8	12	14	0.505131	2.03
248	10	8	14	16	0.144239	1.95
249	10	8	16	18	0.060723	2.61
250	10	8	18	20	0.030463	3.88
251	10	8	20	22	0.016132	4.88
252	10	8	22	24	0.011017	5.79
253	10	8	24	26	0.006327	5.69
254	10	7	13	16	0.371819	1.94
255	10	7	16	19	0.103964	3.0
256	10	7	19	22	0.039819	4.8
257	10	7	22	25	0.020668	6.35
258	10	7	25	28	0.008721	6.11
259	10	7	28	31	0.006001	5.93
260	10	7	31	34	0.003314	4.68
261	10	6	14	18	0.304418	2.39
262	10	6	18	22	0.075737	4.67
263	10	6	22	26	0.029616	6.13
264	10	6	26	30	0.011305	5.91
265	10	6	30	34	0.006699	5.28
266	10	6	34	38	0.003459	3.72
267	10	5	15	20	0.244436	3.29
268	10	5	20	25	0.059149	5.88
269	10	5	25	30	0.01827	5.54
270	10	5	30	35	0.008933	4.77
271	10	5	45	50	0.001405	3.75
272	10	4	22	28	0.046077	6.27
273	10	4	28	34	0.015579	5.34
274	10	4	34	40	0.006248	4.43
275	10	4	40	46	0.003222	4.12
276	10	4	46	52	0.00174	2.16
277	10	4	52	58	0.001242	4.14
278	10	3	24	31	0.035174	5.76
279	10	3	31	38	0.011515	5.46
280	10	3	45	52	0.002471	3.12
281	10	3	52	59	0.001628	1.54
282	10	2	18	26	0.148136	5.46
283	10	2	26	34	0.028345	5.37
284	10	2	34	42	0.00925	4.37
285	10	2	42	50	0.003984	3.34
286	10	2	50	58	0.002273	1.98
287	10	2	58	66	0.001389	-0.17
288	10	1	19	28	0.125298	5.7
289	10	1	28	37	0.024851	4.81
290	10	1	37	46	0.007605	3.84
291	10	1	46	55	0.003306	3.38
292	10	1	55	64	0.002089	1.38
293	11	10	12	13	0.876715	2.22
294	11	10	13	14	0.22316	1.41
295	11	10	14	15	0.106546	1.12
296	11	10	15	16	0.052276	2.27
297	11	10	16	17	0.032681	1.84
298	11	10	17	18	0.02131	2.47
299	11	10	18	19	0.014154	3.34
300	11	10	19	20	0.01008	3.6
301	11	9	13	15	0.488497	1.41
302	11	9	15	17	0.138824	2.22
303	11	9	17	19	0.060618	2.91
304	11	9	19	21	0.030023	3.97
305	11	9	21	23	0.015527	5.05
306	11	9	23	25	0.012201	6.24
307	11	9	25	27	0.005787	5.01
308	11	9	27	29	0.003654	5.67
309	11	8	14	17	0.371427	1.8
310	11	8	17	20	0.100979	3.19
311	11	8	20	23	0.036942	4.86
312	11	8	23	26	0.020678	6.27
313	11	8	26	29	0.008642	6.29
314	11	8	29	32	0.005469	6.09
315	11	8	32	35	0.003167	5.38
316	11	7	15	19	0.291897	2.7
317	11	7	23	27	0.030119	6.09
318	11	7	27	31	0.011646	5.82
319	11	7	31	35	0.005701	5.97
320	11	7	35	39	0.003495	4.6
321	11	7	43	47	0.001283	3.04
322	11	6	21	26	0.058196	5.76
323	11	6	26	31	0.018871	5.79
324	11	6	31	36	0.008007	4.59
325	11	6	36	41	0.004196	3.22
326	11	6	41	46	0.002369	1.65
327	11	5	23	29	0.046697	5.97
328	11	5	29	35	0.014692	4.88
329	11	5	35	41	0.006282	4.06
330	11	5	47	53	0.00173	1.56
331	11	4	18	25	0.17203	4.98
332	11	4	25	32	0.033116	5.67
333	11	4	32	39	0.011463	4.33
334	11	3	19	27	0.14507	5.45
335	11	3	27	35	0.027355	5.34
336	11	3	35	43	0.009327	5.12
337	11	3	43	51	0.003827	5.15
338	11	3	59	67	0.001317	1.69
339	11	2	20	29	0.122922	5.8
340	11	2	29	38	0.024087	4.57
341	11	2	38	47	0.007416	3.6
342	11	2	56	65	0.00205	-0.68
343	11	1	21	31	0.107621	6.03
344	11	1	31	41	0.01943	3.97
345	11	1	41	51	0.006371	3.13
346	11	1	61	71	0.001668	0.01
347	12	11	13	14	0.790889	1.05
348	12	11	14	15	0.245297	1.09
349	12	11	15	16	0.09865	2.21
350	12	11	16	17	0.055202	1.71
351	12	11	17	18	0.033473	2.25
352	12	11	18	19	0.02105	2.92
353	12	11	19	20	0.014446	2.82
354	12	11	20	21	0.009761	3.84
355	12	10	14	16	0.502475	1.42
356	12	10	16	18	0.142668	2.0
357	12	10	18	20	0.059762	3.12
358	12	10	20	22	0.028614	4.08
359	12	10	22	24	0.017983	4.94
360	12	10	24	26	0.009804	5.12
361	12	10	26	28	0.005318	5.21
362	12	10	28	30	0.003928	5.21
363	12	9	15	18	0.362353	2.19
364	12	9	18	21	0.0998	3.42
365	12	9	21	24	0.040036	5.13
366	12	9	24	27	0.017828	5.34
367	12	9	27	30	0.008363	5.04
368	12	9	30	33	0.005583	5.4
369	12	8	16	20	0.293538	2.55
370	12	8	20	24	0.073775	4.81
371	12	8	24	28	0.025079	5.71
372	12	8	28	32	0.011914	5.49
373	12	8	32	36	0.005766	4.25
374	12	8	36	40	0.00328	5.71
375	12	8	40	44	0.001947	4.65
376	12	8	44	48	0.001217	2.94
377	12	7	22	27	0.058394	5.69
378	12	7	27	32	0.018229	5.49
379	12	7	32	37	0.008336	4.96
380	12	7	37	42	0.00383	4.23
381	12	7	42	47	0.002245	3.78
382	12	6	24	30	0.041309	5.66
383	12	6	30	36	0.014813	6.0
384	12	6	36	42	0.006057	3.0
385	12	6	48	54	0.001689	2.47
386	12	5	19	26	0.16892	5.0
387	12	5	26	33	0.03266	5.35
388	12	5	33	40	0.011224	4.33
389	12	5	40	47	0.004652	3.75
390	12	4	20	28	0.141104	5.4
391	12	4	28	36	0.028289	5.28
392	12	4	36	44	0.009029	3.33
393	12	4	52	60	0.002257	3.1
394	12	4	60	68	0.001277	4.35
395	12	3	21	30	0.121278	5.76
396	12	3	30	39	0.023865	4.75
397	12	3	39	48	0.007262	3.1
398	12	3	48	57	0.003292	2.85
399	12	2	22	32	0.107432	5.79
400	12	2	32	42	0.019427	4.19
401	12	2	52	62	0.003174	0.38
402	12	2	62	72	0.001673	1.17
403	12	1	23	34	0.096278	5.79
404	12	1	34	45	0.01641	3.69
405	13	12	14	15	1.024101	0.75
406	13	12	15	16	0.254788	1.83
407	13	12	16	17	0.11714	1.26
408	13	12	17	18	0.062509	1.91
409	13	12	18	19	0.036701	2.37
410	13	12	19	20	0.023895	2.59
411	13	12	20	21	0.015261	3.0
412	13	12	21	22	0.010477	3.6
413	13	11	15	17	0.525591	1.75
414	13	11	17	19	0.153774	2.22
415	13	11	19	21	0.063393	3.0
416	13	11	21	23	0.029398	4.02
417	13	11	23	25	0.021295	5.37
418	13	11	25	27	0.00948	5.1
419	13	11	27	29	0.005698	5.94
420	13	10	16	19	0.394099	1.88
421	13	10	19	22	0.102833	3.38
422	13	10	22	25	0.043787	4.91
423	13	10	25	28	0.016297	5.15
424	13	10	28	31	0.010158	5.87
425	13	10	31	34	0.00521	5.93
426	13	10	34	37	0.003247	5.38
427	13	9	17	21	0.307834	2.7
428	13	9	21	25	0.078501	4.86
429	13	9	25	29	0.024658	5.21
430	13	9	29	33	0.01189	5.25
431	13	9	33	37	0.006197	4.54
432	13	9	37	41	0.003049	4.3
433	13	9	45	49	0.001213	2.37
434	13	8	18	23	0.242175	3.48
435	13	8	23	28	0.060188	5.49
436	13	8	28	33	0.019356	5.43
437	13	8	33	38	0.008351	5.21
438	13	8	38	43	0.003833	3.27
439	13	8	43	48	0.002169	2.61
440	13	7	25	31	0.041203	5.28
441	13	7	31	37	0.013991	5.25
442	13	7	37	43	0.005722	3.38
443	13	6	20	27	0.170878	4.91
444	13	6	27	34	0.033251	5.22
445	13	6	34	41	0.010696	4.32
446	13	6	41	48	0.004619	4.79
447	13	6	48	55	0.002359	1.86
448	13	5	21	29	0.144154	5.42
449	13	5	29	37	0.028314	4.83
450	13	5	37	45	0.008511	4.14
451	13	5	45	53	0.003722	2.61
452	13	4	22	31	0.126257	5.5
453	13	4	31	40	0.022288	4.41
454	13	4	40	49	0.007202	3.31
455	13	4	58	67	0.001942	3.57
456	13	3	23	33	0.111078	5.64
457	13	3	33	43	0.019475	4.44
458	13	3	43	53	0.006132	3.29
459	13	2	24	35	0.089511	5.47
460	13	2	35	46	0.016756	4.04
461	13	2	46	57	0.00542	2.69
462	13	2	57	68	0.002851	2.88
463	14	13	15	16	0.828567	1.72
464	14	13	16	17	0.249891	0.99
465	14	13	17	18	0.109355	1.59
466	14	13	18	19	0.057072	2.1
467	14	13	19	20	0.034577	2.15
468	14	13	20	21	0.02114	2.55
469	14	13	21	22	0.01385	3.09
470	14	13	22	23	0.009269	4.16
471	14	12	16	18	0.538722	1.23
472	14	12	18	20	0.152259	2.25
473	14	12	20	22	0.060756	2.9
474	14	12	22	24	0.034107	3.96
475	14	12	24	26	0.017353	4.49
476	14	12	26	28	0.00881	4.74
477	14	12	30	32	0.00454	4.92
478	14	11	17	20	0.393014	2.06
479	14	11	20	23	0.098748	3.3
480	14	11	23	26	0.045806	4.51
481	14	11	26	29	0.016685	5.26
482	14	11	29	32	0.009639	4.37
483	14	11	32	35	0.005169	6.17
484	14	11	35	38	0.003403	4.04
485	14	10	18	22	0.301301	2.75
486	14	10	22	26	0.079283	4.44
487	14	10	26	30	0.0243	5.12
488	14	10	30	34	0.012433	5.22
489	14	10	34	38	0.005706	4.86
490	14	10	38	42	0.002994	3.12
491	14	9	24	29	0.053768	4.95
492	14	9	29	34	0.01931	5.31
493	14	9	34	39	0.007758	4.2
494	14	9	39	44	0.003852	4.74
495	14	8	26	32	0.04046	5.0
496	14	8	32	38	0.013976	4.62
497	14	8	44	50	0.002772	1.94
498	14	7	21	28	0.168438	4.74
499	14	7	28	35	0.034119	5.08
500	14	7	35	42	0.010856	4.06
501	14	7	42	49	0.004455	2.25
502	14	7	56	63	0.001656	0.55
503	14	7	63	70	0.000958	1.65
504	14	6	22	30	0.144461	5.13
505	14	6	30	38	0.028362	4.6
506	14	6	46	54	0.003564	2.31
507	14	6	62	70	0.001258	2.03
508	14	5	23	32	0.128042	5.37
509	14	5	32	41	0.022234	4.59
510	14	5	41	50	0.006984	4.04
511	14	5	50	59	0.003468	2.71
512	14	5	59	68	0.001858	4.17
513	14	4	24	34	0.101835	5.15
514	14	4	34	44	0.018454	3.69
515	14	4	44	54	0.005961	2.59
516	14	4	54	64	0.003199	0.75
517	14	3	25	36	0.08551	5.12
518	14	3	36	47	0.016191	3.33
519	14	3	47	58	0.005459	2.82
520	15	14	16	17	1.020996	0.75
521	15	14	17	18	0.279595	1.32
522	15	14	18	19	0.118219	1.77
523	15	14	19	20	0.064018	1.81
524	15	14	20	21	0.036524	2.0
525	15	14	21	22	0.022611	2.5
526	15	14	22	23	0.014522	2.7
527	15	14	23	24	0.014837	3.72
528	15	13	17	19	0.564014	1.53
529	15	13	19	21	0.156283	2.03
530	15	13	21	23	0.060273	2.86
531	15	13	23	25	0.039197	3.9
532	15	13	25	27	0.016014	3.85
533	15	13	27	29	0.009037	4.14
534	15	13	29	31	0.006843	4.79
535	15	12	18	21	0.407288	2.06
536	15	12	21	24	0.110473	3.33
537	15	12	24	27	0.040912	4.19
538	15	12	27	30	0.016729	4.35
539	15	12	30	33	0.010164	4.75
540	15	12	36	39	0.003343	4.26
541	15	12	39	42	0.001972	5.5
542	15	11	19	23	0.309324	2.58
543	15	11	23	27	0.086038	4.33
544	15	11	27	31	0.02612	4.35
545	15	11	31	35	0.011067	4.94
546	15	11	35	39	0.006034	4.95
547	15	11	39	43	0.003147	4.77
548	15	11	47	51	0.001203	5.97
549	15	10	25	30	0.051431	4.5
550	15	10	30	35	0.019721	4.94
551	15	10	35	40	0.008115	4.7
552	15	10	40	45	0.003896	4.44
553	15	10	45	50	0.002087	4.32
554	15	9	21	27	0.209317	4.08
555	15	9	27	33	0.04089	4.88
556	15	9	33	39	0.014209	5.04
557	15	9	39	45	0.005691	4.28
558	15	9	45	51	0.00281	3.04
559	15	9	51	57	0.001787	3.94
560	15	8	22	29	0.174742	4.47
561	15	8	29	36	0.033836	4.67
562	15	8	43	50	0.004305	2.67
563	15	8	50	57	0.002455	3.69
564	15	7	23	31	0.153878	4.81
565	15	7	31	39	0.026341	4.53
566	15	7	47	55	0.003648	2.66
567	15	6	24	33	0.118398	4.84
568	15	6	42	51	0.006988	2.42
569	15	6	60	69	0.001839	3.04
570	15	5	25	35	0.098367	5.08
571	15	5	35	45	0.018869	4.47
572	15	5	45	55	0.005907	3.66
573	15	5	55	65	0.003208	4.29
574	15	4	26	37	0.087388	5.05
575	15	4	37	48	0.015365	3.74
576	15	4	48	59	0.005587	2.04
577	15	4	59	70	0.002722	2.06
578	16	15	17	18	0.954926	1.05
579	16	15	18	19	0.255127	1.6
580	16	15	19	20	0.113393	1.62
581	16	15	20	21	0.057521	1.78
582	16	15	21	22	0.033262	2.31
583	16	15	22	23	0.020256	2.31
584	16	15	23	24	0.019832	3.09
585	16	15	24	25	0.01132	3.24
586	16	14	18	20	0.550927	1.68
587	16	14	20	22	0.149992	2.06
588	16	14	22	24	0.069505	2.79
589	16	14	24	26	0.031993	3.18
590	16	14	26	28	0.014948	4.35
591	16	14	28	30	0.009931	4.79
592	16	14	30	32	0.006923	4.79
593	16	13	19	22	0.39694	1.98
594	16	13	22	25	0.114476	3.15
595	16	13	25	28	0.035317	3.65
596	16	13	28	31	0.019314	4.53
597	16	13	31	34	0.009009	4.83
598	16	13	34	37	0.005215	3.75
599	16	13	37	40	0.002872	5.54
600	16	12	20	24	0.314242	2.64
601	16	12	24	28	0.073132	3.81
602	16	12	28	32	0.027641	4.62
603	16	12	32	36	0.01147	5.16
604	16	12	36	40	0.005817	3.31
605	16	12	40	44	0.00315	4.77
606	16	12	44	48	0.001861	3.97
607	16	12	48	52	0.001236	2.88
608	16	11	21	26	0.255708	3.3
609	16	11	26	31	0.053553	4.43
610	16	11	31	36	0.017854	5.46
611	16	11	41	46	0.003886	3.87
612	16	11	46	51	0.00207	5.71
613	16	11	51	56	0.00141	1.29
614	16	11	56	61	0.001136	1.89
615	16	10	28	34	0.043723	4.83
616	16	10	34	40	0.01327	4.43
617	16	10	40	46	0.005657	3.48
618	16	10	52	58	0.001828	1.81
619	16	9	23	30	0.18065	4.29
620	16	9	30	37	0.034931	4.7
621	16	9	37	44	0.009987	4.09
622	16	9	44	51	0.004281	3.54
623	16	9	51	58	0.002508	3.01
624	16	9	58	65	0.001565	3.9
625	16	8	24	32	0.137743	4.46
626	16	8	32	40	0.02635	4.81
627	16	8	40	48	0.008182	3.46
628	16	8	48	56	0.003628	3.63
629	16	8	64	72	0.001323	1.23
630	16	7	25	34	0.113367	4.63
631	16	7	34	43	0.021269	4.08
632	16	7	43	52	0.006778	2.9
633	16	7	52	61	0.003493	2.73
634	16	7	61	70	0.001827	2.7
635	16	6	26	36	0.098257	4.95
636	16	6	46	56	0.00583	2.52
637	16	5	27	38	0.086022	4.88
638	16	5	49	60	0.005662	2.71
639	16	5	60	71	0.00266	3.56
640	17	16	18	19	0.912062	1.56
641	17	16	19	20	0.265103	1.46
642	17	16	20	21	0.111469	1.58
643	17	16	21	22	0.05731	2.1
644	17	16	22	23	0.032366	1.84
645	17	16	23	24	0.030231	2.81
646	17	16	24	25	0.016667	2.76
647	17	16	25	26	0.009435	2.46
648	17	15	19	21	0.547501	1.53
649	17	15	21	23	0.143218	2.1
650	17	15	23	25	0.078076	2.88
651	17	15	25	27	0.028357	3.09
652	17	15	27	29	0.014793	3.68
653	17	15	29	31	0.010579	4.53
654	17	15	31	33	0.005475	4.83
655	17	15	33	35	0.004011	4.25
656	17	14	20	23	0.385853	1.92
657	17	14	23	26	0.123068	3.0
658	17	14	26	29	0.036463	3.93
659	17	14	29	32	0.018583	4.25
660	17	14	32	35	0.009124	4.7
661	17	14	35	38	0.005564	4.11
662	17	14	41	44	0.001944	4.41
663	17	13	21	25	0.320745	2.64
664	17	13	25	29	0.068245	3.6
665	17	13	29	33	0.02663	4.38
666	17	13	33	37	0.012013	4.37
667	17	13	37	41	0.005216	4.5
668	17	13	45	49	0.00178	5.12
669	17	12	22	27	0.263434	3.07
670	17	12	27	32	0.052832	4.2
671	17	12	32	37	0.018967	4.71
672	17	12	37	42	0.007291	4.09
673	17	12	42	47	0.003829	3.19
674	17	12	52	57	0.00144	3.63
675	17	12	57	62	0.001135	2.78
676	17	11	29	35	0.042531	4.77
677	17	11	35	41	0.013725	4.62
678	17	11	41	47	0.005601	5.28
679	17	11	47	53	0.002796	3.78
680	17	11	65	71	0.000822	-1.11
681	17	10	24	31	0.1654	3.9
682	17	10	31	38	0.032065	4.53
683	17	10	38	45	0.0099	3.54
684	17	10	45	52	0.004254	3.03
685	17	10	59	66	0.001518	1.92
686	17	9	25	33	0.131438	4.3
687	17	9	33	41	0.026493	4.56
688	17	9	49	57	0.003736	2.35
689	17	9	57	65	0.002257	3.71
690	17	8	26	35	0.112956	4.59
691	17	8	35	44	0.02163	4.41
692	17	8	44	53	0.006681	3.12
693	17	7	27	37	0.098334	4.53
694	17	7	37	47	0.017224	4.25
695	17	7	47	57	0.005905	2.81
696	17	7	57	67	0.003124	2.83
697	17	6	28	39	0.089438	4.74
698	17	6	39	50	0.014896	3.38
699	17	6	61	72	0.002677	1.52
700	18	17	19	20	0.961999	1.17
701	18	17	20	21	0.259607	1.33
702	18	17	21	22	0.111027	1.86
703	18	17	22	23	0.05597	1.56
704	18	17	23	24	0.048022	2.44
705	18	17	24	25	0.025388	2.54
706	18	17	25	26	0.013752	2.54
707	18	17	26	27	0.009959	3.53
708	18	16	20	22	0.539243	1.56
709	18	16	22	24	0.166567	2.07
710	18	16	24	26	0.065253	2.4
711	18	16	26	28	0.02703	3.29
712	18	16	28	30	0.016636	3.66
713	18	16	30	32	0.010969	4.14
714	18	16	32	34	0.00636	5.18
715	18	15	21	24	0.408262	2.07
716	18	15	24	27	0.105476	2.76
717	18	15	27	30	0.035088	3.48
718	18	15	30	33	0.018993	4.16
719	18	15	33	36	0.009345	3.94
720	18	15	36	39	0.005259	4.63
721	18	15	39	42	0.0029	3.53
722	18	14	22	26	0.333293	2.39
723	18	14	26	30	0.068567	3.74
724	18	14	30	34	0.028522	4.38
725	18	14	34	38	0.011274	4.08
726	18	14	38	42	0.005232	4.4
727	18	13	23	28	0.276207	2.98
728	18	13	28	33	0.056261	4.26
729	18	13	33	38	0.019085	4.68
730	18	13	38	43	0.007266	3.99
731	18	13	43	48	0.003657	4.79
732	18	13	48	53	0.002139	4.41
733	18	13	58	63	0.001069	1.38
734	18	12	24	30	0.198162	3.34
735	18	12	30	36	0.044012	4.51
736	18	12	36	42	0.013493	4.26
737	18	12	42	48	0.005539	3.99
738	18	12	48	54	0.002807	3.21
739	18	12	54	60	0.002027	1.46
740	18	12	60	66	0.001164	1.01
741	18	12	66	72	0.00087	1.44
742	18	11	25	32	0.156804	3.75
743	18	11	32	39	0.032718	4.6
744	18	11	39	46	0.010026	3.97
745	18	11	53	60	0.002632	3.99
746	18	11	60	67	0.001485	2.44
747	18	10	26	34	0.133802	4.28
748	18	10	34	42	0.025236	4.32
749	18	10	42	50	0.007977	4.06
750	18	10	50	58	0.003898	2.83
751	18	10	58	66	0.002206	2.5
752	18	9	27	36	0.113089	4.28
753	18	9	36	45	0.021272	3.69
754	18	8	28	38	0.103054	4.57
755	18	8	38	48	0.016937	3.68
756	18	8	58	68	0.003034	2.27
757	19	18	20	21	0.933443	0.85
758	19	18	21	22	0.253241	1.58
759	19	18	22	23	0.103586	1.29
760	19	18	23	24	0.079525	2.04
761	19	18	24	25	0.039428	2.08
762	19	18	25	26	0.019947	1.56
763	19	18	26	27	0.013921	2.47
764	19	18	27	28	0.007757	2.69
765	19	17	21	23	0.523598	1.56
766	19	17	23	25	0.192315	2.17
767	19	17	25	27	0.057575	2.35
768	19	17	27	29	0.026807	2.96
769	19	17	29	31	0.01785	3.36
770	19	17	31	33	0.008747	4.4
771	19	17	33	35	0.006162	5.01
772	19	17	35	37	0.004392	4.57
773	19	16	22	25	0.430973	1.92
774	19	16	25	28	0.091859	2.5
775	19	16	28	31	0.041403	3.65
776	19	16	31	34	0.01717	4.62
777	19	16	34	37	0.009095	4.38
778	19	16	37	40	0.004635	3.93
779	19	16	40	43	0.002986	5.46
780	19	16	43	46	0.001861	4.05
781	19	15	23	27	0.356283	2.43
782	19	15	27	31	0.070052	3.44
783	19	15	31	35	0.024419	4.5
784	19	15	35	39	0.011513	4.88
785	19	15	39	43	0.005301	4.33
786	19	15	47	51	0.001749	2.47
787	19	14	24	29	0.243775	2.75
788	19	14	29	34	0.056203	4.14
789	19	14	34	39	0.017759	4.17
790	19	14	39	44	0.007331	5.4
791	19	14	44	49	0.00357	3.69
792	19	14	49	54	0.002136	3.72
793	19	14	54	59	0.001616	3.53
794	19	14	59	64	0.001018	1.81
795	19	13	31	37	0.040528	4.6
796	19	13	37	43	0.012488	4.54
797	19	13	43	49	0.005272	4.35
798	19	13	49	55	0.002836	4.23
799	19	13	55	61	0.002035	1.72
800	19	13	61	67	0.001157	0.27
801	19	12	26	33	0.156854	3.82
802	19	12	33	40	0.032875	4.5
803	19	12	40	47	0.009965	3.9
804	19	12	47	54	0.004206	3.93
805	19	12	54	61	0.002742	2.97
806	19	11	27	35	0.131669	4.06
807	19	11	35	43	0.026028	4.51
808	19	11	51	59	0.003967	3.65
809	19	10	28	37	0.119843	4.37
810	19	10	37	46	0.01997	4.14
811	19	10	46	55	0.006516	2.62
812	19	10	55	64	0.003617	3.12
813	19	9	29	39	0.101083	4.46
814	19	9	39	49	0.016908	3.84
815	19	9	49	59	0.006224	2.78
816	19	9	59	69	0.002989	1.52
817	20	19	21	22	0.941397	1.3
818	20	19	22	23	0.242148	1.09
819	20	19	23	24	0.150502	1.84
820	20	19	24	25	0.068067	1.8
821	20	19	25	26	0.031277	1.38
822	20	19	26	27	0.020615	2.98
823	20	19	27	28	0.011024	1.91
824	20	19	28	29	0.010412	3.06
825	20	18	22	24	0.575713	1.46
826	20	18	24	26	0.158742	1.72
827	20	18	26	28	0.053338	2.62
828	20	18	28	30	0.029334	3.12
829	20	18	30	32	0.017994	4.08
830	20	18	32	34	0.009926	4.92
831	20	18	34	36	0.005521	3.3
832	20	17	23	26	0.475928	1.92
833	20	17	26	29	0.092791	2.88
834	20	17	29	32	0.039326	3.66
835	20	17	32	35	0.017227	4.21
836	20	17	35	38	0.009591	4.46
837	20	17	38	41	0.00455	4.77
838	20	17	44	47	0.001822	5.7
839	20	16	24	28	0.304182	2.16
840	20	16	28	32	0.074935	3.57
841	20	16	32	36	0.025513	4.37
842	20	16	36	40	0.011137	4.02
843	20	16	40	44	0.005311	3.63
844	20	16	44	48	0.00287	5.0
845	20	15	25	30	0.220979	2.61
846	20	15	30	35	0.056463	4.12
847	20	15	35	40	0.018209	4.19
848	20	15	40	45	0.00727	3.46
849	20	15	45	50	0.003447	2.67
850	20	15	50	55	0.002152	3.68
851	20	15	55	60	0.001653	1.46
852	20	14	26	32	0.187107	3.38
853	20	14	32	38	0.041522	4.41
854	20	14	38	44	0.012358	4.33
855	20	14	44	50	0.005178	3.1
856	20	14	50	56	0.002909	2.78
857	20	14	62	68	0.00115	4.89
858	20	13	27	34	0.155813	3.69
859	20	13	34	41	0.030817	4.38
860	20	13	41	48	0.009752	3.13
861	20	13	48	55	0.004224	2.9
862	20	13	55	62	0.00276	1.48
863	20	12	28	36	0.139562	4.06
864	20	12	36	44	0.025426	4.09
865	20	12	44	52	0.007784	3.5
866	20	12	52	60	0.004025	2.94
867	20	12	60	68	0.002106	0.92
868	20	11	29	38	0.117682	4.25
869	20	11	38	47	0.019674	4.04
870	20	11	56	65	0.003615	2.16
871	20	10	30	40	0.102502	4.46
872	20	10	40	50	0.016731	4.02
873	20	10	50	60	0.006371	2.9
874	20	10	60	70	0.002944	2.88
875	21	20	22	23	0.901857	1.05
876	21	20	23	24	0.336096	1.84
877	21	20	24	25	0.129895	1.69
878	21	20	25	26	0.051322	1.36
879	21	20	26	27	0.03052	2.62
880	21	20	27	28	0.015471	1.74
881	21	20	28	29	0.01384	2.7
882	21	20	29	30	0.008676	3.33
883	21	19	23	25	0.684607	1.81
884	21	19	25	27	0.133773	1.86
885	21	19	27	29	0.050779	2.54
886	21	19	29	31	0.030565	3.01
887	21	19	31	33	0.013918	4.09
888	21	19	33	35	0.009378	4.29
889	21	19	35	37	0.006334	3.9
890	21	19	37	39	0.003359	3.33
891	21	18	24	27	0.404918	1.83
892	21	18	27	30	0.086153	2.59
893	21	18	30	33	0.03931	3.72
894	21	18	33	36	0.01732	4.38
895	21	18	36	39	0.008852	4.05
896	21	18	39	42	0.004509	4.5
897	21	18	42	45	0.002835	4.54
898	21	18	45	48	0.00173	4.29
899	21	17	25	29	0.268768	2.17
900	21	17	29	33	0.071074	3.6
901	21	17	33	37	0.026284	4.38
902	21	17	37	41	0.009816	4.8
903	21	17	45	49	0.002743	3.03
904	21	17	49	53	0.001832	4.46
905	21	16	26	31	0.222519	2.92
906	21	16	31	36	0.049947	4.32
907	21	16	36	41	0.017382	4.0
908	21	16	41	46	0.007153	3.94
909	21	16	51	56	0.002146	2.62
910	21	16	56	61	0.001644	-0.55
911	21	15	27	33	0.179504	3.25
912	21	15	33	39	0.040799	4.28
913	21	15	39	45	0.012212	4.2
914	21	15	45	51	0.005066	3.36
915	21	15	51	57	0.00292	1.98
916	21	15	57	63	0.001966	3.07
917	21	15	63	69	0.001166	2.42
918	21	14	28	35	0.162123	3.72
919	21	14	35	42	0.031343	4.26
920	21	14	42	49	0.009478	3.63
921	21	14	49	56	0.004313	2.44
922	21	14	56	63	0.002721	1.46
923	21	14	63	70	0.001515	2.43
924	21	13	29	37	0.136002	4.02
925	21	13	37	45	0.023351	4.49
926	21	13	45	53	0.007616	3.12
927	21	13	53	61	0.004008	2.73
928	21	12	30	39	0.118078	4.21
929	21	12	39	48	0.019518	3.76
930	21	12	48	57	0.006715	2.29
931	21	12	57	66	0.003549	1.08
932	21	11	31	41	0.093081	4.37
933	21	11	51	61	0.006358	2.59
934	22	21	23	24	1.228015	1.36
935	22	21	24	25	0.336348	1.52
936	22	21	25	26	0.099765	1.29
937	22	21	26	27	0.051836	2.56
938	22	21	27	28	0.023774	1.68
939	22	21	28	29	0.020284	3.42
940	22	21	29	30	0.011673	1.42
941	22	21	30	31	0.011487	3.53
942	22	20	24	26	0.617169	1.47
943	22	20	26	28	0.121618	2.39
944	22	20	28	30	0.054494	2.69
945	22	20	30	32	0.030032	3.51
946	22	20	32	34	0.015201	4.05
947	22	20	34	36	0.008137	4.23
948	22	20	36	38	0.005854	3.13
949	22	19	25	28	0.335555	1.8
950	22	19	28	31	0.098322	2.92
951	22	19	31	34	0.034117	3.9
952	22	19	34	37	0.016235	3.99
953	22	19	37	40	0.007536	4.89
954	22	19	40	43	0.004461	4.14
955	22	19	43	46	0.002647	4.94
956	22	18	26	30	0.258702	2.55
957	22	18	30	34	0.073174	3.76
958	22	18	34	38	0.02371	4.17
959	22	18	38	42	0.009436	4.88
960	22	18	42	46	0.004977	5.05
961	22	18	50	54	0.001749	3.44
962	22	17	27	32	0.211346	2.82
963	22	17	32	37	0.051553	4.09
964	22	17	37	42	0.015555	4.51
965	22	17	42	47	0.006848	4.16
966	22	17	47	52	0.003369	2.91
967	22	16	28	34	0.190907	3.42
968	22	16	34	40	0.037511	4.25
969	22	16	40	46	0.011977	4.5
970	22	16	46	52	0.004937	4.68
971	22	15	29	36	0.155651	3.72
972	22	15	36	43	0.030059	4.53
973	22	15	43	50	0.008947	4.02
974	22	15	50	57	0.004355	2.73
975	22	15	64	71	0.001511	4.51
976	22	14	30	38	0.13669	4.09
977	22	14	38	46	0.022742	3.72
978	22	14	46	54	0.007331	3.48
979	22	14	54	62	0.004119	0.65
980	22	13	31	40	0.105915	4.28
981	22	13	40	49	0.018962	3.75
982	22	13	49	58	0.006819	2.94
983	22	13	58	67	0.003402	1.56
984	22	12	32	42	0.093317	4.37
985	22	12	42	52	0.016175	3.96
986	22	12	52	62	0.006325	2.66
987	23	22	24	25	1.733286	1.08
988	23	22	25	26	0.287582	1.16
989	23	22	26	27	0.110463	2.58
990	23	22	27	28	0.042733	1.67
991	23	22	28	29	0.032927	2.55
992	23	22	29	30	0.017555	2.62
993	23	22	30	31	0.016515	3.1
994	23	22	31	32	0.007742	4.23
995	23	21	25	27	0.549423	1.58
996	23	21	27	29	0.119738	2.1
997	23	21	29	31	0.057256	2.82
998	23	21	31	33	0.02378	3.57
999	23	21	33	35	0.014999	4.4
1000	23	21	35	37	0.009648	4.26
1001	23	21	37	39	0.004805	4.92
1002	23	21	39	41	0.003132	4.92
1003	23	20	26	29	0.341669	2.39
1004	23	20	29	32	0.092227	3.01
1005	23	20	32	35	0.033888	4.12
1006	23	20	35	38	0.016801	4.16
1007	23	20	38	41	0.007186	5.38
1008	23	19	27	31	0.258235	2.47
1009	23	19	31	35	0.062102	3.87
1010	23	19	35	39	0.024149	4.29
1011	23	19	39	43	0.009433	5.31
1012	23	18	28	33	0.225321	3.06
1013	23	18	33	38	0.051546	4.17
1014	23	18	38	43	0.015153	4.96
1015	23	18	43	48	0.0064	4.28
1016	23	18	48	53	0.003328	4.35
1017	23	18	53	58	0.002152	3.1
1018	23	18	58	63	0.001474	1.2
1019	23	18	63	68	0.000923	2.08
1020	23	17	29	35	0.182595	3.45
1021	23	17	35	41	0.038161	4.51
1022	23	17	41	47	0.011599	4.92
1023	23	17	47	53	0.004874	3.9
1024	23	17	53	59	0.002959	3.07
1025	23	16	30	37	0.160045	3.78
1026	23	16	37	44	0.027402	4.29
1027	23	16	44	51	0.008764	3.09
1028	23	16	51	58	0.004363	1.91
1029	23	15	31	39	0.12215	4.12
1030	23	15	39	47	0.022345	4.41
1031	23	15	47	55	0.007219	4.11
1032	23	15	63	71	0.002072	4.11
1033	23	14	32	41	0.106872	4.26
1034	23	14	41	50	0.018478	3.9
1035	23	14	50	59	0.006917	3.27
1036	23	14	59	68	0.003276	3.87
1037	24	23	25	26	1.260504	1.12
1038	24	23	26	27	0.343136	2.79
1039	24	23	27	28	0.11172	1.86
1040	24	23	28	29	0.076759	2.67
1041	24	23	29	30	0.039239	2.56
1042	24	23	30	31	0.034367	3.3
1043	24	23	31	32	0.015865	3.9
1044	24	23	32	33	0.01138	4.35
1045	24	22	26	28	0.608022	2.46
1046	24	22	28	30	0.166514	2.58
1047	24	22	30	32	0.074514	3.38
1048	24	22	32	34	0.033593	3.85
1049	24	22	34	36	0.016897	4.05
1050	24	22	36	38	0.011438	3.85
1051	24	22	38	40	0.005809	4.91
1052	24	22	40	42	0.003934	4.35
1053	24	21	27	30	0.376601	2.23
1054	24	21	30	33	0.113461	3.41
1055	24	21	33	36	0.041765	4.29
1056	24	21	36	39	0.018772	4.14
1057	24	21	39	42	0.008546	5.16
1058	24	21	42	45	0.004921	4.3
1059	24	21	45	48	0.00279	5.05
1060	24	20	28	32	0.325397	2.88
1061	24	20	32	36	0.073837	3.94
1062	24	20	36	40	0.026245	4.4
1063	24	20	40	44	0.010541	4.98
1064	24	20	44	48	0.00504	4.62
1065	24	20	48	52	0.002892	5.28
1066	24	20	52	56	0.001879	5.38
1067	24	20	56	60	0.001552	3.54
1068	24	19	29	34	0.252727	3.27
1069	24	19	34	39	0.053275	4.08
1070	24	19	39	44	0.016819	4.6
1071	24	19	44	49	0.006839	3.96
1072	24	19	49	54	0.003621	3.09
1073	24	19	54	59	0.002534	2.86
1074	24	19	64	69	0.001032	2.64
1075	24	18	30	36	0.211736	3.72
1076	24	18	36	42	0.040704	4.21
1077	24	18	42	48	0.012291	4.17
1078	24	18	48	54	0.005205	3.75
1079	24	18	54	60	0.003363	2.25
1080	24	18	60	66	0.001816	3.68
1081	24	17	31	38	0.159612	4.0
1082	24	17	38	45	0.02936	4.12
1083	24	17	45	52	0.009306	3.5
1084	24	17	52	59	0.004744	2.39
1085	24	16	32	40	0.136747	4.12
1086	24	16	40	48	0.02379	4.25
1087	24	16	48	56	0.007844	2.66
1088	24	16	56	64	0.004272	1.92
1089	24	15	33	42	0.117283	4.35
1090	24	15	42	51	0.01941	4.29
1091	24	15	60	69	0.003388	2.78
1092	25	24	26	27	1.329566	2.71
1093	25	24	27	28	0.230608	1.42
1094	25	24	28	29	0.12312	2.31
1095	25	24	29	30	0.051394	2.08
1096	25	24	30	31	0.041944	2.9
1097	25	24	31	32	0.017965	3.39
1098	25	24	32	33	0.013026	3.36
1099	25	24	33	34	0.011574	4.04
1100	25	23	27	29	0.542049	1.91
1101	25	23	29	31	0.167018	2.67
1102	25	23	31	33	0.058294	3.56
1103	25	23	33	35	0.033983	3.92
1104	25	23	35	37	0.020219	4.09
1105	25	23	37	39	0.009643	4.6
1106	25	23	39	41	0.006033	4.83
1107	25	23	41	43	0.004124	5.79
1108	25	22	28	31	0.433668	2.58
1109	25	22	31	34	0.099845	3.65
1110	25	22	34	37	0.040385	3.81
1111	25	22	37	40	0.01658	4.38
1112	25	22	40	43	0.008844	4.43
1113	25	22	43	46	0.004808	3.75
1114	25	22	49	52	0.001933	2.15
1115	25	21	29	33	0.306194	2.92
1116	25	21	33	37	0.078864	3.99
1117	25	21	37	41	0.023624	4.74
1118	25	21	41	45	0.010575	3.85
1119	25	21	45	49	0.00492	4.02
1120	25	21	57	61	0.001543	3.74
1121	25	20	30	35	0.256658	3.46
1122	25	20	35	40	0.055233	4.16
1123	25	20	40	45	0.016786	4.59
1124	25	20	45	50	0.006669	4.89
1125	25	20	50	55	0.003708	3.85
1126	25	20	55	60	0.002623	2.39
1127	25	20	60	65	0.001478	3.42
1128	25	19	31	37	0.190522	3.82
1129	25	19	37	43	0.037444	4.71
1130	25	19	43	49	0.011799	4.54
1131	25	19	49	55	0.005315	3.54
1132	25	19	55	61	0.003423	3.03
1133	25	19	61	67	0.001818	3.54
1134	25	18	32	39	0.162648	3.99
1135	25	18	39	46	0.029421	4.6
1136	25	18	46	53	0.009186	3.6
1137	25	18	53	60	0.004834	3.39
1138	25	18	60	67	0.002511	2.58
1139	25	17	33	41	0.13852	4.26
1140	25	17	41	49	0.023455	3.66
1141	25	17	49	57	0.008057	1.91
1142	25	17	57	65	0.004199	3.22
1143	25	16	34	43	0.110766	4.19
1144	25	16	43	52	0.018985	3.46
1145	25	16	52	61	0.007397	1.27
1146	26	25	27	28	0.969168	0.98
1147	26	25	28	29	0.297004	1.91
1148	26	25	29	30	0.090814	1.72
1149	26	25	30	31	0.063744	2.56
1150	26	25	31	32	0.024737	2.83
1151	26	25	32	33	0.017088	2.66
1152	26	25	33	34	0.01462	3.69
1153	26	25	34	35	0.007328	4.41
1154	26	24	28	30	0.561944	2.0
1155	26	24	30	32	0.148423	2.79
1156	26	24	32	34	0.056353	3.44
1157	26	24	34	36	0.025585	3.72
1158	26	24	36	38	0.016364	3.63
1159	26	24	38	40	0.00779	4.71
1160	26	24	40	42	0.005031	4.86
1161	26	24	42	44	0.00334	4.4
1162	26	23	29	32	0.379976	2.52
1163	26	23	32	35	0.09752	3.58
1164	26	23	35	38	0.04128	4.02
1165	26	23	38	41	0.015646	4.81
1166	26	23	41	44	0.008484	5.01
1167	26	22	30	34	0.312723	3.17
1168	26	22	34	38	0.070335	3.72
1169	26	22	38	42	0.022595	4.77
1170	26	22	42	46	0.01014	5.04
1171	26	22	46	50	0.004614	3.88
1172	26	22	50	54	0.002903	4.09
1173	26	22	54	58	0.002096	2.15
1174	26	21	31	36	0.217374	3.58
1175	26	21	36	41	0.051978	3.81
1176	26	21	41	46	0.016225	4.32
1177	26	21	46	51	0.006422	3.09
1178	26	21	51	56	0.003604	4.35
1179	26	21	66	71	0.001054	0.89
1180	26	20	32	38	0.189276	3.9
1181	26	20	38	44	0.035801	3.87
1182	26	20	44	50	0.011218	4.02
1183	26	20	50	56	0.005304	3.79
1184	26	20	56	62	0.003343	2.7
1185	26	19	33	40	0.160223	4.06
1186	26	19	40	47	0.02837	3.62
1187	26	19	47	54	0.008841	4.96
1188	26	19	54	61	0.00491	3.41
1189	26	18	34	42	0.125997	4.12
1190	26	18	42	50	0.022367	4.4
1191	26	18	50	58	0.008132	3.44
1192	26	18	58	66	0.003979	3.36
1193	26	17	35	44	0.110825	4.26
1194	26	17	44	53	0.018391	3.66
1195	26	17	53	62	0.007302	2.46
1196	26	17	62	71	0.00335	1.59
1197	27	26	28	29	2.014611	1.53
1198	27	26	29	30	0.270675	1.27
1199	27	26	30	31	0.139969	2.35
1200	27	26	31	32	0.045465	2.71
1201	27	26	32	33	0.028455	2.78
1202	27	26	33	34	0.023239	3.01
1203	27	26	34	35	0.011296	2.58
1204	27	25	29	31	0.564904	1.72
1205	27	25	31	33	0.115824	2.82
1206	27	25	33	35	0.056526	3.38
1207	27	25	35	37	0.030216	3.29
1208	27	25	37	39	0.013204	4.04
1209	27	25	39	41	0.007716	4.09
1210	27	25	41	43	0.005035	5.32
1211	27	25	43	45	0.003063	4.12
1212	27	24	30	33	0.39224	2.62
1213	27	24	33	36	0.096249	3.36
1214	27	24	36	39	0.036467	3.9
1215	27	24	39	42	0.014537	4.35
1216	27	24	42	45	0.007588	4.77
1217	27	24	45	48	0.003962	4.57
1218	27	24	48	51	0.002418	2.64
1219	27	23	31	35	0.264463	3.24
1220	27	23	35	39	0.073318	3.84
1221	27	23	39	43	0.022945	4.63
1222	27	23	43	47	0.009604	4.75
1223	27	23	47	51	0.004673	2.34
1224	27	23	55	59	0.0022	2.15
1225	27	23	59	63	0.001378	2.59
1226	27	22	32	37	0.230801	3.44
1227	27	22	37	42	0.046653	4.23
1228	27	22	42	47	0.015765	4.53
1229	27	22	47	52	0.006452	3.19
1230	27	22	52	57	0.003647	2.55
1231	27	22	62	67	0.001414	2.33
1232	27	21	33	39	0.193173	3.75
1233	27	21	39	45	0.035615	4.57
1234	27	21	45	51	0.01101	4.38
1235	27	21	51	57	0.005294	4.49
1236	27	21	57	63	0.003234	4.14
1237	27	21	63	69	0.001789	3.3
1238	27	20	34	41	0.148534	3.84
1239	27	20	41	48	0.02763	4.4
1240	27	20	48	55	0.008847	4.05
1241	27	20	55	62	0.004929	2.07
1242	27	19	35	43	0.12981	4.12
1243	27	19	43	51	0.021528	3.87
1244	27	19	51	59	0.00812	3.07
1245	27	19	59	67	0.003839	2.49
1246	27	18	36	45	0.106976	4.21
1247	27	18	45	54	0.017773	3.87
1248	27	18	54	63	0.007424	2.54
1249	27	18	63	72	0.003442	2.08
1250	28	27	29	30	0.981131	0.63
1251	28	27	30	31	0.308302	1.97
1252	28	27	31	32	0.071862	2.42
1253	28	27	32	33	0.039944	2.49
1254	28	27	33	34	0.030017	2.97
1255	28	27	34	35	0.013745	2.98
1256	28	27	35	36	0.011657	3.57
1257	28	27	36	37	0.009201	4.0
1258	28	26	30	32	0.565276	2.17
1259	28	26	32	34	0.121666	2.85
1260	28	26	34	36	0.046595	2.9
1261	28	26	36	38	0.02684	3.33
1262	28	26	38	40	0.011801	4.5
1263	28	26	40	42	0.007175	4.89
1264	28	26	42	44	0.004508	3.88
1265	28	26	44	46	0.002798	4.68
1266	28	25	31	34	0.295317	2.78
1267	28	25	34	37	0.083488	3.03
1268	28	25	37	40	0.028699	3.88
1269	28	25	40	43	0.013414	4.21
1270	28	25	43	46	0.006549	3.76
1271	28	25	46	49	0.00335	2.67
1272	28	25	52	55	0.001441	4.04
1273	28	24	32	36	0.250098	3.13
1274	28	24	36	40	0.062827	3.5
1275	28	24	40	44	0.020117	4.56
1276	28	24	44	48	0.008193	4.75
1277	28	24	48	52	0.004164	4.14
1278	28	23	33	38	0.223791	3.5
1279	28	23	38	43	0.043649	4.25
1280	28	23	43	48	0.014249	4.33
1281	28	23	48	53	0.006224	4.68
1282	28	23	58	63	0.002294	2.25
1283	28	23	63	68	0.001378	2.94
1284	28	22	34	40	0.169056	3.56
1285	28	22	40	46	0.033674	3.97
1286	28	22	46	52	0.010349	3.1
1287	28	22	52	58	0.005173	1.71
1288	28	21	35	42	0.146468	3.94
1289	28	21	42	49	0.025673	4.46
1290	28	21	49	56	0.008642	4.29
1291	28	21	56	63	0.00468	5.21
1292	28	20	36	44	0.119658	3.96
1293	28	20	44	52	0.02031	3.54
1294	28	20	52	60	0.007884	2.27
1295	28	20	60	68	0.003602	1.33
1296	29	28	30	31	2.311458	3.19
1297	29	28	31	32	0.253554	2.03
1298	29	28	32	33	0.104936	2.11
1299	29	28	33	34	0.070042	2.79
1300	29	28	34	35	0.03005	2.83
1301	29	28	35	36	0.023719	2.86
1302	29	28	36	37	0.017952	2.33
1303	29	28	37	38	0.00958	2.97
1304	29	27	31	33	0.470162	2.13
1305	29	27	33	35	0.143966	2.83
1306	29	27	35	37	0.062539	2.94
1307	29	27	37	39	0.024596	3.97
1308	29	27	39	41	0.013282	4.11
1309	29	27	43	45	0.004644	3.07
1310	29	27	45	47	0.002855	3.68
1311	29	26	32	35	0.351961	2.67
1312	29	26	35	38	0.099773	3.17
1313	29	26	38	41	0.03087	4.21
1314	29	25	33	37	0.293191	3.04
1315	29	25	37	41	0.058873	3.99
1316	29	25	41	45	0.020811	3.68
1317	29	25	45	49	0.008136	4.47
1318	29	25	49	53	0.004363	2.54
1319	29	25	57	61	0.001939	3.39
1320	29	24	34	39	0.214201	3.17
1321	29	24	39	44	0.044142	4.21
1322	29	24	44	49	0.013668	3.68
1323	29	24	49	54	0.006012	3.04
1324	29	23	35	41	0.187521	3.74
1325	29	23	41	47	0.034506	4.3
1326	29	23	47	53	0.010699	5.52
1327	29	23	65	71	0.001846	1.24
1328	29	22	36	43	0.150075	3.79
1329	29	22	43	50	0.025402	3.74
1330	29	22	50	57	0.0091	2.5
1331	29	22	57	64	0.004683	3.93
1332	29	22	64	71	0.002486	1.97
1333	29	21	37	45	0.113861	4.28
1334	29	21	45	53	0.020501	3.9
1335	29	21	53	61	0.008047	3.36
1336	29	21	61	69	0.003654	3.54
1337	30	29	31	32	0.974717	2.0
1338	30	29	32	33	0.256909	1.59
1339	30	29	33	34	0.125641	2.56
1340	30	29	34	35	0.044543	2.28
1341	30	29	35	36	0.034469	2.96
1342	30	29	36	37	0.024905	2.34
1343	30	29	37	38	0.01249	3.25
1344	30	29	38	39	0.008167	4.81
1345	30	28	32	34	0.557664	2.13
1346	30	28	34	36	0.13292	2.7
1347	30	28	40	42	0.014394	4.09
1348	30	28	42	44	0.008483	4.33
1349	30	27	33	36	0.383992	2.79
1350	30	27	36	39	0.097448	2.98
1351	30	27	39	42	0.031654	3.76
1352	30	27	42	45	0.014323	4.08
1353	30	27	45	48	0.006622	3.3
1354	30	27	48	51	0.003673	2.73
1355	30	26	34	38	0.2714	3.01
1356	30	26	38	42	0.05902	3.68
1357	30	26	42	46	0.020795	4.79
1358	30	26	50	54	0.004344	3.9
1359	30	26	58	62	0.001854	4.86
1360	30	25	35	40	0.2286	3.36
1361	30	25	40	45	0.043941	4.08
1362	30	25	45	50	0.013102	3.85
1363	30	25	50	55	0.006013	4.43
1364	30	25	60	65	0.001969	6.25
1365	30	24	36	42	0.18001	3.48
1366	30	24	42	48	0.03253	4.23
1367	30	24	48	54	0.01006	4.21
1368	30	24	54	60	0.005463	4.51
1369	30	23	37	44	0.136643	4.19
1370	30	23	44	51	0.025072	4.05
1371	30	23	51	58	0.009151	3.29
1372	30	22	38	46	0.11249	4.32
1373	30	22	46	54	0.019804	3.76
1374	30	22	54	62	0.008329	2.82
1375	30	22	62	70	0.003626	1.84
1376	31	30	32	33	1.914605	0.89
1377	31	30	33	34	0.521386	1.84
1378	31	30	34	35	0.136117	1.72
1379	31	30	35	36	0.086247	2.58
1380	31	30	36	37	0.056476	2.06
1381	31	30	37	38	0.027424	2.98
1382	31	30	38	39	0.017305	3.79
1383	31	30	39	40	0.012391	4.33
1384	31	29	33	35	0.827843	1.97
1385	31	29	35	37	0.202254	2.56
1386	31	29	37	39	0.065459	3.38
1387	31	29	39	41	0.031796	4.3
1388	31	29	41	43	0.017806	3.75
1389	31	29	43	45	0.009561	4.35
1390	31	29	47	49	0.003286	4.02
1391	31	28	34	37	0.454643	2.35
1392	31	28	37	40	0.104947	3.6
1393	31	28	40	43	0.039992	4.2
1394	31	28	43	46	0.016792	4.88
1395	31	28	49	52	0.004644	4.56
1396	31	28	52	55	0.002761	2.54
1397	31	27	35	39	0.354764	2.86
1398	31	27	39	43	0.071029	4.17
1399	31	27	43	47	0.022806	4.43
1400	31	27	47	51	0.009058	2.96
1401	31	27	51	55	0.004813	3.09
1402	31	27	55	59	0.003372	3.78
1403	31	27	63	67	0.00126	0.92
1404	31	26	36	41	0.264149	3.22
1405	31	26	41	46	0.050323	4.23
1406	31	26	46	51	0.014535	4.09
1407	31	26	56	61	0.004198	5.19
1408	31	25	37	43	0.186993	3.85
1409	31	25	43	49	0.034504	3.92
1410	31	25	49	55	0.011152	3.45
1411	31	25	55	61	0.005964	2.28
1412	31	25	61	67	0.002849	4.26
1413	31	24	38	45	0.15024	4.11
1414	31	24	45	52	0.02627	3.74
1415	31	24	52	59	0.009655	3.27
1416	31	24	59	66	0.004469	1.12
1417	31	23	39	47	0.126299	4.32
1418	31	23	47	55	0.021521	3.31
1419	31	23	55	63	0.008944	2.83
1420	31	23	63	71	0.003963	1.91
1421	32	31	33	34	1.665215	1.44
1422	32	31	34	35	0.225059	1.03
1423	32	31	35	36	0.113477	2.03
1424	32	31	36	37	0.064981	1.56
1425	32	31	37	38	0.02892	3.19
1426	32	31	38	39	0.017488	2.43
1427	32	31	39	40	0.012137	3.97
1428	32	31	40	41	0.008458	4.09
1429	32	30	34	36	0.56103	1.64
1430	32	30	36	38	0.17788	2.19
1431	32	30	38	40	0.059405	3.74
1432	32	30	40	42	0.030175	3.75
1433	32	30	42	44	0.016423	3.76
1434	32	30	44	46	0.008977	4.21
1435	32	30	46	48	0.005018	3.93
1436	32	30	48	50	0.003159	5.42
1437	32	29	35	38	0.449595	2.35
1438	32	29	38	41	0.095427	3.72
1439	32	29	41	44	0.037228	4.41
1440	32	29	44	47	0.015301	4.6
1441	32	28	36	40	0.327783	2.76
1442	32	28	40	44	0.069502	3.94
1443	32	28	44	48	0.02196	4.21
1444	32	28	48	52	0.009184	4.14
1445	32	28	52	56	0.004794	2.91
1446	32	28	56	60	0.003462	2.79
1447	32	27	37	42	0.222797	3.5
1448	32	27	42	47	0.047507	4.09
1449	32	27	52	57	0.006548	1.89
1450	32	27	62	67	0.002082	1.86
1451	32	26	38	44	0.178027	3.88
1452	32	26	44	50	0.032906	4.14
1453	32	26	50	56	0.011197	4.16
1454	32	26	56	62	0.005886	4.19
1455	32	26	62	68	0.002765	2.85
1456	32	25	39	46	0.145914	4.06
1457	32	25	46	53	0.024991	3.58
1458	32	25	53	60	0.009524	2.43
1459	32	24	40	48	0.11972	4.09
1460	32	24	48	56	0.02064	3.36
1461	32	24	56	64	0.008442	2.5
1462	33	32	34	35	0.869251	0.63
1463	33	32	35	36	0.249632	1.26
1464	33	32	36	37	0.11156	1.35
1465	33	32	37	38	0.046829	2.52
1466	33	32	38	39	0.026956	2.83
1467	33	32	39	40	0.018041	3.65
1468	33	32	40	41	0.011978	3.44
1469	33	32	41	42	0.008467	3.9
1470	33	31	35	37	0.539706	1.46
1471	33	31	37	39	0.120261	2.73
1472	33	31	39	41	0.050662	3.62
1473	33	31	41	43	0.025529	3.9
1474	33	31	43	45	0.012679	3.62
1475	33	30	36	39	0.398088	2.16
1476	33	30	39	42	0.093277	3.6
1477	33	30	42	45	0.034867	4.16
1478	33	30	45	48	0.014102	4.2
1479	33	30	48	51	0.00703	3.85
1480	33	30	51	54	0.004062	4.75
1481	33	29	37	41	0.26817	3.18
1482	33	29	41	45	0.065631	4.05
1483	33	29	45	49	0.020052	4.77
1484	33	29	49	53	0.008981	4.12
1485	33	29	53	57	0.004689	3.79
1486	33	29	57	61	0.00326	3.07
1487	33	28	38	43	0.215927	3.65
1488	33	28	43	48	0.044446	3.97
1489	33	28	48	53	0.014282	3.78
1490	33	28	53	58	0.006789	2.91
1491	33	28	58	63	0.003875	3.62
1492	33	28	63	68	0.002154	2.69
1493	33	27	39	45	0.174051	3.87
1494	33	27	45	51	0.031461	3.99
1495	33	27	51	57	0.010968	2.98
1496	33	27	57	63	0.005653	2.96
1497	33	27	63	69	0.002816	2.31
1498	33	26	40	47	0.14127	4.0
1499	33	26	47	54	0.024159	3.5
1500	33	26	54	61	0.009857	3.36
1501	33	26	61	68	0.00419	2.43
1502	34	33	35	36	2.022688	0.87
1503	34	33	36	37	0.399352	0.8
1504	34	33	37	38	0.116687	2.31
1505	34	33	38	39	0.059989	3.01
1506	34	33	39	40	0.037237	3.48
1507	34	33	40	41	0.023747	3.06
1508	34	33	41	42	0.016196	3.94
1509	34	33	42	43	0.011492	4.8
1510	34	32	36	38	0.674567	1.29
1511	34	32	38	40	0.142378	3.1
1512	34	32	40	42	0.060432	3.46
1513	34	32	42	44	0.029239	3.9
1514	34	32	44	46	0.014649	3.84
1515	34	32	46	48	0.007652	4.0
1516	34	32	48	50	0.004573	4.21
1517	34	32	50	52	0.003321	3.72
1518	34	31	37	40	0.364506	2.82
1519	34	31	40	43	0.097522	3.65
1520	34	31	43	46	0.033491	4.09
1521	34	31	49	52	0.007115	4.68
1522	34	31	52	55	0.003859	3.78
1523	34	31	55	58	0.002922	3.97
1524	34	30	38	42	0.292332	3.33
1525	34	30	42	46	0.069332	3.94
1526	34	30	50	54	0.009397	3.36
1527	34	30	54	58	0.005452	2.49
1528	34	29	39	44	0.234655	3.71
1529	34	29	44	49	0.045351	4.17
1530	34	29	49	54	0.014675	3.92
1531	34	29	59	64	0.003774	2.31
1532	34	28	40	46	0.187778	3.79
1533	34	28	46	52	0.032771	3.97
1534	34	28	52	58	0.011813	3.12
1535	34	28	58	64	0.005727	3.17
1536	34	27	41	48	0.148383	3.96
1537	34	27	48	55	0.025323	3.65
1538	34	27	62	69	0.004316	1.4
1539	35	34	37	38	0.188575	1.47
1540	35	34	38	39	0.081689	2.22
1541	35	34	39	40	0.04602	2.75
1542	35	34	40	41	0.027997	2.46
1543	35	34	41	42	0.018344	2.34
1544	35	34	42	43	0.012692	2.94
1545	35	34	43	44	0.007926	4.06
1546	35	33	37	39	0.446852	2.07
1547	35	33	39	41	0.135057	3.07
1548	35	33	41	43	0.058774	3.44
1549	35	33	43	45	0.026393	3.36
1550	35	33	45	47	0.013435	3.94
1551	35	33	49	51	0.004574	4.16
1552	35	33	51	53	0.003053	3.3
1553	35	32	38	41	0.333731	2.85
1554	35	32	41	44	0.092947	3.46
1555	35	32	44	47	0.031417	3.93
1556	35	32	47	50	0.012456	4.59
1557	35	32	50	53	0.00705	4.25
1558	35	32	53	56	0.003732	4.33
1559	35	32	56	59	0.002922	3.75
1560	35	31	39	43	0.26996	3.27
1561	35	31	43	47	0.059591	3.54
1562	35	31	47	51	0.018377	4.46
1563	35	31	51	55	0.008179	3.27
1564	35	31	55	59	0.005067	3.09
1565	35	31	59	63	0.002742	4.3
1566	35	30	40	45	0.222426	3.5
1567	35	30	45	50	0.041957	4.17
1568	35	30	50	55	0.0143	3.94
1569	35	30	55	60	0.007482	3.63
1570	35	30	65	70	0.002227	2.03
1571	35	29	41	47	0.176974	3.78
1572	35	29	47	53	0.031091	2.94
1573	35	29	53	59	0.011464	2.98
1574	35	29	65	71	0.002964	3.01
1575	35	28	42	49	0.140242	3.93
1576	35	28	49	56	0.025208	3.57
1577	35	28	56	63	0.010105	2.37
1578	36	35	37	38	0.766492	0.92
1579	36	35	38	39	0.211784	1.78
1580	36	35	39	40	0.100821	2.35
1581	36	35	40	41	0.054804	2.35
1582	36	35	41	42	0.033719	2.58
1583	36	35	42	43	0.022106	3.1
1584	36	35	43	44	0.013361	3.42
1585	36	35	44	45	0.009198	4.3
1586	36	34	38	40	0.440024	2.13
1587	36	34	40	42	0.134884	2.5
1588	36	34	42	44	0.056125	3.19
1589	36	34	44	46	0.025309	3.33
1590	36	34	46	48	0.01207	3.99
1591	36	34	48	50	0.006636	3.13
1592	36	34	50	52	0.004569	3.13
1593	36	33	39	42	0.358842	2.73
1594	36	33	42	45	0.095353	3.39
1595	36	33	45	48	0.031241	3.9
1596	36	33	48	51	0.01317	3.97
1597	36	33	51	54	0.006734	4.41
1598	36	33	54	57	0.004258	2.9
1599	36	33	57	60	0.003007	3.88
1600	36	32	40	44	0.280633	2.96
1601	36	32	44	48	0.059731	3.65
1602	36	32	48	52	0.019151	3.5
1603	36	32	52	56	0.008299	2.44
1604	36	32	56	60	0.005305	1.69
1605	36	32	68	72	0.00136	3.51
1606	36	31	41	46	0.220315	3.36
1607	36	31	46	51	0.039764	3.88
1608	36	31	51	56	0.013514	3.58
1609	36	31	56	61	0.007141	2.15
1610	36	31	66	71	0.002185	3.74
1611	36	30	42	48	0.175569	3.66
1612	36	30	48	54	0.031014	3.92
1613	36	30	54	60	0.012289	2.69
1614	36	30	66	72	0.003119	3.17
1615	36	29	43	50	0.134708	3.74
1616	36	29	50	57	0.025713	3.07
1617	36	29	57	64	0.009863	3.65
1618	37	36	38	39	1.271096	1.54
1619	37	36	39	40	0.320408	1.95
1620	37	36	40	41	0.135758	1.95
1621	37	36	41	42	0.073819	2.16
1622	37	36	42	43	0.044526	2.97
1623	37	36	43	44	0.025458	2.39
1624	37	36	44	45	0.016805	2.49
1625	37	35	39	41	0.611759	2.04
1626	37	35	41	43	0.174271	2.7
1627	37	35	43	45	0.06487	2.59
1628	37	35	45	47	0.029359	3.03
1629	37	35	49	51	0.00844	3.36
1630	37	35	51	53	0.005252	4.32
1631	37	35	53	55	0.003024	4.62
1632	37	34	40	43	0.423634	2.37
1633	37	34	43	46	0.100258	3.01
1634	37	34	46	49	0.031893	3.42
1635	37	34	49	52	0.014432	3.79
1636	37	34	52	55	0.006837	2.94
1637	37	34	55	58	0.004733	4.14
1638	37	34	58	61	0.002955	1.98
1639	37	33	41	45	0.324229	2.85
1640	37	33	45	49	0.06397	3.65
1641	37	33	49	53	0.021372	4.06
1642	37	33	53	57	0.00911	4.14
1643	37	33	57	61	0.005633	2.33
1644	37	32	42	47	0.242198	3.19
1645	37	32	47	52	0.043208	3.38
1646	37	32	52	57	0.014541	3.07
1647	37	32	57	62	0.007538	3.24
1648	37	32	62	67	0.003502	1.86
1649	37	32	67	72	0.002433	4.6
1650	37	31	43	49	0.178928	3.3
1651	37	31	49	55	0.032288	3.5
1652	37	31	55	61	0.012598	2.78
1653	37	31	61	67	0.005107	2.85
1654	37	30	44	51	0.143361	3.68
1655	37	30	51	58	0.027027	3.93
1656	37	30	58	65	0.009913	2.98
1657	38	37	39	40	1.322007	1.64
1658	38	37	40	41	0.290773	1.56
1659	38	37	41	42	0.125712	1.89
1660	38	37	42	43	0.067392	2.54
1661	38	37	43	44	0.035819	1.88
1662	38	37	44	45	0.022515	2.42
1663	38	37	45	46	0.014473	2.4
1664	38	37	46	47	0.009026	2.34
1665	38	36	40	42	0.626039	1.78
1666	38	36	42	44	0.17329	2.47
1667	38	36	44	46	0.065218	2.96
1668	38	36	46	48	0.027601	3.25
1669	38	36	48	50	0.013865	3.81
1670	38	36	50	52	0.00874	2.19
1671	38	35	41	44	0.442101	2.35
1672	38	35	44	47	0.101617	2.78
1673	38	35	50	53	0.015213	3.19
1674	38	35	53	56	0.007017	4.25
1675	38	35	56	59	0.005046	2.35
1676	38	35	59	62	0.002909	1.62
1677	38	35	62	65	0.001721	0.49
1678	38	34	42	46	0.319836	2.81
1679	38	34	46	50	0.06025	3.79
1680	38	34	50	54	0.020627	3.66
1681	38	34	54	58	0.009709	3.17
1682	38	33	43	48	0.234309	2.98
1683	38	33	48	53	0.043825	3.5
1684	38	33	53	58	0.01491	3.57
1685	38	33	58	63	0.007192	3.66
1686	38	33	63	68	0.003565	1.32
1687	38	32	44	50	0.177578	3.42
1688	38	32	50	56	0.03309	3.24
1689	38	32	56	62	0.012718	3.34
1690	38	32	62	68	0.005099	2.29
1691	39	38	40	41	1.171246	1.19
1692	39	38	41	42	0.27868	1.64
1693	39	38	42	43	0.120217	2.47
1694	39	38	43	44	0.057544	1.95
1695	39	38	44	45	0.03394	2.4
1696	39	38	45	46	0.020888	2.03
1697	39	38	46	47	0.012533	2.9
1698	39	37	41	43	0.591912	2.01
1699	39	37	43	45	0.149871	2.22
1700	39	37	45	47	0.057108	2.81
1701	39	37	47	49	0.024181	3.9
1702	39	37	49	51	0.013112	3.25
1703	39	37	51	53	0.007504	2.97
1704	39	36	42	45	0.424219	2.43
1705	39	36	45	48	0.095265	3.19
1706	39	36	48	51	0.03181	3.18
1707	39	36	51	54	0.013625	3.22
1708	39	36	54	57	0.007544	3.25
1709	39	36	57	60	0.004904	2.39
1710	39	36	60	63	0.002624	2.85
1711	39	36	63	66	0.001728	1.67
1712	39	35	43	47	0.301222	2.59
1713	39	35	47	51	0.059886	3.12
1714	39	35	51	55	0.019826	4.04
1715	39	35	55	59	0.010149	3.19
1716	39	35	59	63	0.004924	3.19
1717	39	35	63	67	0.002791	0.46
1718	39	35	67	71	0.001991	1.58
1719	39	34	44	49	0.223062	3.09
1720	39	34	49	54	0.04204	3.42
1721	39	34	54	59	0.015455	3.68
1722	39	34	59	64	0.006571	3.92
1723	39	34	64	69	0.003525	0.03
1724	39	33	45	51	0.171397	3.38
1725	39	33	51	57	0.032196	3.29
1726	39	33	57	63	0.012287	3.85
1727	39	33	63	69	0.005189	1.26
1728	40	39	41	42	1.253077	1.2
1729	40	39	42	43	0.292115	2.08
1730	40	39	43	44	0.112996	1.65
1731	40	39	44	45	0.060102	2.1
1732	40	39	45	46	0.034581	2.37
1733	40	39	46	47	0.019807	2.13
1734	40	39	48	49	0.00821	3.54
1735	40	38	42	44	0.582941	2.03
1736	40	38	44	46	0.149702	2.5
1737	40	38	46	48	0.053203	2.9
1738	40	38	48	50	0.02364	3.0
1739	40	38	50	52	0.013533	4.23
1740	40	38	54	56	0.004449	3.18
1741	40	38	56	58	0.003335	1.97
1742	40	37	43	46	0.393109	2.17
1743	40	37	46	49	0.086509	3.15
1744	40	37	49	52	0.031105	3.45
1745	40	37	52	55	0.01235	3.03
1746	40	37	55	58	0.007513	2.39
1747	40	37	58	61	0.004335	3.75
1748	40	37	64	67	0.001636	0.78
1749	40	36	44	48	0.295585	2.75
1750	40	36	48	52	0.059856	3.44
1751	40	36	52	56	0.01915	3.57
1752	40	36	56	60	0.010234	3.22
1753	40	36	64	68	0.002771	1.24
1754	40	36	68	72	0.002069	0.7
1755	40	35	45	50	0.217474	3.13
1756	40	35	50	55	0.042741	2.94
1757	40	35	55	60	0.016065	1.62
1758	40	35	60	65	0.006381	0.27
1759	40	34	46	52	0.163902	3.3
1760	40	34	52	58	0.031501	2.85
1761	40	34	58	64	0.011464	2.42
1762	40	34	64	70	0.005158	0.24
1763	41	40	42	43	1.245968	1.42
1764	41	40	43	44	0.269963	1.05
1765	41	40	44	45	0.116251	1.77
1766	41	40	45	46	0.060002	2.78
1767	41	40	46	47	0.032109	2.17
1768	41	40	47	48	0.019185	4.44
1769	41	40	48	49	0.01221	2.69
1770	41	40	49	50	0.008277	4.06
1771	41	39	43	45	0.559346	1.44
1772	41	39	45	47	0.146716	2.55
1773	41	39	47	49	0.052217	3.42
1774	41	39	49	51	0.025175	3.04
1775	41	39	51	53	0.013041	2.83
1776	41	39	53	55	0.006412	4.09
1777	41	39	55	57	0.004761	3.27
1778	41	38	44	47	0.390719	2.31
1779	41	38	47	50	0.084181	3.13
1780	41	38	50	53	0.031551	3.3
1781	41	38	53	56	0.012052	3.56
1782	41	38	56	59	0.0077	3.0
1783	41	37	45	49	0.280138	2.78
1784	41	37	49	53	0.058874	3.22
1785	41	37	53	57	0.018402	3.54
1786	41	37	57	61	0.009591	2.98
1787	41	37	61	65	0.004326	2.0
1788	41	36	46	51	0.209675	3.01
1789	41	36	51	56	0.041023	3.51
1790	41	36	56	61	0.01597	3.85
1791	41	35	47	53	0.163069	3.24
1792	41	35	53	59	0.031883	2.67
1793	41	35	59	65	0.011105	1.46
1794	42	41	43	44	1.120787	0.17
1795	42	41	44	45	0.279384	1.32
1796	42	41	45	46	0.116396	1.81
1797	42	41	46	47	0.055907	2.25
1798	42	41	47	48	0.031291	2.88
1799	42	41	48	49	0.018977	2.86
1800	42	41	49	50	0.012432	2.43
1801	42	41	50	51	0.009335	2.43
1802	42	40	44	46	0.572229	1.65
1803	42	40	46	48	0.138622	2.25
1804	42	40	48	50	0.052003	2.79
1805	42	40	50	52	0.026428	3.39
1806	42	40	52	54	0.011646	2.47
1807	42	40	54	56	0.007207	3.29
1808	42	40	56	58	0.00512	3.93
1809	42	40	58	60	0.003316	2.11
1810	42	39	45	48	0.381908	2.28
1811	42	39	48	51	0.086485	2.88
1812	42	39	51	54	0.029311	3.75
1813	42	39	54	57	0.013458	3.3
1814	42	39	57	60	0.007806	4.37
1815	42	39	60	63	0.003853	1.77
1816	42	38	46	50	0.267547	2.66
1817	42	38	50	54	0.058299	3.22
1818	42	38	54	58	0.020132	3.53
1819	42	38	58	62	0.009166	3.45
1820	42	38	62	66	0.004221	2.35
1821	42	38	66	70	0.002771	3.62
1822	42	37	47	52	0.205038	3.09
1823	42	37	52	57	0.039304	3.03
1824	42	37	57	62	0.015279	3.33
1825	42	37	67	72	0.003709	1.46
1826	42	36	48	54	0.161232	3.18
1827	42	36	54	60	0.033761	3.22
1828	42	36	60	66	0.010646	2.86
1829	42	36	66	72	0.005534	0.95
1830	43	42	44	45	1.378682	0.99
1831	43	42	45	46	0.303827	1.56
1832	43	42	46	47	0.114913	1.42
1833	43	42	47	48	0.057264	2.23
1834	43	42	48	49	0.03238	2.37
1835	43	42	49	50	0.020195	2.42
1836	43	42	50	51	0.014588	2.15
1837	43	41	45	47	0.590882	1.62
1838	43	41	47	49	0.140005	2.34
1839	43	41	49	51	0.056601	2.52
1840	43	41	51	53	0.025811	3.04
1841	43	41	53	55	0.011383	3.03
1842	43	41	55	57	0.007813	4.04
1843	43	40	46	49	0.374433	2.11
1844	43	40	49	52	0.091314	2.98
1845	43	40	52	55	0.028342	2.81
1846	43	40	55	58	0.014484	3.65
1847	43	40	58	61	0.007523	2.54
1848	43	40	61	64	0.003847	3.06
1849	43	40	64	67	0.002496	4.3
1850	43	40	67	70	0.001807	3.99
1851	43	39	47	51	0.273999	2.58
1852	43	39	51	55	0.056675	3.34
1853	43	39	55	59	0.021337	3.6
1854	43	39	59	63	0.008815	3.36
1855	43	39	63	67	0.004431	3.17
1856	43	38	48	53	0.209591	2.9
1857	43	38	53	58	0.039889	3.15
1858	43	38	58	63	0.014621	2.88
1859	43	38	63	68	0.006143	3.75
1860	44	43	45	46	1.223562	1.11
1861	44	43	46	47	0.252792	1.14
1862	44	43	47	48	0.099526	1.75
1863	44	43	48	49	0.050136	1.88
1864	44	43	49	50	0.029282	1.97
1865	44	43	50	51	0.020201	2.4
1866	44	43	51	52	0.012416	3.78
1867	44	43	52	53	0.007803	1.72
1868	44	42	46	48	0.52439	1.47
1869	44	42	48	50	0.132006	2.19
1870	44	42	50	52	0.056553	2.82
1871	44	42	52	54	0.021874	2.47
1872	44	42	54	56	0.01213	2.88
1873	44	42	56	58	0.007965	4.37
1874	44	42	58	60	0.004905	1.77
1875	44	41	47	50	0.35157	2.17
1876	44	41	50	53	0.090221	2.85
1877	44	41	53	56	0.026701	3.6
1878	44	41	56	59	0.014602	3.04
1879	44	41	59	62	0.006994	3.01
1880	44	41	62	65	0.003635	2.83
1881	44	40	48	52	0.26697	2.55
1882	44	40	52	56	0.052889	2.75
1883	44	40	56	60	0.021327	3.41
1884	44	40	60	64	0.008185	3.15
1885	44	40	68	72	0.00306	2.61
1886	44	39	49	54	0.204199	2.81
1887	44	39	54	59	0.042111	3.21
1888	44	39	59	64	0.013733	3.74
1889	44	39	64	69	0.006243	3.41
1890	45	44	46	47	1.200799	0.93
1891	45	44	47	48	0.24886	1.36
1892	45	44	48	49	0.09492	1.53
1893	45	44	49	50	0.049065	1.67
1894	45	44	50	51	0.031633	2.03
1895	45	44	51	52	0.018474	3.19
1896	45	44	52	53	0.011143	1.47
1897	45	44	53	54	0.006097	1.97
1898	45	43	47	49	0.493409	1.54
1899	45	43	49	51	0.130225	1.95
1900	45	43	51	53	0.049879	3.01
1901	45	43	53	55	0.019268	3.03
1902	45	43	55	57	0.011948	3.12
1903	45	43	57	59	0.007555	2.11
1904	45	43	59	61	0.004301	3.03
1905	45	42	48	51	0.342388	1.92
1906	45	42	51	54	0.079391	2.92
1907	45	42	54	57	0.028238	3.09
1908	45	42	57	60	0.014063	3.45
1909	45	42	60	63	0.006286	2.56
1910	45	42	63	66	0.003613	2.92
1911	45	42	69	72	0.001897	2.46
1912	45	41	49	53	0.262446	2.4
1913	45	41	53	57	0.050446	3.06
1914	45	41	57	61	0.020361	3.09
1915	45	41	61	65	0.007882	3.25
1916	45	40	50	55	0.199672	2.78
1917	45	40	55	60	0.042175	3.13
1918	45	40	60	65	0.012879	2.64
1919	45	40	65	70	0.00627	3.66
1920	46	45	47	48	1.331467	0.92
1921	46	45	48	49	0.251042	1.26
1922	46	45	49	50	0.095651	1.33
1923	46	45	50	51	0.054085	1.64
1924	46	45	51	52	0.029405	2.96
1925	46	45	52	53	0.016783	1.2
1926	46	45	53	54	0.008848	2.56
1927	46	45	54	55	0.006929	3.81
1928	46	44	48	50	0.490483	1.35
1929	46	44	50	52	0.133614	2.25
1930	46	44	52	54	0.042901	1.91
1931	46	44	54	56	0.020671	2.98
1932	46	44	56	58	0.012345	2.92
1933	46	44	58	60	0.007091	3.21
1934	46	44	60	62	0.003981	2.7
1935	46	43	49	52	0.340177	1.94
1936	46	43	52	55	0.070826	2.22
1937	46	43	55	58	0.028259	3.03
1938	46	43	58	61	0.012683	2.27
1939	46	43	61	64	0.005894	2.97
1940	46	43	67	70	0.002446	1.88
1941	46	42	50	54	0.254919	2.35
1942	46	42	54	58	0.053155	3.09
1943	46	42	58	62	0.018918	3.17
1944	46	42	62	66	0.007465	3.25
1945	46	42	66	70	0.00448	4.63
1946	46	41	51	56	0.184228	2.9
1947	46	41	56	61	0.041368	2.73
1948	46	41	61	66	0.012444	3.0
1949	46	41	66	71	0.006354	3.41
1950	47	46	48	49	1.312379	0.87
1951	47	46	49	50	0.244426	1.01
1952	47	46	50	51	0.100407	1.11
1953	47	46	51	52	0.047106	2.58
1954	47	46	52	53	0.02483	1.17
1955	47	46	53	54	0.012365	2.0
1956	47	46	54	55	0.00925	2.58
1957	47	46	55	56	0.006417	3.29
1958	47	45	49	51	0.49441	1.16
1959	47	45	51	53	0.118162	2.25
1960	47	45	53	55	0.037431	2.47
1961	47	45	55	57	0.020255	2.64
1962	47	45	57	59	0.011681	2.25
1963	47	45	59	61	0.006202	2.34
1964	47	45	63	65	0.002353	2.37
1965	47	44	50	53	0.333813	1.83
1966	47	44	53	56	0.063735	2.61
1967	47	44	56	59	0.027654	2.73
1968	47	44	59	62	0.011491	2.91
1969	47	44	62	65	0.005402	3.18
1970	47	44	65	68	0.003431	2.64
1971	47	43	51	55	0.224696	2.52
1972	47	43	55	59	0.051452	2.79
1973	47	43	59	63	0.016738	3.06
1974	47	43	63	67	0.00724	3.36
1975	47	43	67	71	0.004341	3.1
1976	47	42	52	57	0.166671	2.28
1977	47	42	57	62	0.038803	2.98
1978	47	42	62	67	0.01172	2.82
1979	47	42	67	72	0.00635	2.52
1980	48	47	49	50	1.224535	0.87
1981	48	47	50	51	0.255464	0.84
1982	48	47	51	52	0.087816	2.17
1983	48	47	52	53	0.040328	0.68
1984	48	47	53	54	0.018615	2.34
1985	48	47	54	55	0.013103	2.78
1986	48	47	55	56	0.008667	3.04
1987	48	47	56	57	0.006366	2.07
1988	48	46	50	52	0.490768	1.3
1989	48	46	52	54	0.096172	1.26
1990	48	46	54	56	0.037468	2.61
1991	48	46	56	58	0.019651	2.54
1992	48	46	58	60	0.010285	2.23
1993	48	46	60	62	0.005408	2.76
1994	48	45	51	54	0.286048	1.95
1995	48	45	54	57	0.064622	2.58
1996	48	45	57	60	0.025688	2.76
1997	48	45	60	63	0.010013	2.54
1998	48	45	63	66	0.005208	1.75
1999	48	45	66	69	0.00337	2.67
2000	48	45	69	72	0.002419	3.53
2001	48	44	52	56	0.197152	1.84
2002	48	44	56	60	0.049416	2.75
2003	48	44	60	64	0.014971	2.62
2004	48	44	64	68	0.006973	2.79
2005	48	44	68	72	0.004392	2.83
2006	49	48	50	51	1.321365	0.6
2007	49	48	51	52	0.228499	1.64
2008	49	48	52	53	0.077854	0.24
2009	49	48	53	54	0.031266	1.65
2010	49	48	54	55	0.020177	2.31
2011	49	48	55	56	0.012484	2.17
2012	49	48	56	57	0.008781	2.82
2013	49	47	51	53	0.434323	1.35
2014	49	47	53	55	0.083187	2.03
2015	49	47	55	57	0.036327	2.33
2016	49	47	57	59	0.0184	2.5
2017	49	47	59	61	0.008935	2.73
2018	49	47	63	65	0.00302	2.35
2019	49	47	65	67	0.002134	3.33
2020	49	46	52	55	0.247727	1.14
2021	49	46	55	58	0.062228	2.43
2022	49	46	58	61	0.022448	2.46
2023	49	46	61	64	0.009137	2.54
2024	49	46	64	67	0.004956	3.58
2025	49	45	53	57	0.177131	2.27
2026	49	45	57	61	0.045239	2.66
2027	49	45	61	65	0.013887	2.96
2028	49	45	65	69	0.006804	2.49
2029	50	49	51	52	1.168873	0.93
2030	50	49	52	53	0.210765	-0.84
2031	50	49	53	54	0.064231	1.08
2032	50	49	54	55	0.03589	1.78
2033	50	49	55	56	0.020058	1.71
2034	50	49	56	57	0.013262	1.92
2035	50	49	57	58	0.008863	2.29
2036	50	49	58	59	0.005783	2.16
2037	50	48	54	56	0.088632	1.92
2038	50	48	56	58	0.037106	2.25
2039	50	48	58	60	0.016925	2.13
2040	50	48	60	62	0.00815	2.25
2041	50	48	62	64	0.004426	1.91
2042	50	48	64	66	0.002937	3.76
2043	50	48	66	68	0.002096	3.21
2044	50	47	53	56	0.224457	1.69
2045	50	47	56	59	0.061506	2.17
2046	50	47	59	62	0.020362	2.55
2047	50	47	62	65	0.008354	2.52
2048	50	47	65	68	0.004834	2.59
2049	50	47	68	71	0.003235	2.21
2050	50	46	54	58	0.182802	2.17
2051	50	46	58	62	0.040815	2.11
2052	50	46	62	66	0.012718	2.35
2053	50	46	66	70	0.006666	2.34
2054	51	50	53	54	0.206803	0.55
2055	51	50	54	55	0.087617	1.42
2056	51	50	55	56	0.041388	1.24
2057	51	50	56	57	0.024863	1.54
2058	51	50	57	58	0.015349	1.78
2059	51	50	58	59	0.009482	2.23
2060	51	50	59	60	0.006157	2.22
2061	51	49	53	55	0.394303	0.93
2062	51	49	55	57	0.099592	1.4
2063	51	49	57	59	0.039478	1.88
2064	51	49	59	61	0.016559	1.97
2065	51	49	61	63	0.008277	3.33
2066	51	49	63	65	0.004773	3.62
2067	51	49	65	67	0.003212	2.75
2068	51	49	67	69	0.002303	1.95
2069	51	48	54	57	0.264452	1.64
2070	51	48	57	60	0.062995	2.01
2071	51	48	60	63	0.019375	2.19
2072	51	48	63	66	0.008737	2.39
2073	51	48	66	69	0.005173	2.49
2074	51	48	69	72	0.00347	3.63
2075	51	47	55	59	0.193748	1.8
2076	51	47	59	63	0.038694	2.15
2077	51	47	63	67	0.01314	2.0
2078	51	47	67	71	0.006885	2.21
2079	52	51	53	54	1.06332	0.36
2080	52	51	54	55	0.246459	1.24
2081	52	51	55	56	0.086248	0.9
2082	52	51	56	57	0.044735	1.09
2083	52	51	57	58	0.024679	1.52
2084	52	51	58	59	0.014029	0.98
2085	52	51	59	60	0.008578	1.14
2086	52	51	60	61	0.005203	2.4
2087	52	50	54	56	0.461878	1.23
2088	52	50	56	58	0.109673	1.4
2089	52	50	58	60	0.038261	1.53
2090	52	50	60	62	0.015885	2.15
2091	52	50	62	64	0.007853	1.88
2092	52	50	64	66	0.004889	1.35
2093	52	50	66	68	0.00333	1.94
2094	52	50	68	70	0.002469	1.77
2095	52	49	55	58	0.279452	1.3
2096	52	49	58	61	0.059675	1.6
2097	52	49	61	64	0.019124	2.11
2098	52	49	64	67	0.008981	2.35
2099	52	49	67	70	0.005352	2.67
2100	52	48	56	60	0.201965	1.64
2101	52	48	60	64	0.036356	2.07
2102	52	48	64	68	0.013304	2.55
2103	52	48	68	72	0.007333	2.42
2104	53	52	54	55	1.585591	1.72
2105	53	52	55	56	0.261955	0.51
2106	53	52	56	57	0.104131	0.84
2107	53	52	57	58	0.048426	1.48
2108	53	52	58	59	0.024632	1.05
2109	53	52	59	60	0.013855	1.38
2110	53	52	60	61	0.007877	1.08
2111	53	52	61	62	0.005588	1.64
2112	53	51	55	57	0.496913	0.7
2113	53	51	57	59	0.111801	1.36
2114	53	51	59	61	0.035557	1.59
2115	53	51	61	63	0.015277	1.78
2116	53	51	63	65	0.007944	2.44
2117	53	51	65	67	0.004991	3.0
2118	53	50	56	59	0.310282	1.22
2119	53	50	59	62	0.058019	1.56
2120	53	50	62	65	0.018542	2.4
2121	53	50	65	68	0.009333	2.07
2122	53	50	68	71	0.005716	1.22
2123	54	53	55	56	0.940092	-0.22
2124	54	53	56	57	0.222279	0.77
2125	54	53	57	58	0.080008	1.44
2126	54	53	58	59	0.035111	0.87
2127	54	53	59	60	0.01786	1.64
2128	54	53	60	61	0.009524	1.65
2129	54	53	61	62	0.00639	2.25
2130	54	53	62	63	0.00376	2.66
2131	54	52	56	58	0.454964	0.98
2132	54	52	58	60	0.091521	1.09
2133	54	52	60	62	0.029425	1.48
2134	54	52	62	64	0.012594	2.01
2135	54	52	64	66	0.007104	2.25
2136	54	52	66	68	0.004543	2.08
2137	54	52	68	70	0.003205	0.87
2138	54	51	57	60	0.267271	1.33
2139	54	51	60	63	0.048113	1.62
2140	54	51	63	66	0.017077	1.89
2141	54	51	66	69	0.008859	1.6
2142	54	51	69	72	0.005448	1.86
2143	55	54	56	57	1.41901	0.57
2144	55	54	57	58	0.274845	1.22
2145	55	54	58	59	0.092131	0.81
2146	55	54	59	60	0.039909	1.27
2147	55	54	60	61	0.019186	1.41
2148	55	54	61	62	0.012058	1.42
2149	55	54	62	63	0.006719	1.48
2150	55	54	63	64	0.004744	1.58
2151	55	53	57	59	0.482141	1.12
2152	55	53	59	61	0.086533	1.41
2153	55	53	61	63	0.028987	1.62
2154	55	53	63	65	0.012963	2.44
2155	55	53	65	67	0.007398	1.65
2156	55	53	67	69	0.004735	1.26
2157	55	52	58	61	0.260177	1.09
2158	55	52	61	64	0.048162	1.67
2159	55	52	64	67	0.017567	1.91
2160	55	52	67	70	0.009139	1.98
2161	56	55	57	58	1.346378	0.75
2162	56	55	58	59	0.252291	0.61
2163	56	55	59	60	0.085481	1.09
2164	56	55	60	61	0.035643	1.36
2165	56	55	61	62	0.020341	1.29
2166	56	55	62	63	0.010598	2.07
2167	56	55	63	64	0.007142	1.83
2168	56	55	64	65	0.004852	1.83
2169	56	54	58	60	0.469693	0.77
2170	56	54	60	62	0.087275	1.3
2171	56	54	62	64	0.029242	1.81
2172	56	54	64	66	0.014282	2.16
2173	56	54	66	68	0.008386	1.91
2174	56	54	68	70	0.005547	2.62
2175	56	53	59	62	0.246466	1.27
2176	56	53	62	65	0.046111	1.94
2177	56	53	65	68	0.0183	2.06
2178	56	53	68	71	0.009804	2.5
2179	57	56	58	59	1.085065	0.17
2180	57	56	59	60	0.219855	0.54
2181	57	56	60	61	0.072415	0.8
2182	57	56	61	62	0.035849	0.65
2183	57	56	62	63	0.017055	0.87
2184	57	56	63	64	0.01076	1.27
2185	57	56	64	65	0.007044	2.1
2186	57	56	65	66	0.004897	0.61
2187	57	55	59	61	0.413178	0.77
2188	57	55	61	63	0.083867	0.93
2189	57	55	63	65	0.029828	1.78
2190	57	55	65	67	0.01498	1.41
2191	57	55	67	69	0.008882	2.15
2192	57	55	69	71	0.005802	2.19
2193	57	54	60	63	0.22986	1.08
2194	57	54	63	66	0.048935	1.62
2195	57	54	66	69	0.020301	2.04
2196	57	54	69	72	0.010961	2.06
2197	58	57	59	60	1.247456	0.26
2198	58	57	60	61	0.225175	0.65
2199	58	57	61	62	0.085622	0.48
2200	58	57	62	63	0.034329	0.99
2201	58	57	63	64	0.019363	1.05
2202	58	57	64	65	0.011688	1.58
2203	58	57	65	66	0.007732	0.9
2204	58	57	66	67	0.005671	1.95
2205	58	56	60	62	0.418983	0.65
2206	58	56	62	64	0.081556	1.19
2207	58	56	64	66	0.031403	1.41
2208	58	56	66	68	0.01623	1.3
2209	58	56	68	70	0.009883	1.62
2210	58	56	70	72	0.00662	1.59
2211	59	58	60	61	1.114727	0.61
2212	59	58	61	62	0.230213	0.2
2213	59	58	62	63	0.070217	0.7
2214	59	58	63	64	0.033469	1.35
2215	59	58	64	65	0.018208	1.32
2216	59	58	65	66	0.011152	0.69
2217	59	58	66	67	0.007842	1.62
2218	59	58	67	68	0.005367	0.42
2219	59	57	61	63	0.420247	0.42
2220	59	57	63	65	0.082766	1.32
2221	59	57	65	67	0.03243	0.92
2222	59	57	67	69	0.017012	1.5
2223	59	57	69	71	0.010238	1.38
2224	60	59	61	62	1.132407	-0.26
2225	60	59	62	63	0.195137	0.6
2226	60	59	63	64	0.06853	1.2
2227	60	59	64	65	0.031335	1.32
2228	60	59	65	66	0.016981	0.42
2229	60	59	66	67	0.011226	1.48
2230	60	59	67	68	0.007353	1.32
2231	60	59	68	69	0.005637	1.83
2232	60	58	62	64	0.367301	0.77
2233	60	58	64	66	0.077712	1.11
2234	60	58	66	68	0.031832	1.08
2235	60	58	68	70	0.017191	1.46
2236	60	58	70	72	0.010642	1.71
2237	61	60	62	63	0.912096	0.58
2238	61	60	63	64	0.178024	1.2
2239	61	60	64	65	0.057057	1.33
2240	61	60	65	66	0.025944	1.01
2241	61	60	66	67	0.015458	1.53
2242	61	60	67	68	0.009511	1.4
2243	61	60	68	69	0.007001	1.19
2244	61	60	69	70	0.004868	1.98
2245	61	59	63	65	0.334909	1.26
2246	61	59	65	67	0.069657	0.92
2247	61	59	67	69	0.029544	1.27
2248	61	59	69	71	0.015886	1.56
2249	62	61	63	64	1.046835	1.01
2250	62	61	64	65	0.166566	1.41
2251	62	61	65	66	0.052579	0.8
2252	62	61	66	67	0.026305	1.32
2253	62	61	67	68	0.014676	1.22
2254	62	61	68	69	0.010157	2.4
2255	62	61	69	70	0.006795	1.42
2256	62	61	70	71	0.005034	2.08
2257	62	60	64	66	0.302135	1.24
2258	62	60	66	68	0.065986	1.23
2259	62	60	68	70	0.028845	1.78
2260	62	60	70	72	0.015923	2.07
2261	63	62	64	65	0.913301	1.03
2262	63	62	65	66	0.139376	0.51
2263	63	62	66	67	0.048075	1.36
2264	63	62	67	68	0.022289	1.19
2265	63	62	68	69	0.013948	0.43
2266	63	62	69	70	0.00874	1.46
2267	63	62	70	71	0.006175	1.12
2268	63	62	71	72	0.004804	1.6
2269	64	63	66	67	0.142353	1.03
2270	64	63	67	68	0.046041	0.98
2271	64	63	68	69	0.024185	1.47
2272	64	63	69	70	0.013765	2.01
2273	64	63	70	71	0.009187	1.26
2274	64	63	71	72	0.006834	2.52
2275	65	64	66	67	0.94113	0.55
2276	65	64	67	68	0.142185	0.95
2277	65	64	68	69	0.051347	1.46
2278	65	64	69	70	0.024202	1.69
2279	65	64	70	71	0.014606	1.29
2280	65	64	71	72	0.01015	1.35
2281	66	65	67	68	0.836839	0.66
2282	66	65	68	69	0.147126	1.36
2283	66	65	69	70	0.048026	1.71
2284	66	65	70	71	0.024435	1.32
2285	66	65	71	72	0.015366	1.98
2286	67	66	68	69	0.942166	0.99
2287	67	66	69	70	0.144274	1.52
2288	67	66	70	71	0.051572	1.03
2289	67	66	71	72	0.026934	1.59
