2014
1	2	1	3	4	0.861284	1.95
2	2	1	4	5	0.208925	1.71
3	2	1	5	6	0.085248	1.97
4	2	1	6	7	0.046979	2.06
5	2	1	7	8	0.02791	2.4
6	2	1	8	9	0.01563	2.04
7	2	1	9	10	0.010869	2.39
8	2	1	10	11	0.007704	2.49
9	3	2	4	5	0.987421	1.62
10	3	2	5	6	0.259984	2.15
11	3	2	6	7	0.116754	2.28
12	3	2	7	8	0.06196	2.59
13	3	2	8	9	0.031941	2.43
14	3	2	9	10	0.020925	2.59
15	3	2	10	11	0.014166	2.1
16	3	2	11	12	0.010831	2.0
17	3	1	5	7	0.508796	2.13
18	3	1	7	9	0.13748	2.5
19	3	1	9	11	0.053697	2.52
20	3	1	11	13	0.029821	2.52
21	3	1	13	15	0.020019	2.78
22	3	1	15	17	0.012401	3.04
23	3	1	17	19	0.008677	3.56
24	3	1	19	21	0.004899	3.22
25	4	3	5	6	1.08638	1.69
26	4	3	6	7	0.29528	2.07
27	4	3	7	8	0.127137	2.5
28	4	3	8	9	0.057564	2.35
29	4	3	9	10	0.034763	2.62
30	4	3	10	11	0.022123	2.5
31	4	3	11	12	0.016099	2.07
32	4	3	12	13	0.011769	2.88
33	4	2	6	8	0.600937	2.27
34	4	2	8	10	0.145235	2.5
35	4	2	10	12	0.063241	2.47
36	4	2	12	14	0.036889	2.97
37	4	2	14	16	0.022232	3.38
38	4	2	16	18	0.015505	4.5
39	4	1	7	10	0.388668	2.52
40	4	1	10	13	0.101745	2.54
41	4	1	13	16	0.049094	2.88
42	4	1	16	19	0.026422	3.53
43	4	1	19	22	0.011791	4.8
44	4	1	28	31	0.003489	14.38
45	5	4	6	7	0.951555	1.8
46	5	4	7	8	0.267423	2.37
47	5	4	8	9	0.097692	2.4
48	5	4	9	10	0.052273	2.61
49	5	4	10	11	0.030578	2.39
50	5	4	11	12	0.020932	2.27
51	5	4	12	13	0.014682	2.83
52	5	4	13	14	0.011877	2.47
53	5	3	7	9	0.549973	2.42
54	5	3	9	11	0.139838	2.56
55	5	3	11	13	0.063546	2.66
56	5	3	13	15	0.037949	2.83
57	5	3	15	17	0.021721	3.17
58	5	3	17	19	0.014429	3.51
59	5	3	19	21	0.007855	3.07
60	5	2	8	11	0.361946	2.5
61	5	2	11	14	0.111357	2.62
62	5	2	14	17	0.05104	3.15
63	5	2	17	20	0.025994	3.48
64	5	2	26	29	0.005599	15.11
65	5	2	29	32	0.003629	14.6
66	5	1	9	13	0.286697	2.59
67	5	1	13	17	0.092089	2.98
68	5	1	17	21	0.035865	3.84
69	5	1	21	25	0.016062	12.02
70	5	1	25	29	0.009081	16.53
71	5	1	29	33	0.005664	14.75
72	5	1	33	37	0.004129	12.96
73	6	5	7	8	1.049143	1.75
74	6	5	8	9	0.23601	2.22
75	6	5	9	10	0.101652	2.46
76	6	5	10	11	0.051819	2.28
77	6	5	11	12	0.032685	2.44
78	6	5	12	13	0.021287	2.82
79	6	5	13	14	0.016682	2.97
80	6	5	14	15	0.011764	3.41
81	6	4	8	10	0.487366	2.34
82	6	4	10	12	0.135993	2.37
83	6	4	12	14	0.06453	2.55
84	6	4	14	16	0.0345	2.85
85	6	4	16	18	0.022224	2.56
86	6	4	22	24	0.005815	8.05
87	6	3	9	12	0.362928	2.47
88	6	3	12	15	0.1142	2.82
89	6	3	15	18	0.050369	3.21
90	6	3	18	21	0.023029	3.82
91	6	3	27	30	0.005219	15.09
92	6	3	30	33	0.003884	14.89
93	6	2	10	14	0.300546	2.5
94	6	2	14	18	0.094459	3.12
95	6	2	18	22	0.033831	4.19
96	6	2	26	30	0.009689	15.73
97	6	2	30	34	0.006479	13.41
98	6	2	34	38	0.004286	11.89
99	6	2	38	42	0.003389	9.99
100	6	1	11	16	0.259379	2.66
101	6	1	16	21	0.073604	3.41
102	6	1	21	26	0.025205	12.6
103	6	1	26	31	0.013099	15.6
104	6	1	31	36	0.007897	12.66
105	7	6	8	9	0.99679	1.88
106	7	6	9	10	0.273729	2.11
107	7	6	10	11	0.110888	2.03
108	7	6	11	12	0.060536	2.17
109	7	6	12	13	0.036197	2.73
110	7	6	13	14	0.026374	2.88
111	7	6	14	15	0.01768	2.91
112	7	6	15	16	0.011499	3.07
113	7	5	9	11	0.537762	2.16
114	7	5	11	13	0.150706	2.42
115	7	5	13	15	0.072508	2.69
116	7	5	15	17	0.036271	2.94
117	7	5	17	19	0.022385	3.5
118	7	5	19	21	0.011417	3.81
119	7	5	21	23	0.007835	8.27
120	7	4	10	13	0.379576	2.29
121	7	4	13	16	0.118689	2.9
122	7	4	16	19	0.052231	3.38
123	7	4	19	22	0.020796	4.6
124	7	4	25	28	0.007817	15.64
125	7	4	28	31	0.005302	13.25
126	7	4	31	34	0.004105	14.28
127	7	3	11	15	0.324562	2.56
128	7	3	15	19	0.094808	3.17
129	7	3	19	23	0.032754	5.25
130	7	3	23	27	0.016702	16.53
131	7	3	27	31	0.009667	14.19
132	7	3	31	35	0.006565	12.79
133	7	3	39	43	0.003428	9.64
134	7	2	12	17	0.280697	2.82
135	7	2	17	22	0.072114	3.87
136	7	2	22	27	0.02752	15.18
137	7	2	27	32	0.013502	15.06
138	7	2	37	42	0.005898	9.52
139	7	2	42	47	0.003542	14.4
140	7	1	13	19	0.246298	3.04
141	7	1	25	31	0.021588	16.09
142	7	1	31	37	0.011732	12.98
143	7	1	37	43	0.007452	10.61
144	7	1	49	55	0.003013	22.56
145	7	1	55	61	0.002002	25.47
146	8	7	9	10	1.056009	1.53
147	8	7	10	11	0.264649	1.69
148	8	7	11	12	0.114628	2.0
149	8	7	12	13	0.060229	2.61
150	8	7	13	14	0.039889	2.37
151	8	7	14	15	0.024989	3.01
152	8	7	15	16	0.015555	2.71
153	8	7	16	17	0.012713	2.76
154	8	6	10	12	0.550418	1.88
155	8	6	12	14	0.162683	2.58
156	8	6	14	16	0.069724	2.78
157	8	6	16	18	0.039422	2.92
158	8	6	18	20	0.020479	2.47
159	8	6	20	22	0.010699	5.93
160	8	5	11	14	0.408298	2.35
161	8	5	14	17	0.118995	2.9
162	8	5	17	20	0.049712	3.17
163	8	5	20	23	0.021021	6.79
164	8	5	26	29	0.00846	14.94
165	8	5	29	32	0.005278	14.09
166	8	5	32	35	0.004268	12.02
167	8	4	12	16	0.331393	2.75
168	8	4	16	20	0.094639	3.25
169	8	4	20	24	0.032135	8.88
170	8	4	24	28	0.01618	17.13
171	8	4	28	32	0.009585	14.87
172	8	4	32	36	0.006735	13.92
173	8	4	36	40	0.004681	13.73
174	8	3	13	18	0.292038	2.82
175	8	3	18	23	0.068055	4.7
176	8	3	23	28	0.026735	16.59
177	8	3	28	33	0.01375	13.79
178	8	3	38	43	0.005896	10.53
179	8	3	43	48	0.0036	15.06
180	8	2	14	20	0.245643	3.12
181	8	2	26	32	0.022967	15.75
182	8	2	32	38	0.012611	13.96
183	8	2	38	44	0.007776	12.0
184	8	2	44	50	0.004453	19.42
185	8	2	50	56	0.003147	26.03
186	8	2	56	62	0.002097	28.09
187	8	1	15	22	0.203153	3.46
188	8	1	22	29	0.047979	15.03
189	8	1	29	36	0.01962	13.38
190	8	1	36	43	0.011093	11.34
191	8	1	43	50	0.005948	16.62
192	8	1	50	57	0.003852	23.85
193	8	1	64	71	0.001729	27.39
194	9	8	10	11	0.886218	1.03
195	9	8	11	12	0.237996	1.53
196	9	8	12	13	0.099717	2.25
197	9	8	13	14	0.057936	2.19
198	9	8	14	15	0.033103	2.49
199	9	8	15	16	0.019342	2.46
200	9	8	16	17	0.015093	1.97
201	9	8	17	18	0.010777	2.25
202	9	7	11	13	0.512432	1.92
203	9	7	13	15	0.155933	2.44
204	9	7	15	17	0.062715	2.7
205	9	7	17	19	0.034337	3.12
206	9	7	19	21	0.016243	3.15
207	9	7	21	23	0.010594	6.82
208	9	7	25	27	0.005031	16.14
209	9	6	12	15	0.395935	2.47
210	9	6	15	18	0.111701	2.76
211	9	6	18	21	0.042293	3.22
212	9	6	21	24	0.021019	9.64
213	9	6	27	30	0.007583	13.82
214	9	6	33	36	0.004078	13.25
215	9	5	13	17	0.327387	2.55
216	9	5	17	21	0.084391	3.1
217	9	5	21	25	0.031323	10.95
218	9	5	25	29	0.016064	15.88
219	9	5	29	33	0.009328	12.72
220	9	4	14	19	0.270996	2.96
221	9	4	19	24	0.061708	6.52
222	9	4	24	29	0.025189	16.26
223	9	4	29	34	0.013531	13.44
224	9	4	39	44	0.005692	11.04
225	9	4	49	54	0.002667	24.3
226	9	3	15	21	0.227239	3.13
227	9	3	27	33	0.022082	14.38
228	9	3	33	39	0.012454	12.2
229	9	3	39	45	0.007519	11.19
230	9	3	45	51	0.004416	20.68
231	9	3	57	63	0.002087	23.37
232	9	2	16	23	0.199791	3.93
233	9	2	23	30	0.046021	16.25
234	9	2	30	37	0.020263	13.12
235	9	2	37	44	0.011441	10.94
236	9	2	44	51	0.006027	19.92
237	9	2	51	58	0.003931	24.43
238	9	2	65	72	0.001771	27.64
239	9	1	25	33	0.040119	15.77
240	9	1	33	41	0.018582	12.38
241	9	1	41	49	0.009157	15.39
242	9	1	49	57	0.005383	25.24
243	9	1	57	65	0.003205	26.62
244	10	9	11	12	1.065194	1.02
245	10	9	12	13	0.259515	2.11
246	10	9	13	14	0.117029	2.01
247	10	9	14	15	0.05743	2.62
248	10	9	15	16	0.030444	2.82
249	10	9	16	17	0.022162	3.07
250	10	9	17	18	0.015052	3.72
251	10	9	18	19	0.010059	4.11
252	10	8	12	14	0.533989	2.1
253	10	8	14	16	0.140311	2.5
254	10	8	16	18	0.063074	2.58
255	10	8	18	20	0.028995	2.1
256	10	8	20	22	0.013885	4.53
257	10	8	22	24	0.010738	10.33
258	10	8	24	26	0.006092	15.43
259	10	8	26	28	0.004997	14.89
260	10	7	13	16	0.395657	2.29
261	10	7	16	19	0.109446	2.75
262	10	7	19	22	0.035757	3.68
263	10	7	22	25	0.020364	12.02
264	10	7	25	28	0.011225	15.51
265	10	7	28	31	0.007195	13.08
266	10	7	31	34	0.005354	12.66
267	10	7	34	37	0.003597	11.13
268	10	6	14	18	0.312419	2.75
269	10	6	22	26	0.030674	12.81
270	10	6	26	30	0.015827	14.4
271	10	6	30	34	0.009788	13.35
272	10	6	34	38	0.006178	13.04
273	10	6	38	42	0.004743	14.27
274	10	5	15	20	0.256015	2.81
275	10	5	30	35	0.013663	14.6
276	10	5	35	40	0.008404	12.02
277	10	5	40	45	0.005494	13.56
278	10	5	50	55	0.002595	23.76
279	10	4	16	22	0.218177	3.24
280	10	4	28	34	0.021977	12.6
281	10	3	24	31	0.044136	15.63
282	10	3	31	38	0.020124	12.52
283	10	3	38	45	0.01109	11.22
284	10	3	45	52	0.006052	19.16
285	10	3	52	59	0.003847	22.09
286	10	2	26	34	0.041778	14.84
287	10	2	34	42	0.018581	11.82
288	10	2	42	50	0.009167	17.88
289	10	2	50	58	0.005442	25.71
290	10	2	58	66	0.003314	26.47
291	10	1	28	37	0.036641	13.5
292	10	1	37	46	0.016844	11.42
293	10	1	46	55	0.008165	22.86
294	10	1	55	64	0.004511	25.82
295	11	10	12	13	1.026586	1.88
296	11	10	13	14	0.280207	1.8
297	11	10	14	15	0.109313	2.43
298	11	10	15	16	0.05087	2.71
299	11	10	16	17	0.033828	2.62
300	11	10	17	18	0.021648	3.21
301	11	10	18	19	0.01386	2.91
302	11	10	19	20	0.008563	2.21
303	11	9	13	15	0.563925	1.98
304	11	9	15	17	0.137332	2.56
305	11	9	17	19	0.060643	3.01
306	11	9	19	21	0.025074	3.12
307	11	9	23	25	0.009826	14.55
308	11	9	27	29	0.004792	14.61
309	11	8	14	17	0.371435	2.47
310	11	8	17	20	0.098928	2.58
311	11	8	20	23	0.033829	5.9
312	11	8	23	26	0.017928	15.02
313	11	8	26	29	0.011308	14.14
314	11	8	29	32	0.006638	12.64
315	11	8	32	35	0.005138	14.6
316	11	8	35	38	0.003594	11.65
317	11	7	15	19	0.294906	2.71
318	11	7	23	27	0.028643	15.6
319	11	7	27	31	0.014758	14.68
320	11	7	35	39	0.006137	13.0
321	11	6	16	21	0.249184	2.98
322	11	6	21	26	0.056924	11.34
323	11	6	26	31	0.024772	14.98
324	11	6	31	36	0.013403	14.89
325	11	6	36	41	0.008445	14.1
326	11	5	23	29	0.050023	15.35
327	11	5	29	35	0.021361	13.12
328	11	5	35	41	0.012173	10.79
329	11	5	41	47	0.007005	13.48
330	11	5	47	53	0.004529	22.52
331	11	5	53	59	0.002906	23.28
332	11	4	25	32	0.043294	15.5
333	11	4	32	39	0.020166	14.09
334	11	4	39	46	0.010786	13.8
335	11	4	60	67	0.00244	33.96
336	11	3	27	35	0.040243	14.61
337	11	3	43	51	0.009066	20.49
338	11	3	59	67	0.003261	33.09
339	11	2	29	38	0.036933	13.58
340	11	2	38	47	0.016817	13.32
341	11	2	56	65	0.004597	26.62
342	11	1	31	41	0.034939	12.12
343	12	11	13	14	1.224045	0.75
344	12	11	14	15	0.276229	1.77
345	12	11	15	16	0.102158	2.25
346	12	11	16	17	0.059103	2.11
347	12	11	17	18	0.034763	2.46
348	12	11	18	19	0.020978	2.56
349	12	11	19	20	0.012432	1.4
350	12	10	14	16	0.538431	2.06
351	12	10	16	18	0.149347	2.34
352	12	10	18	20	0.055859	2.19
353	12	10	20	22	0.023509	4.29
354	12	10	22	24	0.016836	9.35
355	12	10	24	26	0.009031	14.4
356	12	10	26	28	0.007052	13.58
357	12	10	28	30	0.004649	12.71
358	12	9	15	18	0.369976	2.4
359	12	9	18	21	0.090342	2.59
360	12	9	21	24	0.03613	7.95
361	12	9	24	27	0.017872	14.12
362	12	9	27	30	0.010731	12.99
363	12	9	30	33	0.007196	12.66
364	12	9	33	36	0.005225	11.22
365	12	9	36	39	0.003787	10.95
366	12	8	16	20	0.297178	2.39
367	12	8	24	28	0.027183	14.36
368	12	8	28	32	0.014314	12.43
369	12	8	32	36	0.009318	11.69
370	12	8	36	40	0.006175	9.4
371	12	8	40	44	0.004346	10.1
372	12	8	44	48	0.002819	16.37
373	12	7	17	22	0.230921	2.91
374	12	7	27	32	0.023483	13.56
375	12	7	32	37	0.013264	12.46
376	12	7	37	42	0.008587	11.02
377	12	7	42	47	0.004975	16.14
378	12	6	24	30	0.047802	14.77
379	12	6	30	36	0.021868	12.78
380	12	6	42	48	0.006784	15.4
381	12	6	48	54	0.004564	25.2
382	12	6	54	60	0.002883	24.95
383	12	5	26	33	0.044383	14.48
384	12	5	33	40	0.020266	12.79
385	12	4	28	36	0.03996	13.07
386	12	4	36	44	0.018618	11.1
387	12	4	44	52	0.009069	18.69
388	12	4	52	60	0.005358	23.4
389	12	3	30	39	0.03791	12.77
390	12	3	39	48	0.016677	14.0
391	12	3	57	66	0.00467	27.7
392	12	2	22	32	0.122536	14.48
393	12	1	23	34	0.110888	15.46
394	12	1	34	45	0.032489	11.76
395	12	1	45	56	0.013273	22.32
396	12	1	56	67	0.006534	26.64
397	13	12	14	15	1.195108	1.02
398	13	12	15	16	0.245566	2.0
399	13	12	16	17	0.111029	1.88
400	13	12	17	18	0.056971	2.47
401	13	12	18	19	0.032026	2.29
402	13	12	19	20	0.017492	1.22
403	13	12	21	22	0.007455	3.33
404	13	11	15	17	0.51762	2.03
405	13	11	17	19	0.144758	2.35
406	13	11	19	21	0.048344	2.31
407	13	11	25	27	0.009665	14.5
408	13	11	27	29	0.006861	12.91
409	13	11	29	31	0.004582	12.48
410	13	10	16	19	0.384119	2.22
411	13	10	19	22	0.08	2.75
412	13	10	22	25	0.037243	10.17
413	13	10	25	28	0.01819	13.7
414	13	10	28	31	0.010755	11.61
415	13	10	31	34	0.007535	11.98
416	13	9	17	21	0.278685	2.59
417	13	9	25	29	0.027812	14.33
418	13	9	29	33	0.014288	13.52
419	13	9	33	37	0.009208	13.25
420	13	8	23	28	0.054938	14.17
421	13	8	28	33	0.02316	13.79
422	13	8	33	38	0.013169	13.14
423	13	7	25	31	0.047383	13.75
424	13	7	31	37	0.021384	12.21
425	13	7	43	49	0.006653	15.62
426	13	7	49	55	0.004544	22.32
427	13	6	27	34	0.043682	13.83
428	13	6	34	41	0.019831	12.81
429	13	6	41	48	0.010374	16.25
430	13	5	29	37	0.039322	13.79
431	13	5	37	45	0.018791	13.46
432	13	5	45	53	0.009254	23.71
433	13	4	22	31	0.131028	13.65
434	13	4	31	40	0.037791	13.46
435	13	4	40	49	0.016239	16.29
436	13	4	58	67	0.004608	34.52
437	13	3	23	33	0.118268	15.24
438	13	2	46	57	0.013496	26.04
439	13	2	57	68	0.006672	32.38
440	14	13	15	16	1.133497	1.97
441	14	13	16	17	0.297822	1.5
442	14	13	17	18	0.120815	2.23
443	14	13	18	19	0.059482	2.08
444	14	13	19	20	0.029864	1.3
445	14	13	22	23	0.010236	7.11
446	14	12	16	18	0.586628	1.81
447	14	12	18	20	0.138875	1.81
448	14	12	20	22	0.046577	3.9
449	14	12	26	28	0.010881	13.15
450	14	12	28	30	0.00686	11.8
451	14	12	30	32	0.005053	13.05
452	14	11	17	20	0.384705	1.86
453	14	11	20	23	0.082728	3.94
454	14	11	23	26	0.036465	12.32
455	14	11	26	29	0.020305	12.43
456	14	10	18	22	0.264691	2.46
457	14	10	26	30	0.029434	12.99
458	14	10	30	34	0.01595	12.33
459	14	10	34	38	0.009315	12.46
460	14	10	38	42	0.006799	10.27
461	14	10	42	46	0.004254	13.77
462	14	9	24	29	0.055402	13.62
463	14	9	29	34	0.024238	12.52
464	14	9	34	39	0.013289	10.95
465	14	9	39	44	0.008612	10.48
466	14	9	54	59	0.002396	27.38
467	14	8	26	32	0.049152	12.77
468	14	7	28	35	0.043988	13.56
469	14	6	30	38	0.04118	12.29
470	14	6	46	54	0.009472	23.01
471	14	6	54	62	0.00526	24.84
472	14	5	23	32	0.129362	14.29
473	14	5	32	41	0.039264	12.96
474	14	5	41	50	0.01643	17.48
475	14	5	59	68	0.004713	31.96
476	14	4	24	34	0.118229	14.52
477	14	4	34	44	0.035855	12.66
478	14	4	54	64	0.00737	26.59
479	14	3	25	36	0.111273	14.16
480	14	3	36	47	0.03368	12.35
481	14	3	47	58	0.013807	23.54
482	15	14	16	17	1.38972	0.65
483	15	14	17	18	0.314365	1.59
484	15	14	18	19	0.120009	1.62
485	15	14	19	20	0.051133	0.99
486	15	14	20	21	0.02657	3.25
487	15	14	21	22	0.016901	4.26
488	15	14	23	24	0.010043	10.04
489	15	13	17	19	0.614413	1.68
490	15	13	19	21	0.124639	1.65
491	15	13	25	27	0.016472	12.08
492	15	13	27	29	0.011031	11.08
493	15	13	31	33	0.005385	13.1
494	15	12	18	21	0.36405	1.75
495	15	12	21	24	0.089725	6.42
496	15	12	24	27	0.036592	12.5
497	15	12	27	30	0.019512	11.73
498	15	12	30	33	0.012001	11.52
499	15	11	19	23	0.251186	3.06
500	15	11	23	27	0.070596	12.35
501	15	11	27	31	0.029482	12.42
502	15	11	31	35	0.016417	13.26
503	15	11	35	39	0.010014	12.43
504	15	11	39	43	0.006983	13.3
505	15	11	43	47	0.004384	15.57
506	15	10	25	30	0.056836	13.26
507	15	10	30	35	0.025666	12.15
508	15	10	35	40	0.014097	11.82
509	15	10	40	45	0.008697	12.38
510	15	10	45	50	0.005291	20.62
511	15	9	27	33	0.049367	12.15
512	15	9	33	39	0.022924	10.88
513	15	8	29	36	0.043937	12.46
514	15	8	36	43	0.020854	10.92
515	15	8	43	50	0.010349	17.23
516	15	8	50	57	0.006306	23.28
517	15	7	23	31	0.143154	13.5
518	15	7	31	39	0.04183	12.46
519	15	7	47	55	0.00966	21.84
520	15	6	24	33	0.128022	14.27
521	15	6	33	42	0.039972	12.06
522	15	6	42	51	0.016311	18.25
523	15	6	51	60	0.008683	26.17
524	15	6	60	69	0.004702	29.8
525	15	5	25	35	0.120381	14.4
526	15	5	35	45	0.036658	12.88
527	15	5	45	55	0.015215	23.34
528	15	5	55	65	0.007479	28.42
529	15	4	26	37	0.114392	13.86
530	15	4	37	48	0.034343	13.85
531	15	4	48	59	0.013962	24.73
532	16	15	17	18	1.198386	1.17
533	16	15	18	19	0.26652	1.23
534	16	15	19	20	0.085311	0.78
535	16	15	20	21	0.038545	2.83
536	16	15	21	22	0.022567	3.5
537	16	15	22	23	0.017828	6.01
538	16	15	24	25	0.007557	11.49
539	16	14	18	20	0.522768	1.19
540	16	14	20	22	0.104583	3.07
541	16	14	22	24	0.054291	7.74
542	16	14	24	26	0.024054	11.88
543	16	14	26	28	0.016416	11.7
544	16	14	28	30	0.009767	11.55
545	16	14	30	32	0.006877	12.69
546	16	14	32	34	0.005578	12.62
547	16	13	19	22	0.299318	1.83
548	16	13	22	25	0.090885	8.62
549	16	13	25	28	0.036374	12.3
550	16	13	28	31	0.019088	11.23
551	16	12	20	24	0.23482	5.18
552	16	12	24	28	0.065992	12.51
553	16	12	28	32	0.028555	11.88
554	16	12	32	36	0.016482	11.91
555	16	12	36	40	0.010121	11.04
556	16	12	40	44	0.006806	11.52
557	16	12	44	48	0.004301	15.72
558	16	11	26	31	0.058047	12.48
559	16	11	31	36	0.025521	12.54
560	16	11	36	41	0.014387	11.19
561	16	11	41	46	0.008488	12.35
562	16	11	46	51	0.005317	20.64
563	16	11	51	56	0.003846	24.66
564	16	10	28	34	0.049666	12.6
565	16	10	34	40	0.02235	11.8
566	16	10	40	46	0.012401	12.9
567	16	10	46	52	0.007145	21.18
568	16	9	23	30	0.155491	13.08
569	16	9	30	37	0.044747	13.62
570	16	8	24	32	0.135628	13.7
571	16	8	40	48	0.018268	15.33
572	16	8	56	64	0.005242	26.47
573	16	8	64	72	0.00326	36.2
574	16	7	25	34	0.127736	13.92
575	16	7	34	43	0.038588	13.04
576	16	7	52	61	0.008519	26.57
577	16	6	26	36	0.121245	13.61
578	16	6	36	46	0.036434	12.04
579	16	6	46	56	0.015133	23.1
580	16	5	27	38	0.111498	13.41
581	16	5	49	60	0.014127	23.91
582	17	16	18	19	1.444994	0.52
583	17	16	19	20	0.242885	0.09
584	17	16	20	21	0.082609	1.98
585	17	16	21	22	0.042373	2.35
586	17	16	22	23	0.030855	5.05
587	17	16	23	24	0.019787	7.92
588	17	16	25	26	0.008012	12.33
589	17	15	23	25	0.051199	9.72
590	17	15	25	27	0.025702	11.97
591	17	15	27	29	0.015863	11.93
592	17	15	29	31	0.00951	11.75
593	17	15	31	33	0.00699	13.93
594	17	14	20	23	0.292388	3.33
595	17	14	23	26	0.085769	10.52
596	17	14	26	29	0.038817	11.96
597	17	14	29	32	0.018455	11.89
598	17	14	32	35	0.012526	12.69
599	17	14	35	38	0.007917	11.4
600	17	14	38	41	0.006	13.47
601	17	14	41	44	0.004246	15.11
602	17	13	25	29	0.069032	12.48
603	17	13	29	33	0.028915	12.4
604	17	13	33	37	0.016617	12.63
605	17	13	37	41	0.010872	12.62
606	17	13	41	45	0.006822	14.0
607	17	13	49	53	0.003503	26.62
608	17	12	27	32	0.056859	12.02
609	17	12	32	37	0.026206	12.02
610	17	12	47	52	0.00556	20.37
611	17	12	52	57	0.003789	23.58
612	17	11	23	29	0.180861	11.91
613	17	11	29	35	0.049891	12.23
614	17	11	35	41	0.023517	10.65
615	17	11	47	53	0.007547	22.23
616	17	11	53	59	0.004617	23.62
617	17	10	24	31	0.153329	12.91
618	17	10	38	45	0.021414	12.73
619	17	10	45	52	0.010721	21.59
620	17	9	25	33	0.13969	13.42
621	17	9	33	41	0.043138	12.79
622	17	9	41	49	0.018335	16.73
623	17	9	49	57	0.009848	26.03
624	17	9	57	65	0.005386	28.24
625	17	8	26	35	0.131648	13.52
626	17	8	44	53	0.016491	21.46
627	17	8	53	62	0.008391	27.43
628	17	8	62	71	0.004633	35.14
629	17	7	27	37	0.119645	13.08
630	17	7	47	57	0.01541	23.21
631	17	6	28	39	0.113001	13.42
632	17	6	39	50	0.034104	15.96
633	17	6	50	61	0.014254	25.37
634	17	6	61	72	0.006747	32.95
635	18	17	19	20	1.091535	0.0
636	18	17	20	21	0.192176	1.54
637	18	17	21	22	0.076407	1.95
638	18	17	22	23	0.048127	5.19
639	18	17	23	24	0.028472	7.89
640	18	17	24	25	0.015881	10.26
641	18	17	25	26	0.010346	10.81
642	18	17	26	27	0.009194	11.45
643	18	16	20	22	0.393342	1.78
644	18	16	22	24	0.127092	6.46
645	18	16	24	26	0.045931	10.79
646	18	16	26	28	0.027853	11.23
647	18	16	28	30	0.015297	11.28
648	18	16	32	34	0.007848	10.86
649	18	15	21	24	0.298019	4.91
650	18	15	24	27	0.080289	11.42
651	18	15	27	30	0.035222	11.98
652	18	15	30	33	0.019142	13.73
653	18	15	33	36	0.012083	14.77
654	18	14	26	30	0.069298	12.08
655	18	14	30	34	0.030432	12.59
656	18	14	34	38	0.015809	12.36
657	18	14	38	42	0.010781	11.75
658	18	14	42	46	0.006454	15.03
659	18	14	46	50	0.004458	22.12
660	18	14	50	54	0.003451	26.52
661	18	13	23	28	0.206405	11.62
662	18	13	28	33	0.056893	13.26
663	18	13	33	38	0.026482	13.58
664	18	13	38	43	0.015165	13.48
665	18	12	24	30	0.171267	12.66
666	18	12	30	36	0.051366	13.34
667	18	12	36	42	0.024045	13.07
668	18	12	42	48	0.012112	17.34
669	18	12	60	66	0.002997	31.23
670	18	12	66	72	0.002069	37.29
671	18	11	25	32	0.153868	13.18
672	18	11	39	46	0.021346	14.94
673	18	11	60	67	0.003832	32.4
674	18	10	26	34	0.144594	13.61
675	18	10	42	50	0.018195	20.64
676	18	10	50	58	0.009842	29.45
677	18	9	63	72	0.004729	39.99
678	18	8	28	38	0.119082	13.66
679	18	8	38	48	0.036657	15.13
680	18	8	48	58	0.015345	25.41
681	18	8	58	68	0.0075	29.62
682	19	18	20	21	0.71567	1.03
683	19	18	21	22	0.165393	0.73
684	19	18	22	23	0.082691	3.88
685	19	18	23	24	0.042242	6.46
686	19	18	24	25	0.021337	8.7
687	19	18	25	26	0.013226	10.14
688	19	18	26	27	0.011068	10.56
689	19	18	27	28	0.007265	10.53
690	19	17	25	27	0.043761	11.42
691	19	17	27	29	0.024106	11.58
692	19	17	29	31	0.013337	10.86
693	19	17	31	33	0.009265	13.44
694	19	17	33	35	0.006891	15.15
695	19	17	35	37	0.004573	13.77
696	19	16	22	25	0.300371	6.6
697	19	16	25	28	0.077623	11.5
698	19	16	28	31	0.033601	11.7
699	19	16	34	37	0.010788	13.98
700	19	16	37	40	0.00809	12.3
701	19	16	40	43	0.005658	14.94
702	19	16	43	46	0.003816	17.29
703	19	15	23	27	0.227868	9.99
704	19	15	27	31	0.0627	12.11
705	19	15	31	35	0.028506	13.52
706	19	15	35	39	0.015469	12.72
707	19	15	39	43	0.010087	13.42
708	19	15	43	47	0.006071	17.94
709	19	15	51	55	0.003282	25.18
710	19	14	24	29	0.187257	11.82
711	19	14	29	34	0.05435	13.08
712	19	14	34	39	0.024574	13.89
713	19	14	39	44	0.014426	14.73
714	19	14	44	49	0.007965	21.3
715	19	14	49	54	0.005689	26.58
716	19	14	54	59	0.003539	27.48
717	19	14	59	64	0.002471	33.9
718	19	13	25	31	0.166211	12.48
719	19	13	31	37	0.049622	13.21
720	19	13	37	43	0.023955	12.21
721	19	13	49	55	0.00757	25.39
722	19	12	26	33	0.153424	13.02
723	19	12	40	47	0.020585	16.18
724	19	12	47	54	0.011067	27.41
725	19	12	54	61	0.006187	32.41
726	19	12	61	68	0.003748	36.8
727	19	11	27	35	0.136767	12.9
728	19	11	35	43	0.042506	11.85
729	19	11	51	59	0.00977	24.15
730	19	10	28	37	0.125021	13.96
731	19	10	46	55	0.01669	26.1
732	19	10	55	64	0.008268	31.7
733	19	9	39	49	0.035888	16.92
734	19	9	49	59	0.015325	28.68
735	19	9	59	69	0.007406	35.66
736	20	19	22	23	0.196326	2.83
737	20	19	23	24	0.077605	4.92
738	20	19	24	25	0.033339	7.94
739	20	19	25	26	0.018616	9.35
740	20	19	26	27	0.01475	10.25
741	20	19	27	28	0.009147	10.43
742	20	19	28	29	0.006851	11.54
743	20	18	24	26	0.086337	9.11
744	20	18	26	28	0.042134	10.75
745	20	18	28	30	0.020515	11.45
746	20	18	32	34	0.009037	13.79
747	20	18	34	36	0.005541	13.98
748	20	18	36	38	0.004233	11.85
749	20	17	26	29	0.074904	11.37
750	20	17	29	32	0.0291	12.48
751	20	17	32	35	0.01745	14.46
752	20	17	35	38	0.010153	14.37
753	20	17	38	41	0.007307	15.09
754	20	17	44	47	0.003321	18.11
755	20	16	24	28	0.201595	10.85
756	20	16	28	32	0.058198	12.87
757	20	16	32	36	0.027408	15.2
758	20	16	40	44	0.00945	18.39
759	20	15	25	30	0.174196	11.96
760	20	15	30	35	0.052196	13.73
761	20	15	35	40	0.023662	13.54
762	20	15	40	45	0.013268	15.64
763	20	15	45	50	0.007617	21.73
764	20	15	50	55	0.005254	24.12
765	20	15	55	60	0.003385	25.99
766	20	14	26	32	0.160923	12.93
767	20	14	56	62	0.004248	41.69
768	20	13	27	34	0.143129	13.41
769	20	13	55	62	0.005921	32.79
770	20	13	62	69	0.003619	40.37
771	20	11	38	47	0.038056	16.25
772	20	11	56	65	0.00797	31.61
773	20	10	40	50	0.034574	20.34
774	21	20	22	23	0.84113	1.83
775	21	20	25	26	0.028926	7.41
776	21	20	26	27	0.020856	8.0
777	21	20	29	30	0.005352	10.04
778	21	19	27	29	0.036858	9.58
779	21	19	29	31	0.018034	9.6
780	21	19	33	35	0.007976	10.88
781	21	19	37	39	0.004143	8.93
782	21	18	27	30	0.063018	10.73
783	21	18	30	33	0.02788	12.62
784	21	18	33	36	0.015583	14.4
785	21	17	25	29	0.187092	10.23
786	21	17	29	33	0.051973	12.13
787	21	17	33	37	0.024492	13.61
788	21	17	37	41	0.014269	14.17
789	21	17	41	45	0.008357	15.62
790	21	16	26	31	0.169429	11.19
791	21	16	31	36	0.048973	13.7
792	21	16	36	41	0.022802	13.92
793	21	16	41	46	0.012233	16.48
794	21	16	46	51	0.007203	24.48
795	21	16	51	56	0.004953	28.48
796	21	16	56	61	0.003151	28.91
797	21	16	61	66	0.002104	33.12
798	21	15	27	33	0.144645	12.42
799	21	15	33	39	0.044757	14.96
800	21	14	28	35	0.133559	13.46
801	21	13	29	37	0.121493	13.63
802	21	13	37	45	0.040118	15.71
803	21	13	45	53	0.017014	25.44
804	21	13	53	61	0.008816	31.29
805	21	13	61	69	0.004849	40.58
806	21	12	30	39	0.117341	13.96
807	21	12	39	48	0.036373	17.01
808	21	12	57	66	0.007701	30.87
809	21	11	41	51	0.033126	21.46
810	22	21	24	25	0.149156	3.6
811	22	21	25	26	0.055181	5.42
812	22	21	26	27	0.034131	6.33
813	22	21	27	28	0.018106	6.45
814	22	20	26	28	0.085039	7.02
815	22	20	28	30	0.033588	7.95
816	22	20	30	32	0.018081	8.32
817	22	20	32	34	0.012074	8.49
818	22	20	34	36	0.007003	7.94
819	22	20	36	38	0.005163	5.69
820	22	19	28	31	0.058966	9.48
821	22	19	31	34	0.027132	11.69
822	22	19	34	37	0.013517	12.62
823	22	18	26	30	0.18062	9.21
824	22	18	34	38	0.021847	13.26
825	22	18	38	42	0.013329	14.21
826	22	18	42	46	0.007454	18.32
827	22	17	32	37	0.045977	13.07
828	22	17	37	42	0.022076	13.66
829	22	17	42	47	0.010932	18.04
830	22	16	28	34	0.138224	11.46
831	22	16	34	40	0.041537	13.73
832	22	16	40	46	0.019558	16.16
833	22	16	46	52	0.01024	24.51
834	22	16	52	58	0.006182	28.42
835	22	16	58	64	0.003757	32.14
836	22	15	29	36	0.123417	12.3
837	22	15	36	43	0.040067	13.54
838	22	15	43	50	0.017073	20.68
839	22	15	50	57	0.009466	28.52
840	22	15	64	71	0.003205	36.11
841	22	14	30	38	0.119281	12.93
842	22	14	38	46	0.037924	15.2
843	22	14	62	70	0.004634	36.16
844	22	13	31	40	0.113104	14.38
845	22	13	40	49	0.034658	19.95
846	22	13	49	58	0.01534	31.59
847	22	12	32	42	0.109217	13.66
848	22	12	42	52	0.03167	21.18
849	22	12	52	62	0.013797	30.53
850	22	12	62	72	0.006551	38.52
851	23	22	25	26	0.165393	2.62
852	23	22	26	27	0.080555	3.76
853	23	22	27	28	0.036062	4.6
854	23	22	28	29	0.022462	4.88
855	23	22	29	30	0.012376	4.98
856	23	22	31	32	0.006821	4.94
857	23	21	27	29	0.088833	5.69
858	23	21	29	31	0.035496	6.07
859	23	21	35	37	0.007905	5.71
860	23	20	26	29	0.2447	5.82
861	23	20	29	32	0.059733	7.25
862	23	20	32	35	0.029105	8.76
863	23	19	31	35	0.052526	9.98
864	23	19	39	43	0.013643	11.36
865	23	19	43	47	0.007592	14.97
866	23	18	33	38	0.04626	10.46
867	23	18	38	43	0.021902	11.23
868	23	18	43	48	0.010951	16.39
869	23	18	48	53	0.006957	23.84
870	23	18	53	58	0.004276	27.78
871	23	18	58	63	0.002867	27.46
872	23	17	47	53	0.010385	24.96
873	23	17	59	65	0.003628	31.93
874	23	16	51	58	0.00945	28.17
875	23	16	58	65	0.005193	32.09
876	23	15	47	55	0.016337	24.11
877	24	23	26	27	0.220191	1.16
878	24	23	27	28	0.072651	1.47
879	24	23	28	29	0.038938	1.68
880	24	23	29	30	0.019518	1.53
881	24	23	30	31	0.014652	0.06
882	24	23	31	32	0.009692	2.01
883	24	23	32	33	0.007611	1.97
884	24	22	30	32	0.041228	3.06
885	24	22	32	34	0.024318	3.41
886	24	22	34	36	0.013181	3.46
887	24	22	36	38	0.009337	1.33
888	24	22	38	40	0.00706	-0.29
889	24	22	40	42	0.005403	0.75
890	24	21	27	30	0.239555	3.62
891	24	21	30	33	0.068224	4.32
892	24	21	33	36	0.031252	4.79
893	24	21	36	39	0.017095	3.39
894	24	21	39	42	0.01143	2.69
895	24	21	42	45	0.006894	4.57
896	24	20	32	36	0.056603	5.91
897	24	20	36	40	0.02565	4.56
898	24	20	40	44	0.014597	4.59
899	24	20	44	48	0.008175	9.3
900	24	20	56	60	0.002677	17.22
901	24	19	39	44	0.022881	6.55
902	24	19	44	49	0.011306	11.79
903	24	19	49	54	0.00746	18.77
904	24	19	54	59	0.004376	20.94
905	24	18	48	54	0.010709	18.25
906	24	17	59	66	0.005269	22.46
907	24	15	51	60	0.015254	25.61
908	25	24	26	27	1.035982	0.38
909	25	24	27	28	0.171248	0.69
910	25	24	28	29	0.068404	1.2
911	25	24	29	30	0.029051	1.16
912	25	24	30	31	0.019436	1.12
913	25	24	31	32	0.012142	1.32
914	25	24	32	33	0.009034	2.03
915	25	23	27	29	0.351223	1.16
916	25	23	29	31	0.082736	1.14
917	25	23	31	33	0.038574	2.15
918	25	23	33	35	0.022169	1.02
919	25	23	37	39	0.009413	-0.68
920	25	23	39	41	0.006819	-2.4
921	25	23	41	43	0.004927	-2.54
922	25	22	28	31	0.234905	2.21
923	25	22	31	34	0.06942	2.92
924	25	22	34	37	0.029006	2.4
925	25	22	37	40	0.018285	0.35
926	25	22	40	43	0.011457	-0.35
927	25	22	43	46	0.007075	2.04
928	25	22	46	49	0.004869	6.96
929	25	21	29	33	0.176992	3.34
930	25	21	41	45	0.014446	3.97
931	25	21	45	49	0.00838	7.92
932	25	21	57	61	0.002802	13.26
933	25	20	35	40	0.048092	3.46
934	25	20	40	45	0.022771	3.82
935	25	20	45	50	0.011731	10.57
936	25	20	50	55	0.007515	15.12
937	25	20	55	60	0.004587	16.84
938	25	19	49	55	0.0108	15.86
939	25	19	55	61	0.00604	15.45
940	25	19	61	67	0.003679	16.96
941	25	18	53	60	0.009095	22.02
942	26	25	27	28	0.856568	-0.08
943	26	25	28	29	0.176229	0.63
944	26	25	29	30	0.054601	0.66
945	26	25	30	31	0.031927	0.52
946	26	25	31	32	0.017919	1.54
947	26	25	32	33	0.012369	2.04
948	26	25	33	34	0.009392	0.83
949	26	24	28	30	0.328189	0.51
950	26	23	29	32	0.209099	0.98
951	26	23	32	35	0.066355	0.98
952	26	23	38	41	0.017513	-3.07
953	26	22	30	34	0.185167	1.95
954	26	22	34	38	0.052839	1.29
955	26	22	38	42	0.027428	-0.84
956	26	22	42	46	0.013963	0.73
957	26	22	46	50	0.008598	6.5
958	26	22	50	54	0.006095	8.38
959	26	22	54	58	0.003807	11.38
960	26	21	36	41	0.049068	0.72
961	26	21	41	46	0.022359	0.87
962	26	21	46	51	0.011858	8.94
963	26	21	51	56	0.007637	12.16
964	26	20	50	56	0.010702	13.07
965	26	19	33	40	0.126974	3.72
966	26	18	58	66	0.007932	23.62
967	26	17	62	71	0.007078	28.02
968	27	26	28	29	1.128455	0.08
969	27	26	29	30	0.174426	0.11
970	27	26	30	31	0.074632	0.66
971	27	26	31	32	0.036618	1.94
972	27	26	32	33	0.022825	2.11
973	27	26	34	35	0.009278	-0.32
974	27	26	35	36	0.007193	1.53
975	27	25	29	31	0.335523	0.33
976	27	25	31	33	0.089781	1.65
977	27	25	33	35	0.040623	1.12
978	27	25	35	37	0.020345	-0.04
979	27	25	37	39	0.013952	-0.36
980	27	25	39	41	0.009545	-1.58
981	27	25	41	43	0.006639	-1.41
982	27	25	43	45	0.004603	-0.26
983	27	24	30	33	0.237052	1.14
984	27	24	33	36	0.06783	0.95
985	27	24	36	39	0.030225	-0.73
986	27	24	39	42	0.018187	-1.89
987	27	24	42	45	0.0103	-0.73
988	27	24	45	48	0.00681	2.43
989	27	24	48	51	0.004899	8.0
990	27	24	51	54	0.003893	8.73
991	27	23	31	35	0.191351	1.65
992	27	23	35	39	0.056482	-0.36
993	27	23	39	43	0.028102	-1.68
994	27	23	43	47	0.014322	0.87
995	27	23	47	51	0.009069	7.63
996	27	23	51	55	0.006329	10.25
997	27	23	55	59	0.004017	14.45
998	27	23	59	63	0.00294	11.62
999	27	22	32	37	0.166042	1.84
1000	27	22	37	42	0.054145	-0.36
1001	27	22	42	47	0.022856	1.68
1002	27	22	47	52	0.013025	9.21
1003	27	22	52	57	0.007938	12.3
1004	27	22	57	62	0.00502	9.54
1005	27	22	62	67	0.003349	13.53
1006	27	21	33	39	0.146413	1.94
1007	27	21	45	51	0.020074	7.62
1008	27	21	51	57	0.011362	12.12
1009	27	21	57	63	0.006456	10.68
1010	27	21	63	69	0.004092	16.11
1011	27	20	48	55	0.018535	13.85
1012	27	20	62	69	0.005414	16.53
1013	27	19	59	67	0.008211	17.91
1014	27	18	63	72	0.007273	22.29
1015	28	27	29	30	0.956272	-0.58
1016	28	27	30	31	0.195261	0.26
1017	28	27	31	32	0.0689	1.72
1018	28	27	32	33	0.035394	2.06
1019	28	27	33	34	0.022567	1.14
1020	28	27	35	36	0.008901	1.6
1021	28	27	36	37	0.006239	2.03
1022	28	26	30	32	0.375352	0.77
1023	28	26	32	34	0.097144	1.78
1024	28	26	34	36	0.03742	2.55
1025	28	26	36	38	0.02155	1.67
1026	28	26	38	40	0.014261	1.71
1027	28	25	31	34	0.242356	1.54
1028	28	25	34	37	0.062449	1.11
1029	28	25	37	40	0.032061	-0.89
1030	28	25	40	43	0.01798	-1.78
1031	28	25	43	46	0.010367	0.26
1032	28	25	49	52	0.005177	9.35
1033	28	25	52	55	0.003785	12.3
1034	28	24	32	36	0.191015	1.42
1035	28	24	40	44	0.027109	-1.95
1036	28	24	44	48	0.013831	2.81
1037	28	23	33	38	0.163998	0.8
1038	28	23	38	43	0.053067	-1.3
1039	28	23	43	48	0.022702	1.26
1040	28	23	48	53	0.013159	7.7
1041	28	23	63	68	0.003331	13.63
1042	28	22	34	40	0.141853	0.92
1043	28	22	40	46	0.046976	0.0
1044	28	22	52	58	0.011355	12.73
1045	28	22	58	64	0.006598	10.12
1046	28	22	64	70	0.004228	12.48
1047	28	21	49	56	0.019135	13.0
1048	28	21	56	63	0.009524	11.69
1049	28	21	63	70	0.005597	11.6
1050	28	20	44	52	0.036703	8.18
1051	28	20	52	60	0.016645	15.88
1052	28	20	60	68	0.008286	14.61
1053	29	28	31	32	0.195913	1.35
1054	29	28	32	33	0.071146	1.94
1055	29	28	33	34	0.037973	1.23
1056	29	28	35	36	0.012832	1.02
1057	29	28	36	37	0.008605	2.01
1058	29	28	37	38	0.007131	2.01
1059	29	27	31	33	0.371075	1.56
1060	29	27	33	35	0.090947	1.81
1061	29	27	35	37	0.036611	1.36
1062	29	27	37	39	0.022008	0.87
1063	29	27	39	41	0.013893	0.61
1064	29	27	41	43	0.009175	0.38
1065	29	27	43	45	0.006117	1.32
1066	29	27	45	47	0.004402	3.94
1067	29	26	32	35	0.24602	1.77
1068	29	26	35	38	0.06627	0.92
1069	29	26	38	41	0.032693	-0.01
1070	29	26	41	44	0.017967	-0.14
1071	29	26	44	47	0.010316	2.83
1072	29	26	47	50	0.007255	8.43
1073	29	26	50	53	0.005379	8.82
1074	29	25	33	37	0.188524	1.42
1075	29	25	37	41	0.059444	-0.06
1076	29	25	41	45	0.026579	0.32
1077	29	25	45	49	0.014001	4.95
1078	29	25	49	53	0.009428	9.93
1079	29	25	53	57	0.00582	11.23
1080	29	25	57	61	0.004071	11.36
1081	29	24	49	54	0.013278	10.94
1082	29	24	54	59	0.007356	13.73
1083	29	24	59	64	0.004837	13.21
1084	29	23	41	47	0.045686	1.47
1085	29	23	53	59	0.011061	14.14
1086	29	22	36	43	0.136267	1.02
1087	29	22	50	57	0.019221	12.11
1088	29	21	45	53	0.037951	9.81
1089	30	29	31	32	0.997678	1.23
1090	30	29	32	33	0.171524	1.42
1091	30	29	33	34	0.063454	1.41
1092	30	29	35	36	0.016753	1.69
1093	30	29	36	37	0.010537	1.8
1094	30	29	37	38	0.008272	2.21
1095	30	28	32	34	0.344002	1.52
1096	30	28	34	36	0.07409	2.52
1097	30	28	36	38	0.034559	1.52
1098	30	28	38	40	0.020061	0.61
1099	30	28	40	42	0.012982	0.58
1100	30	28	42	44	0.007963	0.81
1101	30	27	33	36	0.218921	1.89
1102	30	27	36	39	0.061595	1.67
1103	30	27	39	42	0.030393	1.47
1104	30	27	42	45	0.015462	2.79
1105	30	27	45	48	0.009576	4.57
1106	30	27	48	51	0.006583	8.22
1107	30	27	51	54	0.005027	8.96
1108	30	26	34	38	0.167575	1.16
1109	30	26	38	42	0.057291	-1.03
1110	30	26	46	50	0.013725	5.79
1111	30	26	50	54	0.009106	8.34
1112	30	25	35	40	0.151907	0.73
1113	30	25	40	45	0.049368	0.17
1114	30	25	45	50	0.021634	6.96
1115	30	25	50	55	0.012609	13.12
1116	30	25	60	65	0.004541	14.67
1117	30	24	36	42	0.140347	-0.61
1118	30	23	51	58	0.018603	11.52
1119	30	23	58	65	0.009447	12.42
1120	30	22	38	46	0.12352	0.49
1121	30	22	46	54	0.037714	8.89
1122	30	22	54	62	0.016112	10.47
1123	31	30	32	33	1.382827	0.81
1124	31	30	33	34	0.218479	0.78
1125	31	30	35	36	0.034873	1.54
1126	31	30	36	37	0.019547	1.33
1127	31	30	37	38	0.014337	1.6
1128	31	30	38	39	0.009741	0.78
1129	31	30	39	40	0.007232	1.6
1130	31	29	33	35	0.371293	1.47
1131	31	29	35	37	0.081779	1.89
1132	31	29	37	39	0.038298	1.98
1133	31	29	39	41	0.021055	1.86
1134	31	29	41	43	0.012857	2.33
1135	31	28	34	37	0.210852	2.16
1136	31	28	37	40	0.066776	0.18
1137	31	28	40	43	0.030486	-0.46
1138	31	28	46	49	0.009635	3.38
1139	31	27	35	39	0.178618	0.95
1140	31	27	39	43	0.057	-0.92
1141	31	26	36	41	0.15961	1.29
1142	31	26	41	46	0.049561	1.81
1143	31	26	46	51	0.022224	7.95
1144	31	26	51	56	0.01299	9.92
1145	31	26	56	61	0.007399	11.38
1146	31	25	37	43	0.147544	-0.84
1147	31	24	38	45	0.133279	0.83
1148	31	24	45	52	0.039823	7.51
1149	31	24	52	59	0.018237	12.63
1150	31	24	59	66	0.009378	16.0
1151	31	23	39	47	0.123731	0.96
1152	31	23	47	55	0.038354	9.79
1153	31	23	55	63	0.016258	11.62
1154	32	31	33	34	1.0498	0.24
1155	32	31	34	35	0.145043	2.85
1156	32	31	35	36	0.061134	1.5
1157	32	31	36	37	0.029647	1.81
1158	32	31	37	38	0.019554	1.35
1159	32	31	38	39	0.012395	1.56
1160	32	31	39	40	0.00882	0.81
1161	32	30	34	36	0.304413	2.46
1162	32	30	36	38	0.083175	1.6
1163	32	30	38	40	0.038229	1.01
1164	32	30	40	42	0.021821	0.51
1165	32	30	42	44	0.012469	1.6
1166	32	30	44	46	0.008173	2.92
1167	32	30	46	48	0.005861	5.08
1168	32	30	48	50	0.00448	8.56
1169	32	29	35	38	0.214822	1.68
1170	32	29	38	41	0.064578	1.36
1171	32	29	41	44	0.029179	1.62
1172	32	29	44	47	0.015031	3.6
1173	32	29	50	53	0.006919	10.89
1174	32	29	53	56	0.004643	12.42
1175	32	29	56	59	0.003207	13.17
1176	32	28	36	40	0.176086	1.41
1177	32	28	40	44	0.055312	1.14
1178	32	28	44	48	0.023658	4.04
1179	32	28	48	52	0.013829	9.44
1180	32	28	52	56	0.008722	12.57
1181	32	28	56	60	0.005404	11.88
1182	32	27	37	42	0.16061	1.23
1183	32	27	42	47	0.045984	3.3
1184	32	27	52	57	0.012235	13.34
1185	32	27	67	72	0.003054	23.73
1186	32	26	38	44	0.144494	0.81
1187	32	26	50	56	0.020736	10.54
1188	32	26	56	62	0.01054	9.93
1189	32	25	39	46	0.130941	1.27
1190	32	25	46	53	0.040086	9.13
1191	32	24	40	48	0.120032	2.16
1192	32	24	56	64	0.015778	12.45
1193	32	24	64	72	0.008336	17.19
1194	33	32	35	36	0.223731	0.84
1195	33	32	36	37	0.075664	1.56
1196	33	32	37	38	0.039803	1.71
1197	33	32	38	39	0.022065	2.04
1198	33	32	39	40	0.014543	1.71
1199	33	32	41	42	0.007719	2.07
1200	33	31	35	37	0.390299	1.16
1201	33	31	37	39	0.093901	1.42
1202	33	31	39	41	0.040187	1.08
1203	33	31	41	43	0.021671	0.9
1204	33	31	43	45	0.01262	1.8
1205	33	31	45	47	0.008305	4.4
1206	33	30	36	39	0.242868	1.58
1207	33	30	39	42	0.07048	1.05
1208	33	30	42	45	0.029436	2.46
1209	33	30	45	48	0.016332	5.58
1210	33	30	51	54	0.007566	12.63
1211	33	30	57	60	0.003503	15.77
1212	33	29	37	41	0.193464	1.29
1213	33	29	41	45	0.055378	1.52
1214	33	29	45	49	0.024259	6.01
1215	33	29	49	53	0.014639	9.64
1216	33	29	53	57	0.008452	12.67
1217	33	29	65	69	0.002716	24.48
1218	33	28	38	43	0.164053	1.12
1219	33	28	43	48	0.047115	3.46
1220	33	28	48	53	0.022839	9.87
1221	33	28	53	58	0.011958	12.66
1222	33	28	58	63	0.007196	14.48
1223	33	27	39	45	0.145786	1.58
1224	33	27	45	51	0.042989	7.19
1225	33	27	51	57	0.02059	12.93
1226	33	27	57	63	0.010457	15.42
1227	33	26	40	47	0.132528	1.52
1228	33	26	47	54	0.041763	9.3
1229	33	26	61	68	0.009218	13.44
1230	34	33	35	36	1.539876	1.44
1231	34	33	36	37	0.259001	1.71
1232	34	33	37	38	0.091859	1.35
1233	34	33	38	39	0.041241	1.09
1234	34	33	39	40	0.024349	1.35
1235	34	33	40	41	0.015876	0.95
1236	34	33	42	43	0.007359	1.08
1237	34	32	36	38	0.466086	1.59
1238	34	32	38	40	0.102264	1.35
1239	34	32	40	42	0.045286	1.01
1240	34	32	42	44	0.022563	1.71
1241	34	32	44	46	0.013652	2.34
1242	34	32	46	48	0.009269	5.99
1243	34	32	48	50	0.006765	7.51
1244	34	32	50	52	0.005121	9.42
1245	34	31	37	40	0.274698	1.41
1246	34	31	40	43	0.073259	1.35
1247	34	31	43	46	0.030878	2.64
1248	34	31	46	49	0.016945	6.54
1249	34	31	49	52	0.011325	9.12
1250	34	31	52	55	0.00762	11.1
1251	34	31	58	61	0.003715	13.82
1252	34	30	38	42	0.207544	1.24
1253	34	30	42	46	0.056907	2.55
1254	34	30	46	50	0.02641	7.88
1255	34	30	50	54	0.015681	11.36
1256	34	30	54	58	0.008745	14.61
1257	34	30	58	62	0.005906	14.23
1258	34	30	66	70	0.002854	21.59
1259	34	29	39	44	0.172422	1.36
1260	34	29	44	49	0.048353	5.26
1261	34	29	49	54	0.024282	11.05
1262	34	29	54	59	0.012099	14.1
1263	34	29	59	64	0.007291	14.05
1264	34	28	40	46	0.150523	2.0
1265	34	28	46	52	0.045005	8.69
1266	34	28	52	58	0.020754	12.77
1267	34	28	58	64	0.010699	15.27
1268	34	28	64	70	0.006357	23.75
1269	34	27	41	48	0.134242	3.17
1270	34	27	62	69	0.009347	18.93
1271	35	34	36	37	1.375659	2.62
1272	35	34	37	38	0.243164	1.69
1273	35	34	38	39	0.07299	1.6
1274	35	34	39	40	0.035416	1.46
1275	35	34	40	41	0.020537	1.29
1276	35	34	41	42	0.01373	0.54
1277	35	34	42	43	0.008429	1.58
1278	35	34	43	44	0.006352	0.99
1279	35	33	37	39	0.44914	1.62
1280	35	33	39	41	0.096198	1.47
1281	35	33	41	43	0.040978	1.44
1282	35	33	43	45	0.02099	1.91
1283	35	33	45	47	0.012855	3.48
1284	35	33	47	49	0.008831	6.71
1285	35	33	49	51	0.006506	8.5
1286	35	32	38	41	0.25721	1.47
1287	35	32	41	44	0.070256	1.38
1288	35	32	44	47	0.029653	3.38
1289	35	32	47	50	0.01737	7.98
1290	35	32	53	56	0.007207	13.77
1291	35	32	56	59	0.004749	14.71
1292	35	31	39	43	0.199102	1.32
1293	35	31	43	47	0.054844	3.03
1294	35	31	47	51	0.026084	8.42
1295	35	31	51	55	0.015247	11.83
1296	35	31	55	59	0.008505	15.21
1297	35	31	59	63	0.005597	15.52
1298	35	31	67	71	0.002682	24.05
1299	35	30	40	45	0.167681	1.81
1300	35	30	45	50	0.049182	6.69
1301	35	30	50	55	0.023939	11.85
1302	35	30	55	60	0.012256	14.43
1303	35	30	60	65	0.007107	16.59
1304	35	30	65	70	0.004758	20.67
1305	35	29	41	47	0.144136	2.66
1306	35	29	47	53	0.045466	10.3
1307	35	29	53	59	0.019834	14.94
1308	35	29	59	65	0.010329	17.84
1309	35	28	42	49	0.127407	4.3
1310	35	28	49	56	0.042258	12.87
1311	36	35	37	38	1.335474	2.47
1312	36	35	38	39	0.205633	1.65
1313	36	35	39	40	0.072975	1.47
1314	36	35	40	41	0.035834	1.67
1315	36	35	41	42	0.021776	1.14
1316	36	35	42	43	0.012551	2.15
1317	36	35	43	44	0.009067	1.58
1318	36	35	44	45	0.006282	2.81
1319	36	34	38	40	0.386984	1.64
1320	36	34	40	42	0.091881	1.38
1321	36	34	42	44	0.036437	2.08
1322	36	34	44	46	0.019545	2.07
1323	36	34	46	48	0.012265	5.47
1324	36	34	48	50	0.008481	7.2
1325	36	34	50	52	0.006145	9.3
1326	36	34	52	54	0.004785	10.44
1327	36	33	39	42	0.251879	1.42
1328	36	33	42	45	0.064704	1.97
1329	36	33	45	48	0.029683	4.05
1330	36	33	48	51	0.016887	7.56
1331	36	33	51	54	0.011371	9.48
1332	36	33	57	60	0.004754	13.12
1333	36	32	40	44	0.196123	1.53
1334	36	32	48	52	0.026562	9.24
1335	36	32	52	56	0.015056	12.6
1336	36	32	56	60	0.008572	14.68
1337	36	32	60	64	0.005422	15.48
1338	36	32	64	68	0.003834	20.07
1339	36	32	68	72	0.002683	22.95
1340	36	31	41	46	0.162905	1.53
1341	36	31	46	51	0.048894	7.12
1342	36	31	51	56	0.023901	11.32
1343	36	30	42	48	0.14026	3.6
1344	36	30	48	54	0.046402	11.14
1345	36	30	54	60	0.019817	15.21
1346	36	29	43	50	0.127923	5.21
1347	36	29	50	57	0.041532	13.0
1348	36	29	57	64	0.017384	15.73
1349	36	29	64	71	0.00912	22.23
1350	37	36	38	39	0.986783	2.08
1351	37	36	39	40	0.182617	1.38
1352	37	36	40	41	0.065897	1.81
1353	37	36	41	42	0.034312	1.16
1354	37	36	42	43	0.018114	2.15
1355	37	36	43	44	0.012357	2.27
1356	37	36	44	45	0.008199	2.55
1357	37	36	45	46	0.006267	3.68
1358	37	35	39	41	0.357201	1.53
1359	37	35	41	43	0.086779	1.56
1360	37	35	43	45	0.035941	2.4
1361	37	35	45	47	0.019582	3.92
1362	37	35	47	49	0.012497	6.92
1363	37	35	51	53	0.006573	11.01
1364	37	34	40	43	0.231233	1.62
1365	37	34	43	46	0.061847	2.54
1366	37	34	46	49	0.028092	6.35
1367	37	34	49	52	0.016803	9.5
1368	37	34	52	55	0.010516	12.3
1369	37	34	55	58	0.006355	13.74
1370	37	34	58	61	0.004621	14.0
1371	37	34	61	64	0.003035	16.48
1372	37	33	41	45	0.184725	1.84
1373	37	33	45	49	0.053781	5.46
1374	37	33	49	53	0.026964	10.62
1375	37	33	53	57	0.014028	14.04
1376	37	32	42	47	0.153243	2.82
1377	37	32	47	52	0.05005	8.96
1378	37	32	52	57	0.023203	13.65
1379	37	32	57	62	0.011971	15.54
1380	37	32	62	67	0.006974	19.39
1381	37	32	67	72	0.004527	25.52
1382	37	31	49	55	0.046309	10.95
1383	37	31	55	61	0.019581	14.17
1384	37	30	44	51	0.126757	6.5
1385	37	30	51	58	0.04173	14.13
1386	37	30	58	65	0.017391	17.36
1387	37	30	65	72	0.00917	24.05
1388	38	37	39	40	1.117587	1.53
1389	38	37	40	41	0.198082	1.48
1390	38	37	41	42	0.075921	0.92
1391	38	37	42	43	0.034172	1.74
1392	38	37	43	44	0.021226	1.72
1393	38	37	44	45	0.013273	1.71
1394	38	37	45	46	0.009747	1.44
1395	38	37	46	47	0.006876	4.11
1396	38	36	40	42	0.374107	1.44
1397	38	36	42	44	0.085908	2.08
1398	38	36	44	46	0.037515	2.46
1399	38	36	46	48	0.021016	5.4
1400	38	36	48	50	0.01358	7.43
1401	38	36	50	52	0.009331	9.48
1402	38	36	52	54	0.006988	11.65
1403	38	36	54	56	0.00459	13.26
1404	38	35	41	44	0.23949	1.52
1405	38	35	44	47	0.064022	3.15
1406	38	35	47	50	0.031071	7.23
1407	38	35	50	53	0.01802	10.27
1408	38	35	53	56	0.010733	13.48
1409	38	35	56	59	0.006669	15.02
1410	38	35	59	62	0.004757	15.54
1411	38	35	62	65	0.00323	19.07
1412	38	34	42	46	0.17935	2.31
1413	38	34	46	50	0.055371	6.87
1414	38	34	50	54	0.027273	11.0
1415	38	34	54	58	0.013629	14.29
1416	38	34	62	66	0.00524	19.14
1417	38	34	66	70	0.003702	26.28
1418	38	33	43	48	0.158303	3.15
1419	38	33	48	53	0.051923	9.35
1420	38	33	53	58	0.022783	13.58
1421	38	33	58	63	0.012114	14.12
1422	38	33	63	68	0.007092	19.82
1423	38	32	50	56	0.047314	12.12
1424	38	32	56	62	0.019789	15.55
1425	38	32	62	68	0.010348	21.09
1426	39	38	40	41	1.033187	1.97
1427	39	38	41	42	0.197676	1.01
1428	39	38	42	43	0.064995	1.89
1429	39	38	43	44	0.03461	1.75
1430	39	38	44	45	0.019714	1.69
1431	39	38	45	46	0.013664	1.89
1432	39	38	46	47	0.009243	3.09
1433	39	38	47	48	0.007345	4.88
1434	39	37	41	43	0.372762	1.2
1435	39	37	43	45	0.08885	1.78
1436	39	37	45	47	0.03957	3.12
1437	39	37	47	49	0.022607	6.0
1438	39	37	49	51	0.014712	8.4
1439	39	37	51	53	0.010491	10.56
1440	39	36	42	45	0.226652	1.95
1441	39	36	45	48	0.067351	3.92
1442	39	36	48	51	0.031956	7.98
1443	39	36	51	54	0.019258	10.62
1444	39	36	54	57	0.010574	12.84
1445	39	36	57	60	0.007088	15.25
1446	39	36	60	63	0.004702	15.09
1447	39	35	43	47	0.183894	2.5
1448	39	35	47	51	0.058589	7.21
1449	39	35	51	55	0.028506	11.0
1450	39	35	55	59	0.01418	13.42
1451	39	35	59	63	0.008604	15.24
1452	39	35	63	67	0.005482	20.76
1453	39	35	67	71	0.003755	26.01
1454	39	34	49	54	0.053722	10.2
1455	39	34	54	59	0.022255	14.05
1456	39	34	59	64	0.011863	16.0
1457	39	33	51	57	0.047963	12.57
1458	39	33	57	63	0.019928	14.96
1459	39	33	63	69	0.01046	19.82
1460	40	39	41	42	1.126274	1.35
1461	40	39	42	43	0.172904	2.03
1462	40	39	43	44	0.067702	1.71
1463	40	39	44	45	0.032981	1.4
1464	40	39	45	46	0.020911	2.23
1465	40	39	46	47	0.013263	3.24
1466	40	39	48	49	0.007132	5.83
1467	40	38	42	44	0.340045	1.86
1468	40	38	44	46	0.08731	1.5
1469	40	38	46	48	0.039972	3.88
1470	40	38	48	50	0.023193	5.76
1471	40	38	50	52	0.014807	7.53
1472	40	38	52	54	0.010545	10.32
1473	40	38	54	56	0.006685	12.43
1474	40	37	43	46	0.233795	1.74
1475	40	37	46	49	0.069262	4.75
1476	40	37	49	52	0.034671	7.85
1477	40	37	52	55	0.019522	10.8
1478	40	37	55	58	0.010933	13.11
1479	40	37	58	61	0.007474	14.65
1480	40	36	44	48	0.185766	2.97
1481	40	36	48	52	0.060937	8.05
1482	40	36	52	56	0.028851	12.3
1483	40	36	56	60	0.014567	15.06
1484	40	36	60	64	0.008496	17.16
1485	40	36	64	68	0.005715	23.14
1486	40	35	50	55	0.054679	11.05
1487	40	35	55	60	0.023145	14.62
1488	40	35	60	65	0.011868	18.06
1489	40	35	65	70	0.00739	24.75
1490	40	34	52	58	0.047385	13.68
1491	40	34	58	64	0.019884	17.33
1492	40	34	64	70	0.01052	24.32
1493	41	40	42	43	0.933393	2.73
1494	41	40	43	44	0.177329	1.56
1495	41	40	44	45	0.064554	1.2
1496	41	40	45	46	0.035438	1.35
1497	41	40	46	47	0.020455	2.79
1498	41	40	47	48	0.014636	2.98
1499	41	40	49	50	0.008146	5.01
1500	41	39	43	45	0.342438	1.46
1501	41	39	45	47	0.090108	2.08
1502	41	39	47	49	0.04182	4.08
1503	41	39	49	51	0.024406	6.23
1504	41	39	51	53	0.016082	7.43
1505	41	39	53	55	0.010124	9.88
1506	41	39	55	57	0.006754	10.67
1507	41	38	44	47	0.230189	1.86
1508	41	38	47	50	0.073405	5.13
1509	41	38	50	53	0.035461	8.27
1510	41	38	53	56	0.019055	11.54
1511	41	38	56	59	0.010939	13.79
1512	41	38	59	62	0.007372	14.5
1513	41	38	62	65	0.004796	17.58
1514	41	37	45	49	0.194025	3.39
1515	41	37	53	57	0.028633	12.03
1516	41	37	57	61	0.015276	13.75
1517	41	37	61	65	0.008565	18.5
1518	41	37	65	69	0.005967	23.46
1519	41	36	51	56	0.056904	11.08
1520	41	36	56	61	0.023564	14.4
1521	41	36	61	66	0.012018	18.95
1522	41	35	53	59	0.047322	13.79
1523	41	35	59	65	0.020034	18.25
1524	42	41	43	44	0.981958	2.33
1525	42	41	44	45	0.169171	1.08
1526	42	41	45	46	0.070237	1.2
1527	42	41	46	47	0.034748	2.71
1528	42	41	47	48	0.02272	2.76
1529	42	41	48	49	0.014561	3.66
1530	42	40	44	46	0.33923	1.08
1531	42	40	46	48	0.092575	2.67
1532	42	40	48	50	0.044105	4.21
1533	42	40	50	52	0.025087	5.82
1534	42	40	52	54	0.016618	7.86
1535	42	40	54	56	0.01	10.06
1536	42	40	56	58	0.006695	9.23
1537	42	40	58	60	0.005183	10.04
1538	42	39	45	48	0.242452	2.1
1539	42	39	48	51	0.075344	5.07
1540	42	39	51	54	0.037744	7.86
1541	42	39	54	57	0.018621	10.27
1542	42	39	57	60	0.011472	11.07
1543	42	38	46	50	0.199782	4.0
1544	42	38	54	58	0.028089	12.15
1545	42	38	58	62	0.015399	13.48
1546	42	38	62	66	0.008869	17.98
1547	42	38	66	70	0.005928	21.29
1548	42	37	52	57	0.057671	11.08
1549	42	37	57	62	0.024243	13.48
1550	42	37	62	67	0.012572	18.04
1551	42	37	67	72	0.007564	21.42
1552	42	36	54	60	0.047779	13.92
1553	42	36	60	66	0.020295	18.66
1554	43	42	44	45	0.790479	1.64
1555	43	42	45	46	0.165206	1.06
1556	43	42	46	47	0.061093	2.11
1557	43	42	47	48	0.034467	2.07
1558	43	42	48	49	0.020309	2.52
1559	43	42	49	50	0.01507	2.96
1560	43	42	51	52	0.00792	4.44
1561	43	41	45	47	0.331162	1.44
1562	43	41	47	49	0.092071	2.55
1563	43	41	49	51	0.04427	4.35
1564	43	41	55	57	0.009593	9.04
1565	43	41	57	59	0.006614	11.19
1566	43	40	46	49	0.232839	2.7
1567	43	40	49	52	0.077584	5.26
1568	43	40	52	55	0.036433	8.49
1569	43	40	58	61	0.011453	11.34
1570	43	40	61	64	0.006816	14.23
1571	43	40	64	67	0.005019	18.59
1572	43	39	47	51	0.20246	4.09
1573	43	39	51	55	0.06743	8.38
1574	43	39	55	59	0.027861	11.71
1575	43	39	59	63	0.014979	13.34
1576	43	39	63	67	0.00884	18.5
1577	43	39	67	71	0.005739	20.96
1578	43	38	53	58	0.055109	11.19
1579	43	38	58	63	0.023904	13.29
1580	43	38	63	68	0.012481	18.34
1581	44	43	45	46	0.910493	1.4
1582	44	43	46	47	0.164078	2.19
1583	44	43	47	48	0.069516	1.65
1584	44	43	48	49	0.035835	1.69
1585	44	43	49	50	0.024498	2.33
1586	44	43	50	51	0.015109	3.3
1587	44	43	51	52	0.011628	3.1
1588	44	43	52	53	0.008874	4.51
1589	44	42	46	48	0.329061	2.04
1590	44	42	48	50	0.09574	2.15
1591	44	42	50	52	0.044558	3.71
1592	44	42	52	54	0.026457	5.04
1593	44	42	54	56	0.014763	6.2
1594	44	42	56	58	0.009291	6.46
1595	44	42	58	60	0.006886	7.8
1596	44	42	60	62	0.004699	9.11
1597	44	41	47	50	0.248394	2.37
1598	44	41	50	53	0.079336	5.1
1599	44	41	53	56	0.035733	7.89
1600	44	41	56	59	0.01812	9.77
1601	44	41	59	62	0.011229	10.11
1602	44	41	62	65	0.006874	13.25
1603	44	41	65	68	0.00508	18.2
1604	44	41	68	71	0.00351	17.54
1605	44	40	48	52	0.209374	3.87
1606	44	40	56	60	0.028078	10.8
1607	44	40	60	64	0.014512	13.54
1608	44	40	64	68	0.009033	19.62
1609	44	39	54	59	0.054417	11.07
1610	44	39	59	64	0.023736	13.74
1611	44	39	64	69	0.012786	19.79
1612	45	44	47	48	0.165224	1.42
1613	45	44	48	49	0.065157	1.4
1614	45	44	49	50	0.038925	1.77
1615	45	44	50	51	0.022047	2.56
1616	45	44	51	52	0.016021	3.24
1617	45	44	53	54	0.008457	4.67
1618	45	43	47	49	0.335626	1.48
1619	45	43	49	51	0.100605	2.34
1620	45	43	51	53	0.048296	3.88
1621	45	43	53	55	0.025553	5.55
1622	45	43	57	59	0.009638	8.01
1623	45	43	59	61	0.00702	7.12
1624	45	42	48	51	0.246821	2.19
1625	45	42	51	54	0.082278	4.57
1626	45	42	54	57	0.033914	7.53
1627	45	42	57	60	0.018389	8.12
1628	45	42	60	63	0.010633	9.06
1629	45	42	63	66	0.006946	12.2
1630	45	42	69	72	0.003449	16.42
1631	45	41	49	53	0.219076	3.71
1632	45	41	53	57	0.065339	7.51
1633	45	41	57	61	0.028351	9.48
1634	45	41	61	65	0.014109	11.98
1635	45	41	65	69	0.009145	16.86
1636	45	40	55	60	0.054882	10.05
1637	45	40	60	65	0.023027	13.07
1638	45	40	65	70	0.012861	18.77
1639	46	45	47	48	0.847548	1.72
1640	46	45	48	49	0.167248	1.03
1641	46	45	49	50	0.076795	1.27
1642	46	45	50	51	0.037833	2.0
1643	46	45	51	52	0.025305	2.15
1644	46	45	54	55	0.008163	5.05
1645	46	44	48	50	0.347978	1.2
1646	46	44	50	52	0.101216	2.28
1647	46	44	52	54	0.049972	3.71
1648	46	44	54	56	0.025127	5.13
1649	46	44	58	60	0.010183	7.25
1650	46	44	60	62	0.006653	8.48
1651	46	43	49	52	0.268064	2.08
1652	46	43	52	55	0.084122	4.71
1653	46	43	55	58	0.034818	7.1
1654	46	43	58	61	0.019282	8.28
1655	46	43	61	64	0.010539	11.1
1656	46	43	67	70	0.005073	15.63
1657	46	42	50	54	0.222151	3.54
1658	46	42	54	58	0.063862	7.37
1659	46	42	58	62	0.028455	8.7
1660	46	42	62	66	0.014511	11.98
1661	46	42	66	70	0.009032	15.86
1662	46	41	56	61	0.055021	8.96
1663	46	41	61	66	0.023008	12.99
1664	46	41	66	71	0.012685	18.03
1665	47	46	48	49	0.80505	1.4
1666	47	46	49	50	0.188275	0.9
1667	47	46	50	51	0.07112	1.36
1668	47	46	51	52	0.041698	1.32
1669	47	46	52	53	0.026676	2.1
1670	47	46	53	54	0.017629	2.59
1671	47	46	54	55	0.011348	3.19
1672	47	46	55	56	0.008601	4.47
1673	47	45	49	51	0.373964	1.11
1674	47	45	51	53	0.111287	1.92
1675	47	45	53	55	0.049348	3.22
1676	47	45	55	57	0.025747	4.09
1677	47	45	57	59	0.015296	4.84
1678	47	45	59	61	0.010527	4.77
1679	47	45	61	63	0.006544	5.59
1680	47	45	63	65	0.004788	8.1
1681	47	44	50	53	0.269986	2.03
1682	47	44	53	56	0.083404	4.21
1683	47	44	56	59	0.034711	6.04
1684	47	44	59	62	0.019081	6.87
1685	47	44	62	65	0.010787	8.64
1686	47	44	68	71	0.005042	14.6
1687	47	43	51	55	0.234342	3.27
1688	47	43	55	59	0.065576	6.38
1689	47	43	59	63	0.028658	8.01
1690	47	43	63	67	0.015001	12.36
1691	47	43	67	71	0.009067	14.14
1692	47	42	57	62	0.055374	7.86
1693	47	42	62	67	0.023491	12.51
1694	47	42	67	72	0.012721	16.25
1695	48	47	49	50	0.928556	1.36
1696	48	47	50	51	0.176836	1.2
1697	48	47	51	52	0.082127	1.01
1698	48	47	52	53	0.046561	1.53
1699	48	47	53	54	0.028758	1.42
1700	48	47	54	55	0.017608	2.16
1701	48	47	55	56	0.012868	2.67
1702	48	47	56	57	0.008794	2.97
1703	48	46	50	52	0.371726	1.17
1704	48	46	52	54	0.119664	1.88
1705	48	46	54	56	0.050487	3.06
1706	48	46	56	58	0.026172	3.57
1707	48	46	58	60	0.016796	4.09
1708	48	46	60	62	0.010364	4.04
1709	48	46	62	64	0.006914	5.21
1710	48	46	64	66	0.005288	7.89
1711	48	45	51	54	0.298503	1.77
1712	48	45	54	57	0.084595	3.96
1713	48	45	57	60	0.037488	5.05
1714	48	45	60	63	0.019233	5.67
1715	48	45	63	66	0.011623	9.06
1716	48	45	66	69	0.007875	11.79
1717	48	44	52	56	0.245156	3.09
1718	48	44	60	64	0.028609	6.78
1719	48	44	64	68	0.015869	10.54
1720	48	44	68	72	0.009448	11.67
1721	49	48	50	51	0.680744	1.78
1722	49	48	51	52	0.175474	1.05
1723	49	48	52	53	0.078989	1.53
1724	49	48	53	54	0.043779	1.33
1725	49	48	54	55	0.025009	2.01
1726	49	48	55	56	0.01737	2.42
1727	49	48	56	57	0.01139	2.44
1728	49	48	57	58	0.00825	3.79
1729	49	47	51	53	0.382965	1.17
1730	49	47	53	55	0.115158	1.95
1731	49	47	55	57	0.050451	2.98
1732	49	47	57	59	0.026645	3.62
1733	49	47	59	61	0.016985	3.92
1734	49	47	61	63	0.009971	5.01
1735	49	47	63	65	0.007001	6.98
1736	49	47	65	67	0.005501	8.21
1737	49	46	52	55	0.296275	1.92
1738	49	46	55	58	0.084702	3.42
1739	49	46	58	61	0.03839	4.2
1740	49	46	61	64	0.01865	5.62
1741	49	46	64	67	0.012062	8.28
1742	49	46	67	70	0.007902	10.17
1743	49	45	53	57	0.240647	2.94
1744	49	45	57	61	0.069457	4.74
1745	49	45	61	65	0.028321	6.76
1746	49	45	65	69	0.016419	10.62
1747	50	49	51	52	0.828896	1.89
1748	50	49	52	53	0.198852	1.53
1749	50	49	53	54	0.089589	1.14
1750	50	49	54	55	0.04579	1.77
1751	50	49	55	56	0.029613	1.77
1752	50	49	56	57	0.018374	2.28
1753	50	49	57	58	0.012737	2.28
1754	50	49	58	59	0.009629	3.09
1755	50	48	52	54	0.411106	1.46
1756	50	48	54	56	0.117805	2.08
1757	50	48	56	58	0.050796	2.76
1758	50	48	58	60	0.02896	3.13
1759	50	48	60	62	0.016513	3.21
1760	50	48	62	64	0.010416	4.5
1761	50	48	64	66	0.007638	6.24
1762	50	48	66	68	0.005589	8.0
1763	50	47	53	56	0.310249	1.91
1764	50	47	56	59	0.087571	3.25
1765	50	47	59	62	0.039619	3.84
1766	50	47	62	65	0.019844	5.83
1767	50	47	65	68	0.012878	8.89
1768	50	47	68	71	0.008156	10.0
1769	50	46	54	58	0.245052	2.88
1770	50	46	58	62	0.072568	4.16
1771	50	46	62	66	0.030252	7.15
1772	50	46	66	70	0.016865	10.41
1773	51	50	53	54	0.191825	1.22
1774	51	50	54	55	0.07956	1.65
1775	51	50	55	56	0.045929	1.72
1776	51	50	56	57	0.026428	2.13
1777	51	50	57	58	0.01726	2.17
1778	51	50	58	59	0.012511	2.56
1779	51	50	59	60	0.009546	2.82
1780	51	49	53	55	0.406645	1.4
1781	51	49	55	57	0.120362	2.04
1782	51	49	57	59	0.05215	2.62
1783	51	49	59	61	0.02965	2.91
1784	51	49	61	63	0.016005	3.85
1785	51	49	63	65	0.010613	5.82
1786	51	49	65	67	0.007984	7.46
1787	51	49	67	69	0.005705	8.65
1788	51	48	54	57	0.29951	2.07
1789	51	48	57	60	0.089272	3.04
1790	51	48	60	63	0.037789	3.57
1791	51	48	63	66	0.020261	6.46
1792	51	48	66	69	0.01274	8.1
1793	51	48	69	72	0.008086	8.52
1794	51	47	55	59	0.249385	2.83
1795	51	47	59	63	0.072564	4.12
1796	51	47	63	67	0.03107	7.67
1797	51	47	67	71	0.01683	10.08
1798	52	51	53	54	0.824507	1.81
1799	52	51	54	55	0.194722	1.5
1800	52	51	55	56	0.091814	1.41
1801	52	51	56	57	0.047295	1.72
1802	52	51	57	58	0.02855	2.08
1803	52	51	58	59	0.019563	2.21
1804	52	51	59	60	0.014354	2.55
1805	52	51	60	61	0.009967	2.76
1806	52	50	54	56	0.41186	1.54
1807	52	50	56	58	0.119535	2.0
1808	52	50	58	60	0.055979	2.59
1809	52	50	60	62	0.028395	2.92
1810	52	50	62	64	0.016465	4.51
1811	52	50	64	66	0.011385	6.27
1812	52	50	66	68	0.007987	7.62
1813	52	50	68	70	0.00578	8.75
1814	52	49	55	58	0.317819	1.97
1815	52	49	58	61	0.095656	2.76
1816	52	49	61	64	0.038018	4.19
1817	52	49	64	67	0.021782	7.21
1818	52	49	67	70	0.013209	8.6
1819	52	48	56	60	0.255044	2.71
1820	52	48	60	64	0.071748	3.85
1821	52	48	64	68	0.032562	7.54
1822	52	48	68	72	0.017334	8.97
1823	53	52	54	55	0.790252	1.53
1824	53	52	55	56	0.211678	1.02
1825	53	52	56	57	0.089325	1.12
1826	53	52	57	58	0.047824	1.33
1827	53	52	58	59	0.030346	1.71
1828	53	52	59	60	0.021145	1.88
1829	53	52	60	61	0.014085	1.47
1830	53	52	61	62	0.009237	2.56
1831	53	51	55	57	0.439962	1.2
1832	53	51	57	59	0.1263	1.68
1833	53	51	59	61	0.059574	2.03
1834	53	51	61	63	0.028505	2.67
1835	53	51	63	65	0.017467	4.3
1836	53	51	65	67	0.012395	5.99
1837	53	51	67	69	0.008487	7.23
1838	53	51	69	71	0.005877	7.81
1839	53	50	56	59	0.318969	1.69
1840	53	50	59	62	0.096792	2.25
1841	53	50	62	65	0.039471	4.38
1842	53	50	65	68	0.022743	6.81
1843	53	50	68	71	0.013323	7.02
1844	54	53	55	56	0.865142	1.33
1845	54	53	56	57	0.200964	0.99
1846	54	53	57	58	0.085085	0.98
1847	54	53	58	59	0.047549	1.24
1848	54	53	59	60	0.030649	1.64
1849	54	53	60	61	0.019278	0.84
1850	54	53	61	62	0.012105	2.16
1851	54	53	62	63	0.009025	2.97
1852	54	52	56	58	0.422981	1.05
1853	54	52	58	60	0.129718	1.44
1854	54	52	60	62	0.054737	1.5
1855	54	52	62	64	0.028301	2.79
1856	54	52	64	66	0.01815	4.68
1857	54	52	66	68	0.012047	5.34
1858	54	52	68	70	0.008379	6.51
1859	54	52	70	72	0.005926	6.75
1860	54	51	57	60	0.325083	1.46
1861	54	51	60	63	0.09302	1.95
1862	54	51	63	66	0.04095	4.32
1863	54	51	66	69	0.022958	5.94
1864	54	51	69	72	0.013521	5.56
1865	55	54	56	57	0.791103	1.06
1866	55	54	57	58	0.18851	0.9
1867	55	54	58	59	0.083785	1.27
1868	55	54	59	60	0.04776	1.36
1869	55	54	60	61	0.027571	1.01
1870	55	54	61	62	0.016296	1.32
1871	55	54	62	63	0.01161	1.53
1872	55	54	63	64	0.008316	2.43
1873	55	53	57	59	0.404768	1.02
1874	55	53	59	61	0.125281	1.24
1875	55	53	61	63	0.049075	1.95
1876	55	53	63	65	0.026808	2.97
1877	55	53	65	67	0.017651	4.32
1878	55	53	67	69	0.011416	4.75
1879	55	53	69	71	0.00758	4.72
1880	55	52	58	61	0.322039	1.27
1881	55	52	61	64	0.085901	2.21
1882	55	52	64	67	0.040733	4.38
1883	55	52	67	70	0.022048	6.06
1884	56	55	57	58	0.885697	0.26
1885	56	55	58	59	0.211746	0.85
1886	56	55	59	60	0.095728	1.24
1887	56	55	60	61	0.048332	0.99
1888	56	55	61	62	0.026172	1.2
1889	56	55	62	63	0.017592	1.33
1890	56	55	63	64	0.01206	3.06
1891	56	55	64	65	0.008999	2.17
1892	56	54	58	60	0.438923	1.02
1893	56	54	60	62	0.118442	1.11
1894	56	54	62	64	0.049581	2.04
1895	56	54	64	66	0.028165	3.44
1896	56	54	66	68	0.017195	4.65
1897	56	54	68	70	0.011266	5.55
1898	56	54	70	72	0.007627	4.95
1899	56	53	59	62	0.323869	1.17
1900	56	53	62	65	0.086136	2.43
1901	56	53	65	68	0.040937	4.56
1902	56	53	68	71	0.021306	5.7
1903	57	56	58	59	0.875019	0.72
1904	57	56	59	60	0.224893	0.84
1905	57	56	60	61	0.089568	0.69
1906	57	56	61	62	0.042595	1.27
1907	57	56	62	63	0.026258	1.72
1908	57	56	63	64	0.016963	2.42
1909	57	56	64	65	0.012115	3.45
1910	57	56	65	66	0.009484	4.2
1911	57	55	59	61	0.458296	0.84
1912	57	55	61	63	0.112623	1.44
1913	57	55	63	65	0.050126	2.47
1914	57	55	65	67	0.029215	3.84
1915	57	55	67	69	0.017311	4.98
1916	57	55	69	71	0.010826	4.98
1917	57	54	60	63	0.305923	1.08
1918	57	54	63	66	0.087087	2.86
1919	57	54	66	69	0.039878	4.46
1920	57	54	69	72	0.020759	5.15
1921	58	57	59	60	0.99169	0.73
1922	58	57	60	61	0.221587	0.77
1923	58	57	61	62	0.083173	1.24
1924	58	57	62	63	0.045039	1.75
1925	58	57	63	64	0.026826	2.15
1926	58	57	64	65	0.018103	3.0
1927	58	57	65	66	0.01359	3.12
1928	58	57	66	67	0.009526	4.29
1929	58	56	60	62	0.436906	0.95
1930	58	56	62	64	0.115118	1.88
1931	58	56	64	66	0.053324	2.98
1932	58	56	66	68	0.028818	3.74
1933	58	56	68	70	0.017288	5.82
1934	58	56	70	72	0.010977	4.74
1935	59	58	60	61	0.999411	1.03
1936	59	58	61	62	0.204511	1.06
1937	59	58	62	63	0.087152	1.5
1938	59	58	63	64	0.045759	2.0
1939	59	58	64	65	0.028523	2.07
1940	59	58	65	66	0.020303	3.51
1941	59	58	66	67	0.013606	2.96
1942	59	58	67	68	0.009753	4.33
1943	59	57	61	63	0.419729	1.24
1944	59	57	63	65	0.119236	2.13
1945	59	57	65	67	0.057042	3.27
1946	59	57	67	69	0.029844	4.3
1947	59	57	69	71	0.017154	4.57
1948	60	59	61	62	0.918386	1.02
1949	60	59	62	63	0.212831	1.27
1950	60	59	63	64	0.088516	1.68
1951	60	59	64	65	0.04871	1.68
1952	60	59	65	66	0.032089	2.67
1953	60	59	66	67	0.020258	2.58
1954	60	59	67	68	0.013926	2.64
1955	60	59	68	69	0.010229	4.6
1956	60	58	62	64	0.43414	1.47
1957	60	58	64	66	0.129659	2.17
1958	60	58	66	68	0.05757	3.06
1959	60	58	68	70	0.030635	4.77
1960	60	58	70	72	0.017888	4.2
1961	61	60	62	63	0.949792	1.91
1962	61	60	63	64	0.210108	1.47
1963	61	60	64	65	0.091157	1.3
1964	61	60	65	66	0.05307	2.11
1965	61	60	66	67	0.030682	2.11
1966	61	60	67	68	0.019896	2.52
1967	61	60	68	69	0.013946	4.19
1968	61	60	69	70	0.009729	4.77
1969	61	59	63	65	0.438329	1.48
1970	61	59	65	67	0.136128	2.27
1971	61	59	67	69	0.05801	3.24
1972	61	59	69	71	0.029533	3.93
1973	62	61	63	64	0.843227	2.21
1974	62	61	64	65	0.202267	0.99
1975	62	61	65	66	0.094092	1.59
1976	62	61	66	67	0.047759	1.62
1977	62	61	67	68	0.028578	2.04
1978	62	61	68	69	0.018851	2.96
1979	62	61	69	70	0.012572	3.39
1980	62	61	70	71	0.008641	2.31
1981	62	60	64	66	0.440386	1.3
1982	62	60	66	68	0.126909	1.92
1983	62	60	68	70	0.055109	3.51
1984	62	60	70	72	0.028327	3.69
1985	63	62	64	65	0.859126	1.35
1986	63	62	65	66	0.225199	1.29
1987	63	62	66	67	0.090849	1.11
1988	63	62	67	68	0.048423	1.38
1989	63	62	68	69	0.029495	2.47
1990	63	62	69	70	0.018618	2.61
1991	63	62	70	71	0.012268	3.27
1992	63	62	71	72	0.009508	3.27
1993	64	63	65	66	0.963757	1.6
1994	64	63	66	67	0.206567	0.84
1995	64	63	67	68	0.089131	1.03
1996	64	63	68	69	0.048051	2.28
1997	64	63	69	70	0.027998	2.19
1998	64	63	70	71	0.017424	1.42
1999	64	63	71	72	0.012891	2.85
2000	65	64	66	67	0.819949	0.72
2001	65	64	67	68	0.206907	0.84
2002	65	64	68	69	0.091117	1.95
2003	65	64	69	70	0.0474	1.91
2004	65	64	70	71	0.027327	1.12
2005	65	64	71	72	0.019044	2.71
2006	66	65	67	68	0.854373	0.83
2007	66	65	68	69	0.219807	1.94
2008	66	65	69	70	0.093641	1.69
2009	66	65	70	71	0.048244	0.89
2010	66	65	71	72	0.030924	2.29
2011	67	66	68	69	0.906576	2.37
2012	67	66	69	70	0.215563	1.38
2013	67	66	70	71	0.089988	0.63
2014	67	66	71	72	0.050913	2.06
