2465
1	2	1	3	4	0.934514	1.01
2	2	1	4	5	0.23331	0.84
3	2	1	5	6	0.107649	2.29
4	2	1	6	7	0.054602	2.28
5	2	1	7	8	0.033621	2.49
6	2	1	8	9	0.021967	2.97
7	2	1	9	10	0.013846	2.21
8	2	1	10	11	0.01095	4.77
9	3	2	5	6	0.233075	2.01
10	3	2	6	7	0.096452	2.03
11	3	2	7	8	0.052913	2.04
12	3	2	8	9	0.032041	2.58
13	3	2	9	10	0.019161	1.53
14	3	2	10	11	0.014399	4.44
15	3	2	11	12	0.009066	3.04
16	3	1	5	7	0.491554	2.08
17	3	1	7	9	0.140559	2.34
18	3	1	9	11	0.058378	2.62
19	3	1	11	13	0.028554	3.36
20	3	1	13	15	0.015628	3.74
21	3	1	15	17	0.010416	2.83
22	3	1	17	19	0.006494	3.42
23	3	1	19	21	0.004228	4.05
24	4	3	5	6	0.876224	1.97
25	4	3	6	7	0.230479	1.75
26	4	3	7	8	0.105136	1.69
27	4	3	8	9	0.057647	2.49
28	4	3	9	10	0.032298	1.4
29	4	3	10	11	0.023058	3.41
30	4	3	11	12	0.013945	2.83
31	4	3	12	13	0.010143	3.74
32	4	2	6	8	0.484765	1.8
33	4	2	8	10	0.141165	2.16
34	4	2	10	12	0.060488	3.33
35	4	2	12	14	0.028791	3.79
36	4	2	14	16	0.016529	3.22
37	4	2	16	18	0.009945	3.18
38	4	2	18	20	0.006681	3.34
39	4	2	20	22	0.004361	1.71
40	4	1	7	10	0.368521	2.01
41	4	1	10	13	0.101098	3.54
42	4	1	13	16	0.03816	3.41
43	4	1	16	19	0.018991	3.13
44	4	1	19	22	0.01	3.12
45	4	1	22	25	0.005954	5.42
46	4	1	25	28	0.003794	2.49
47	4	1	28	31	0.002498	0.45
48	5	4	6	7	0.754624	1.4
49	5	4	7	8	0.217894	1.38
50	5	4	8	9	0.099968	2.17
51	5	4	9	10	0.05078	1.23
52	5	4	10	11	0.033928	3.3
53	5	4	11	12	0.019364	2.1
54	5	4	12	13	0.013467	3.48
55	5	4	13	14	0.008916	3.79
56	5	3	7	9	0.48043	1.74
57	5	3	9	11	0.140065	2.16
58	5	3	11	13	0.056945	2.82
59	5	3	13	15	0.027725	3.57
60	5	3	15	17	0.017023	3.31
61	5	3	17	19	0.010037	3.24
62	5	3	19	21	0.006272	4.06
63	5	3	21	23	0.004403	4.41
64	5	2	8	11	0.363141	2.29
65	5	2	11	14	0.0936	3.06
66	5	2	14	17	0.038144	3.29
67	5	2	17	20	0.018146	3.33
68	5	2	20	23	0.009871	3.15
69	5	2	23	26	0.005803	3.93
70	5	2	26	29	0.003638	3.93
71	5	2	29	32	0.002507	4.92
72	5	1	9	13	0.283853	2.52
73	5	1	13	17	0.07083	3.33
74	5	1	17	21	0.027067	3.24
75	5	1	21	25	0.012711	4.35
76	5	1	25	29	0.006766	2.47
77	5	1	29	33	0.003937	3.6
78	5	1	33	37	0.0023	3.36
79	6	5	7	8	0.835228	1.19
80	6	5	8	9	0.239158	2.01
81	6	5	9	10	0.101541	0.93
82	6	5	10	11	0.061502	3.33
83	6	5	11	12	0.032427	2.22
84	6	5	12	13	0.021167	3.51
85	6	5	13	14	0.01337	3.36
86	6	5	14	15	0.009495	3.74
87	6	4	8	10	0.491212	1.72
88	6	4	10	12	0.147225	2.96
89	6	4	12	14	0.056926	3.42
90	6	4	14	16	0.029007	3.22
91	6	4	16	18	0.016136	3.29
92	6	4	18	20	0.010269	3.18
93	6	4	20	22	0.006415	2.67
94	6	4	22	24	0.00437	3.24
95	6	3	9	12	0.368675	2.03
96	6	3	12	15	0.09539	3.46
97	6	3	15	18	0.039214	2.96
98	6	3	18	21	0.018876	3.27
99	6	3	21	24	0.010199	3.48
100	6	3	24	27	0.005772	3.56
101	6	3	27	30	0.003702	4.75
102	6	3	30	33	0.002507	1.91
103	6	2	10	14	0.293299	3.22
104	6	2	14	18	0.07163	3.19
105	6	2	18	22	0.027741	3.36
106	6	2	22	26	0.012632	3.56
107	6	2	26	30	0.006551	4.41
108	6	2	30	34	0.003841	5.05
109	6	2	34	38	0.0023	5.07
110	6	2	38	42	0.00137	0.78
111	6	1	11	16	0.228458	3.09
112	6	1	16	21	0.056044	3.15
113	6	1	21	26	0.020617	3.65
114	6	1	26	31	0.009184	4.51
115	6	1	31	36	0.004729	3.53
116	6	1	36	41	0.002611	2.69
117	6	1	41	46	0.001403	3.68
118	6	1	46	51	0.000861	9.09
119	7	6	8	9	0.76291	1.78
120	7	6	9	10	0.211236	0.72
121	7	6	10	11	0.109079	3.12
122	7	6	11	12	0.051651	2.06
123	7	6	12	13	0.031082	3.34
124	7	6	13	14	0.018554	3.07
125	7	6	14	15	0.012652	3.3
126	7	6	15	16	0.009762	2.75
127	7	5	9	11	0.483086	1.64
128	7	5	11	13	0.136311	2.55
129	7	5	13	15	0.05409	3.17
130	7	5	15	17	0.029717	2.59
131	7	5	17	19	0.016172	2.75
132	7	5	19	21	0.009564	3.1
133	7	5	21	23	0.006473	3.54
134	7	4	10	13	0.373524	2.96
135	7	4	13	16	0.092288	3.17
136	7	4	16	19	0.037916	3.1
137	7	4	19	22	0.017803	3.0
138	7	4	22	25	0.009709	3.69
139	7	4	25	28	0.005725	3.6
140	7	4	28	31	0.003541	3.31
141	7	4	31	34	0.002332	5.43
142	7	3	11	15	0.27496	2.86
143	7	3	15	19	0.072963	2.88
144	7	3	19	23	0.026734	3.24
145	7	3	23	27	0.012364	3.54
146	7	3	27	31	0.006556	4.09
147	7	3	31	35	0.003778	3.68
148	7	3	35	39	0.002145	3.97
149	7	3	39	43	0.001351	5.01
150	7	2	12	17	0.22528	3.27
151	7	2	17	22	0.054654	3.13
152	7	2	22	27	0.019923	3.58
153	7	2	27	32	0.0093	3.68
154	7	2	32	37	0.004305	3.38
155	7	2	37	42	0.002404	4.84
156	7	2	42	47	0.001285	4.53
157	7	1	13	19	0.187264	3.18
158	7	1	19	25	0.043474	3.38
159	7	1	25	31	0.0156	4.05
160	7	1	31	37	0.006856	3.6
161	7	1	37	43	0.003192	2.97
162	7	1	43	49	0.001557	2.23
163	7	1	49	55	0.001123	2.15
164	7	1	55	61	0.000852	8.49
165	8	7	9	10	0.7611	0.58
166	8	7	10	11	0.263617	3.12
167	8	7	11	12	0.103886	1.88
168	8	7	12	13	0.055422	3.19
169	8	7	13	14	0.030569	2.94
170	8	7	14	15	0.019667	3.07
171	8	7	15	16	0.014531	2.49
172	8	7	16	17	0.009858	3.07
173	8	6	10	12	0.527844	2.76
174	8	6	12	14	0.135598	3.13
175	8	6	14	16	0.056614	2.81
176	8	6	16	18	0.028098	2.69
177	8	6	18	20	0.01658	2.97
178	8	6	20	22	0.00982	3.63
179	8	6	22	24	0.006404	3.82
180	8	6	24	26	0.004189	3.22
181	8	5	11	14	0.358013	2.56
182	8	5	14	17	0.095972	2.91
183	8	5	17	20	0.037676	3.15
184	8	5	20	23	0.018313	3.53
185	8	5	23	26	0.009839	3.71
186	8	5	26	29	0.005704	4.33
187	8	5	29	32	0.00368	3.44
188	8	5	32	35	0.002121	4.04
189	8	4	12	16	0.278135	3.12
190	8	4	16	20	0.071127	2.94
191	8	4	20	24	0.027031	3.36
192	8	4	24	28	0.012186	3.75
193	8	4	28	32	0.006668	3.44
194	8	4	32	36	0.003298	0.49
195	8	4	36	40	0.002118	4.41
196	8	4	40	44	0.0013	3.21
197	8	3	13	18	0.223624	3.01
198	8	3	18	23	0.056252	3.33
199	8	3	23	28	0.019963	4.09
200	8	3	28	33	0.009073	4.56
201	8	3	33	38	0.004368	5.34
202	8	3	38	43	0.002289	4.72
203	8	2	14	20	0.189845	3.0
204	8	2	20	26	0.043861	3.39
205	8	2	26	32	0.015576	4.0
206	8	2	32	38	0.006296	2.44
207	8	2	38	44	0.00301	3.53
208	8	2	44	50	0.001509	1.29
209	8	2	50	56	0.001113	1.74
210	8	2	56	62	0.000852	4.21
211	8	1	15	22	0.163832	2.92
212	8	1	22	29	0.035791	3.76
213	8	1	29	36	0.012025	3.29
214	8	1	36	43	0.005002	2.71
215	8	1	43	50	0.002136	1.42
216	8	1	57	64	0.001019	1.3
217	8	1	64	71	0.000655	4.04
218	9	8	10	11	0.96609	3.62
219	9	8	11	12	0.252909	1.71
220	9	8	12	13	0.109885	2.96
221	9	8	13	14	0.053885	2.66
222	9	8	14	15	0.032006	2.91
223	9	8	15	16	0.022308	2.27
224	9	8	16	17	0.014478	2.44
225	9	8	17	18	0.009394	2.96
226	9	7	11	13	0.522141	2.16
227	9	7	13	15	0.136165	2.83
228	9	7	15	17	0.061191	2.35
229	9	7	17	19	0.029556	2.78
230	9	7	19	21	0.016238	2.81
231	9	7	21	23	0.010408	2.85
232	9	7	23	25	0.006469	1.91
233	9	7	25	27	0.004357	2.73
234	9	6	12	15	0.36367	2.98
235	9	6	15	18	0.09862	2.47
236	9	6	18	21	0.039113	3.01
237	9	6	21	24	0.018828	3.42
238	9	6	24	27	0.0097	3.38
239	9	6	27	30	0.005735	2.78
240	9	6	30	33	0.003628	3.18
241	9	6	33	36	0.002097	1.52
242	9	5	13	17	0.281057	2.79
243	9	5	17	21	0.071557	3.03
244	9	5	21	25	0.027571	3.45
245	9	5	25	29	0.012604	4.08
246	9	5	29	33	0.006465	4.16
247	9	5	33	37	0.003465	3.6
248	9	5	37	41	0.002032	1.03
249	9	5	41	45	0.001234	0.72
250	9	4	14	19	0.231711	2.83
251	9	4	19	24	0.055323	3.34
252	9	4	24	29	0.019931	3.94
253	9	4	29	34	0.008745	4.16
254	9	4	34	39	0.004284	3.33
255	9	4	39	44	0.002268	3.33
256	9	4	44	49	0.001188	1.52
257	9	3	15	21	0.195711	2.78
258	9	3	21	27	0.044504	3.56
259	9	3	27	33	0.015584	3.93
260	9	3	33	39	0.00627	2.86
261	9	3	39	45	0.002992	2.82
262	9	3	45	51	0.001493	3.51
263	9	3	51	57	0.001151	1.77
264	9	3	57	63	0.000846	0.66
265	9	2	16	23	0.162802	2.98
266	9	2	23	30	0.035519	3.78
267	9	2	30	37	0.012029	3.53
268	9	2	37	44	0.004694	2.62
269	9	2	44	51	0.002083	2.22
270	9	2	51	58	0.001512	3.04
271	9	2	58	65	0.000971	2.82
272	9	1	17	25	0.138845	3.15
273	9	1	25	33	0.029809	3.84
274	9	1	33	41	0.009255	3.27
275	9	1	41	49	0.003476	2.55
276	9	1	49	57	0.002035	1.71
277	9	1	57	65	0.001321	0.58
278	10	9	11	12	0.862646	2.0
279	10	9	12	13	0.242797	2.91
280	10	9	13	14	0.098234	2.49
281	10	9	14	15	0.052007	2.54
282	10	9	15	16	0.033482	1.92
283	10	9	16	17	0.020442	2.39
284	10	9	17	18	0.012708	2.58
285	10	9	18	19	0.010239	3.01
286	10	8	12	14	0.504888	2.82
287	10	8	14	16	0.139836	2.43
288	10	8	16	18	0.057042	2.43
289	10	8	18	20	0.030024	2.88
290	10	8	20	22	0.016526	2.96
291	10	8	22	24	0.010206	3.75
292	10	8	24	26	0.006382	3.22
293	10	8	26	28	0.004189	3.94
294	10	7	13	16	0.356633	2.55
295	10	7	16	19	0.097327	2.61
296	10	7	19	22	0.037924	2.83
297	10	7	22	25	0.018449	3.42
298	10	7	25	28	0.009868	4.09
299	10	7	28	31	0.005628	4.21
300	10	7	31	34	0.003485	3.44
301	10	7	34	37	0.00219	2.34
302	10	6	14	18	0.281538	2.54
303	10	6	18	22	0.072988	3.07
304	10	6	22	26	0.027205	3.65
305	10	6	26	30	0.01208	4.4
306	10	6	30	34	0.006284	4.51
307	10	6	34	38	0.003453	3.45
308	10	6	38	42	0.001928	3.88
309	10	6	42	46	0.001121	7.86
310	10	5	15	20	0.234594	2.54
311	10	5	20	25	0.055531	3.33
312	10	5	25	30	0.019884	4.02
313	10	5	30	35	0.008738	3.54
314	10	5	35	40	0.004069	3.87
315	10	5	40	45	0.002192	1.09
316	10	5	45	50	0.001169	0.51
317	10	5	50	55	0.000913	0.14
318	10	4	16	22	0.190904	2.82
319	10	4	22	28	0.043776	3.69
320	10	4	28	34	0.015014	4.14
321	10	4	34	40	0.006123	3.04
322	10	4	40	46	0.002833	4.17
323	10	4	46	52	0.001533	3.06
324	10	4	52	58	0.001159	1.03
325	10	3	17	24	0.161205	3.04
326	10	3	24	31	0.035028	4.02
327	10	3	31	38	0.011759	3.6
328	10	3	38	45	0.004452	3.22
329	10	3	45	52	0.002087	2.71
330	10	3	52	59	0.001504	0.96
331	10	3	59	66	0.000943	7.38
332	10	2	18	26	0.140497	3.24
333	10	2	26	34	0.028774	3.99
334	10	2	34	42	0.009071	3.34
335	10	2	42	50	0.003299	4.2
336	10	2	50	58	0.002069	1.16
337	10	2	58	66	0.001258	3.19
338	10	1	19	28	0.119212	3.27
339	10	1	28	37	0.02425	3.75
340	10	1	37	46	0.007059	2.11
341	10	1	46	55	0.002967	2.39
342	10	1	55	64	0.001913	2.35
343	11	10	12	13	0.963763	3.62
344	11	10	13	14	0.257956	2.39
345	11	10	14	15	0.114155	2.4
346	11	10	15	16	0.065795	1.81
347	11	10	16	17	0.037028	2.33
348	11	10	17	18	0.021787	2.52
349	11	10	18	19	0.016764	2.81
350	11	10	19	20	0.010569	2.64
351	11	9	13	15	0.52232	2.42
352	11	9	15	17	0.156771	2.04
353	11	9	17	19	0.061525	2.66
354	11	9	19	21	0.030176	2.82
355	11	9	21	23	0.017947	3.06
356	11	9	23	25	0.010545	3.9
357	11	9	25	27	0.00676	4.33
358	11	9	27	29	0.004549	5.67
359	11	8	14	17	0.39157	2.31
360	11	8	17	20	0.101285	2.69
361	11	8	20	23	0.040825	2.98
362	11	8	23	26	0.019433	3.22
363	11	8	26	29	0.010176	3.71
364	11	8	29	32	0.006027	3.68
365	11	8	32	35	0.003266	5.35
366	11	8	35	38	0.002207	4.2
367	11	7	15	19	0.308901	2.29
368	11	7	19	23	0.074788	2.91
369	11	7	23	27	0.028154	3.84
370	11	7	27	31	0.012692	5.82
371	11	7	31	35	0.006475	0.55
372	11	7	35	39	0.003376	3.85
373	11	7	39	43	0.00199	1.46
374	11	7	43	47	0.001111	3.04
375	11	6	16	21	0.240204	2.61
376	11	6	21	26	0.058358	3.33
377	11	6	26	31	0.020043	4.25
378	11	6	31	36	0.008647	3.44
379	11	6	36	41	0.004217	3.96
380	11	6	41	46	0.002072	2.42
381	11	6	46	51	0.001212	1.36
382	11	6	51	56	0.000947	8.58
383	11	5	17	23	0.198154	2.91
384	11	5	23	29	0.045212	3.82
385	11	5	29	35	0.015129	4.41
386	11	5	35	41	0.006095	3.57
387	11	5	41	47	0.002734	4.0
388	11	5	47	53	0.001594	0.77
389	11	5	53	59	0.0012	4.6
390	11	5	59	65	0.000781	3.07
391	11	4	18	25	0.17005	3.1
392	11	4	25	32	0.036589	4.2
393	11	4	32	39	0.010996	3.38
394	11	4	39	46	0.004413	3.45
395	11	4	46	53	0.002154	3.51
396	11	4	53	60	0.001527	4.37
397	11	4	60	67	0.000939	2.88
398	11	3	19	27	0.142016	3.17
399	11	3	27	35	0.029515	3.53
400	11	3	35	43	0.008892	3.03
401	11	3	43	51	0.003289	2.46
402	11	3	59	67	0.001264	2.0
403	11	2	20	29	0.123617	3.48
404	11	2	29	38	0.024041	3.46
405	11	2	38	47	0.006803	3.82
406	11	2	47	56	0.003026	2.35
407	11	2	56	65	0.001891	1.95
408	11	1	21	31	0.108191	3.68
409	11	1	31	41	0.020227	3.62
410	11	1	41	51	0.005573	3.57
411	11	1	51	61	0.003008	2.62
412	11	1	61	71	0.001635	4.38
413	12	11	13	14	0.795136	2.54
414	12	11	14	15	0.231282	2.16
415	12	11	15	16	0.113287	1.6
416	12	11	16	17	0.057383	2.06
417	12	11	17	18	0.031342	2.33
418	12	11	18	19	0.022976	2.85
419	12	11	19	20	0.013924	3.01
420	12	11	20	21	0.010015	3.06
421	12	10	14	16	0.524579	2.04
422	12	10	16	18	0.147597	2.19
423	12	10	18	20	0.064265	2.73
424	12	10	20	22	0.031724	2.7
425	12	10	22	24	0.018203	3.22
426	12	10	24	26	0.01075	3.66
427	12	10	26	28	0.00673	4.28
428	12	10	28	30	0.004468	5.03
429	12	9	15	18	0.393166	1.97
430	12	9	18	21	0.104159	2.73
431	12	9	21	24	0.041707	3.29
432	12	9	24	27	0.01902	3.41
433	12	9	27	30	0.010171	4.14
434	12	9	30	33	0.005916	3.88
435	12	9	33	36	0.003244	3.12
436	12	9	36	39	0.00219	4.41
437	12	8	16	20	0.298809	2.44
438	12	8	20	24	0.07669	3.07
439	12	8	24	28	0.028066	3.71
440	12	8	28	32	0.013018	4.65
441	12	8	32	36	0.00579	4.6
442	12	8	36	40	0.003404	4.77
443	12	8	40	44	0.001955	8.23
444	12	8	44	48	0.001068	5.61
445	12	7	17	22	0.239502	2.69
446	12	7	22	27	0.058222	3.54
447	12	7	27	32	0.020875	4.23
448	12	7	32	37	0.008142	3.93
449	12	7	37	42	0.004033	3.53
450	12	7	42	47	0.001984	2.76
451	12	7	47	52	0.001276	1.59
452	12	7	52	57	0.000965	4.54
453	12	6	18	24	0.203729	2.94
454	12	6	24	30	0.044635	3.66
455	12	6	30	36	0.014905	4.09
456	12	6	36	42	0.006123	2.98
457	12	6	42	48	0.002565	3.15
458	12	5	19	26	0.167648	3.1
459	12	5	26	33	0.035867	4.44
460	12	5	33	40	0.01101	4.06
461	12	5	40	47	0.004303	3.9
462	12	5	61	68	0.000945	6.69
463	12	4	20	28	0.143987	3.31
464	12	4	28	36	0.028799	4.49
465	12	4	36	44	0.008803	3.13
466	12	4	44	52	0.003282	1.84
467	12	4	52	60	0.002129	4.74
468	12	4	60	68	0.001247	2.42
469	12	3	21	30	0.124849	3.5
470	12	3	30	39	0.023809	3.56
471	12	3	39	48	0.00669	3.17
472	12	3	48	57	0.003146	2.52
473	12	2	22	32	0.108314	3.65
474	12	2	32	42	0.018906	2.64
475	12	2	42	52	0.005427	1.97
476	12	1	23	34	0.094007	3.84
477	12	1	34	45	0.016359	3.24
478	12	1	45	56	0.004882	3.03
479	12	1	56	67	0.002707	2.56
480	13	12	14	15	0.880062	1.97
481	13	12	15	16	0.2741	1.38
482	13	12	16	17	0.114085	1.94
483	13	12	17	18	0.055871	2.39
484	13	12	18	19	0.038125	2.78
485	13	12	19	20	0.021946	2.42
486	13	12	20	21	0.015222	2.76
487	13	12	21	22	0.011344	3.46
488	13	11	15	17	0.558688	1.6
489	13	11	17	19	0.148372	2.39
490	13	11	19	21	0.061152	2.62
491	13	11	21	23	0.032872	2.7
492	13	11	23	25	0.017979	3.03
493	13	11	25	27	0.010878	3.42
494	13	11	27	29	0.006989	3.99
495	13	11	29	31	0.004335	6.95
496	13	10	16	19	0.395341	2.25
497	13	10	19	22	0.104824	2.59
498	13	10	22	25	0.042676	3.29
499	13	10	25	28	0.020129	3.74
500	13	10	28	31	0.01037	4.08
501	13	10	31	34	0.005961	4.67
502	13	10	34	37	0.003531	4.2
503	13	10	37	40	0.002091	6.42
504	13	9	17	21	0.301131	2.56
505	13	9	21	25	0.079391	3.03
506	13	9	25	29	0.029206	4.05
507	13	9	29	33	0.012763	3.97
508	13	9	33	37	0.006124	4.16
509	13	9	37	41	0.003307	4.08
510	13	9	41	45	0.00187	2.52
511	13	9	45	49	0.001069	9.18
512	13	8	18	23	0.253288	2.82
513	13	8	23	28	0.059517	3.42
514	13	8	28	33	0.02078	4.23
515	13	8	33	38	0.008433	4.33
516	13	8	38	43	0.003915	4.0
517	13	8	43	48	0.001936	4.14
518	13	8	48	53	0.00136	3.31
519	13	8	53	58	0.001028	4.37
520	13	7	19	25	0.203788	2.94
521	13	7	25	31	0.046057	3.84
522	13	7	31	37	0.01518	3.56
523	13	7	37	43	0.005901	2.03
524	13	7	43	49	0.00256	1.88
525	13	7	49	55	0.001708	2.58
526	13	7	55	61	0.001256	3.15
527	13	7	61	67	0.000795	8.14
528	13	6	20	27	0.173118	3.1
529	13	6	27	34	0.036269	3.84
530	13	6	34	41	0.011184	3.88
531	13	6	41	48	0.004097	1.48
532	13	6	48	55	0.002301	1.98
533	13	6	55	62	0.001593	2.4
534	13	5	21	29	0.148776	3.54
535	13	5	29	37	0.028871	3.71
536	13	5	37	45	0.008464	4.11
537	13	5	45	53	0.003331	3.04
538	13	5	53	61	0.002171	3.45
539	13	5	61	69	0.001251	6.82
540	13	4	22	31	0.126192	3.78
541	13	4	31	40	0.023582	3.46
542	13	4	40	49	0.006597	4.17
543	13	4	49	58	0.003258	3.21
544	13	4	58	67	0.001845	1.35
545	13	3	23	33	0.109298	3.76
546	13	3	33	43	0.019063	2.85
547	13	3	43	53	0.005441	2.28
548	13	3	53	63	0.003041	1.58
549	13	2	24	35	0.094399	3.74
550	13	2	35	46	0.0158	2.81
551	13	2	46	57	0.005017	1.35
552	13	2	57	68	0.002696	0.65
553	14	13	15	16	0.933954	0.93
554	14	13	16	17	0.242885	1.84
555	14	13	17	18	0.097848	2.11
556	14	13	18	19	0.060203	2.61
557	14	13	19	20	0.032206	2.64
558	14	13	20	21	0.021301	2.47
559	14	13	21	22	0.015329	2.83
560	14	13	22	23	0.010708	3.13
561	14	12	16	18	0.510353	1.97
562	14	12	18	20	0.152486	2.59
563	14	12	20	22	0.063225	2.66
564	14	12	22	24	0.032875	3.21
565	14	12	24	26	0.017993	3.25
566	14	12	26	28	0.010632	3.78
567	14	12	28	30	0.006768	4.83
568	14	12	30	32	0.004828	6.03
569	14	11	17	20	0.3743	2.4
570	14	11	20	23	0.105514	2.78
571	14	11	23	26	0.04213	3.38
572	14	11	26	29	0.019497	3.87
573	14	11	29	32	0.010482	3.72
574	14	11	32	35	0.005289	4.77
575	14	11	35	38	0.003391	2.9
576	14	11	38	41	0.002003	3.88
577	14	10	18	22	0.31158	2.66
578	14	10	22	26	0.079848	3.25
579	14	10	26	30	0.028619	4.09
580	14	10	30	34	0.012765	4.14
581	14	10	34	38	0.006314	3.66
582	14	10	38	42	0.003228	4.23
583	14	10	42	46	0.001758	6.0
584	14	10	46	50	0.001119	0.3
585	14	9	19	24	0.246023	2.81
586	14	9	24	29	0.059151	3.69
587	14	9	29	34	0.020116	4.21
588	14	9	34	39	0.008373	4.41
589	14	9	39	44	0.003927	5.69
590	14	9	44	49	0.001904	5.05
591	14	8	20	26	0.207873	3.04
592	14	8	26	32	0.046219	4.14
593	14	8	32	38	0.014167	4.0
594	14	8	38	44	0.005673	4.62
595	14	8	44	50	0.002533	3.65
596	14	8	62	68	0.000795	7.74
597	14	7	21	28	0.175946	3.19
598	14	7	28	35	0.036057	3.87
599	14	7	35	42	0.01092	2.61
600	14	7	42	49	0.003964	1.64
601	14	6	22	30	0.147706	3.6
602	14	6	30	38	0.028847	3.63
603	14	6	38	46	0.008057	4.02
604	14	5	23	32	0.127083	3.82
605	14	5	32	41	0.022205	3.87
606	14	5	41	50	0.006363	3.31
607	14	5	50	59	0.003352	4.46
608	14	5	59	68	0.001834	5.5
609	14	4	24	34	0.107965	3.79
610	14	4	34	44	0.018888	2.7
611	14	3	25	36	0.094576	3.94
612	14	3	36	47	0.015708	3.1
613	14	3	47	58	0.005195	2.22
614	14	3	58	69	0.002639	1.98
615	15	14	16	17	0.896979	1.8
616	15	14	17	18	0.221247	1.97
617	15	14	18	19	0.111383	2.42
618	15	14	19	20	0.053265	2.42
619	15	14	20	21	0.032871	2.55
620	15	14	21	22	0.022551	2.58
621	15	14	22	23	0.015196	2.91
622	15	14	23	24	0.010811	4.12
623	15	13	17	19	0.490672	2.17
624	15	13	19	21	0.139737	2.49
625	15	13	21	23	0.063841	2.75
626	15	13	23	25	0.031561	3.33
627	15	13	25	27	0.017738	3.12
628	15	13	27	29	0.010764	4.59
629	15	13	29	31	0.006375	4.63
630	15	13	31	33	0.004504	3.5
631	15	12	18	21	0.386513	2.5
632	15	12	21	24	0.108225	2.92
633	15	12	24	27	0.041244	3.29
634	15	12	27	30	0.019546	4.43
635	15	12	30	33	0.010359	5.01
636	15	12	33	36	0.005284	4.25
637	15	12	36	39	0.003383	4.88
638	15	12	39	42	0.002058	3.24
639	15	11	19	23	0.297439	2.61
640	15	11	23	27	0.078203	3.3
641	15	11	27	31	0.028495	4.09
642	15	11	31	35	0.012574	4.49
643	15	11	35	39	0.0059	4.71
644	15	11	39	43	0.003191	2.73
645	15	11	43	47	0.001676	5.04
646	15	11	47	51	0.001105	10.29
647	15	10	20	25	0.250504	2.82
648	15	10	25	30	0.059741	3.76
649	15	10	30	35	0.020394	4.25
650	15	10	35	40	0.008101	3.56
651	15	10	40	45	0.003869	3.0
652	15	10	55	60	0.001095	5.78
653	15	9	21	27	0.210108	3.15
654	15	9	27	33	0.046036	4.29
655	15	9	33	39	0.014146	4.4
656	15	9	39	45	0.005645	3.96
657	15	9	45	51	0.002528	2.39
658	15	9	51	57	0.001817	4.81
659	15	9	57	63	0.001278	4.33
660	15	9	63	69	0.00078	6.71
661	15	8	22	29	0.175568	3.54
662	15	8	29	36	0.035094	3.62
663	15	8	36	43	0.01095	4.26
664	15	8	43	50	0.003916	4.32
665	15	8	50	57	0.002429	0.06
666	15	8	57	64	0.001618	1.95
667	15	8	64	71	0.000992	9.45
668	15	7	23	31	0.147476	3.65
669	15	7	31	39	0.028378	3.51
670	15	7	39	47	0.008002	3.58
671	15	7	47	55	0.003487	3.03
672	15	7	63	71	0.001291	3.41
673	15	6	24	33	0.125311	3.87
674	15	6	33	42	0.022267	3.65
675	15	6	42	51	0.006149	3.46
676	15	6	51	60	0.003423	3.76
677	15	6	60	69	0.00182	4.68
678	15	5	25	35	0.108792	4.12
679	15	5	35	45	0.018279	3.3
680	15	5	45	55	0.005441	3.09
681	15	5	55	65	0.003067	2.82
682	15	4	26	37	0.09322	4.12
683	15	4	37	48	0.01487	3.57
684	15	4	48	59	0.00536	3.45
685	15	4	59	70	0.00264	4.44
686	16	15	17	18	0.889934	1.78
687	16	15	18	19	0.281247	2.21
688	16	15	19	20	0.109154	2.23
689	16	15	20	21	0.060255	2.35
690	16	15	21	22	0.038481	2.73
691	16	15	22	23	0.024653	2.76
692	16	15	23	24	0.016936	2.86
693	16	15	24	25	0.011162	2.27
694	16	14	18	20	0.554859	2.25
695	16	14	20	22	0.154215	2.47
696	16	14	22	24	0.067643	3.1
697	16	14	24	26	0.033251	3.25
698	16	14	26	28	0.018224	3.69
699	16	14	28	30	0.010935	4.41
700	16	14	30	32	0.007415	5.62
701	16	14	32	34	0.003926	3.12
702	16	13	19	22	0.385452	2.4
703	16	13	22	25	0.110331	3.41
704	16	13	25	28	0.043243	3.07
705	16	13	28	31	0.019699	4.57
706	16	13	31	34	0.010296	4.6
707	16	13	34	37	0.005689	5.31
708	16	13	37	40	0.003166	6.98
709	16	13	40	43	0.002067	9.02
710	16	12	20	24	0.317846	2.73
711	16	12	24	28	0.080125	3.31
712	16	12	28	32	0.029973	4.29
713	16	12	32	36	0.011541	4.23
714	16	12	36	40	0.006134	3.72
715	16	12	40	44	0.003227	6.12
716	16	12	44	48	0.001656	7.44
717	16	11	21	26	0.262948	2.92
718	16	11	26	31	0.059658	3.94
719	16	11	31	36	0.020256	3.78
720	16	11	36	41	0.008392	4.19
721	16	11	41	46	0.003652	4.53
722	16	11	46	51	0.001972	1.62
723	16	11	56	61	0.001114	4.54
724	16	10	22	28	0.216247	3.27
725	16	10	28	34	0.046346	4.26
726	16	10	34	40	0.014511	4.23
727	16	10	40	46	0.005615	3.45
728	16	10	46	52	0.002704	3.22
729	16	10	52	58	0.001907	1.36
730	16	10	58	64	0.001266	3.97
731	16	10	64	70	0.000823	4.8
732	16	9	23	30	0.179108	3.56
733	16	9	30	37	0.036094	4.11
734	16	9	37	44	0.01056	4.2
735	16	9	44	51	0.003929	3.24
736	16	9	51	58	0.002603	2.9
737	16	9	58	65	0.001565	5.75
738	16	9	65	72	0.001076	5.62
739	16	8	24	32	0.151149	3.68
740	16	8	32	40	0.026912	3.48
741	16	8	40	48	0.007923	3.81
742	16	8	48	56	0.003689	2.55
743	16	8	56	64	0.002322	1.12
744	16	8	64	72	0.001363	0.06
745	16	7	25	34	0.128668	4.0
746	16	7	34	43	0.022615	3.27
747	16	7	43	52	0.006255	2.59
748	16	7	52	61	0.003476	1.59
749	16	7	61	70	0.001876	4.38
750	16	6	26	36	0.108559	3.99
751	16	6	36	46	0.018372	2.75
752	16	6	46	56	0.005646	2.97
753	16	5	27	38	0.095217	4.2
754	16	5	38	49	0.014562	3.6
755	16	5	49	60	0.005528	3.44
756	16	5	60	71	0.002717	3.58
757	17	16	18	19	1.005713	1.78
758	17	16	19	20	0.243704	1.95
759	17	16	20	21	0.11027	2.28
760	17	16	21	22	0.062935	2.39
761	17	16	22	23	0.037501	2.91
762	17	16	23	24	0.024492	3.21
763	17	16	24	25	0.015514	1.78
764	17	16	25	26	0.011784	3.72
765	17	15	19	21	0.523164	2.1
766	17	15	21	23	0.163602	2.62
767	17	15	23	25	0.068144	2.98
768	17	15	25	27	0.03435	3.18
769	17	15	27	29	0.019309	3.5
770	17	15	29	31	0.010767	3.92
771	17	15	31	33	0.007303	5.32
772	17	15	33	35	0.004322	5.97
773	17	14	20	23	0.404611	2.49
774	17	14	23	26	0.112864	3.04
775	17	14	26	29	0.043268	3.84
776	17	14	29	32	0.020494	4.71
777	17	14	32	35	0.009451	4.26
778	17	14	35	38	0.005663	4.86
779	17	14	38	41	0.003149	5.78
780	17	14	41	44	0.001973	4.63
781	17	13	21	25	0.327122	2.76
782	17	13	25	29	0.082251	3.79
783	17	13	29	33	0.029013	4.74
784	17	13	33	37	0.012095	4.37
785	17	13	37	41	0.005869	6.42
786	17	13	41	45	0.003058	6.71
787	17	13	45	49	0.001632	10.94
788	17	13	49	53	0.001289	5.18
789	17	12	22	27	0.264734	3.07
790	17	12	27	32	0.0623	4.02
791	17	12	32	37	0.019106	3.12
792	17	12	37	42	0.008074	4.46
793	17	12	42	47	0.003509	3.03
794	17	12	47	52	0.002083	2.69
795	17	12	52	57	0.001511	5.29
796	17	12	57	62	0.001139	5.13
797	17	11	23	29	0.217677	3.38
798	17	11	29	35	0.045745	4.12
799	17	11	35	41	0.014219	5.38
800	17	11	41	47	0.005318	3.44
801	17	11	47	53	0.002776	4.75
802	17	11	53	59	0.001946	4.25
803	17	11	65	71	0.000889	0.24
804	17	10	24	31	0.179543	3.51
805	17	10	31	38	0.036309	4.06
806	17	10	38	45	0.010293	2.97
807	17	10	45	52	0.004043	3.74
808	17	10	52	59	0.002644	0.63
809	17	10	59	66	0.001582	1.89
810	17	9	25	33	0.15314	3.9
811	17	9	33	41	0.027426	3.96
812	17	9	41	49	0.007685	2.23
813	17	9	49	57	0.003823	3.74
814	17	9	57	65	0.002298	0.69
815	17	8	26	35	0.127966	4.05
816	17	8	35	44	0.0221	3.94
817	17	8	44	53	0.006313	4.25
818	17	8	53	62	0.003569	2.4
819	17	8	62	71	0.001944	1.62
820	17	7	27	37	0.110382	4.06
821	17	7	37	47	0.017621	3.44
822	17	7	47	57	0.005851	0.61
823	17	7	57	67	0.003148	3.17
824	17	6	28	39	0.094322	4.19
825	17	6	39	50	0.014523	1.3
826	17	6	50	61	0.005699	5.42
827	17	6	61	72	0.002787	2.62
828	18	17	19	20	0.767073	1.42
829	18	17	20	21	0.226239	1.81
830	18	17	21	22	0.106503	2.33
831	18	17	22	23	0.056802	2.43
832	18	17	23	24	0.034554	2.73
833	18	17	24	25	0.020752	1.81
834	18	17	25	26	0.01516	0.33
835	18	17	26	27	0.009754	3.01
836	18	16	20	22	0.505899	2.06
837	18	16	22	24	0.153473	2.78
838	18	16	24	26	0.063321	2.58
839	18	16	26	28	0.031275	3.3
840	18	16	28	30	0.017461	4.77
841	18	16	30	32	0.011206	5.47
842	18	16	32	34	0.005639	6.06
843	18	16	34	36	0.004043	5.71
844	18	15	21	24	0.402923	2.52
845	18	15	24	27	0.106869	2.94
846	18	15	27	30	0.042267	3.85
847	18	15	30	33	0.01983	4.72
848	18	15	33	36	0.009262	2.83
849	18	15	36	39	0.005562	5.79
850	18	15	39	42	0.003181	2.73
851	18	15	42	45	0.001825	6.9
852	18	14	22	26	0.317579	2.83
853	18	14	26	30	0.077958	3.58
854	18	14	30	34	0.028263	3.94
855	18	14	34	38	0.01219	4.46
856	18	14	38	42	0.005579	6.07
857	18	14	42	46	0.002796	3.22
858	18	14	46	50	0.001681	8.05
859	18	13	23	28	0.256624	3.03
860	18	13	28	33	0.059396	4.33
861	18	13	33	38	0.019125	3.58
862	18	13	38	43	0.007572	4.81
863	18	13	53	58	0.001545	2.22
864	18	12	24	30	0.209847	3.3
865	18	12	30	36	0.044824	4.41
866	18	12	36	42	0.014253	5.38
867	18	12	42	48	0.004982	3.75
868	18	11	25	32	0.179043	3.71
869	18	11	32	39	0.03286	3.54
870	18	11	39	46	0.009984	1.26
871	18	11	46	53	0.004106	1.47
872	18	11	53	60	0.002664	0.18
873	18	11	60	67	0.001545	3.65
874	18	10	26	34	0.14757	3.93
875	18	10	34	42	0.027339	3.36
876	18	10	42	50	0.007379	1.64
877	18	10	50	58	0.003971	4.2
878	18	9	27	36	0.125897	4.09
879	18	9	36	45	0.021863	3.62
880	18	9	63	72	0.001959	5.62
881	18	8	28	38	0.107702	4.17
882	18	8	38	48	0.016766	2.97
883	18	8	48	58	0.006118	1.26
884	18	8	58	68	0.003078	1.88
885	19	18	20	21	0.924855	1.56
886	19	18	21	22	0.278615	2.03
887	19	18	22	23	0.120179	2.62
888	19	18	23	24	0.065214	2.82
889	19	18	24	25	0.036233	1.95
890	19	18	25	26	0.024999	2.66
891	19	18	26	27	0.015496	1.92
892	19	18	27	28	0.011468	3.22
893	19	17	21	23	0.561866	2.19
894	19	17	23	25	0.156794	2.54
895	19	17	25	27	0.06545	3.19
896	19	17	27	29	0.033001	3.39
897	19	17	29	31	0.017061	4.56
898	19	17	31	33	0.010984	3.9
899	19	17	33	35	0.006198	5.26
900	19	17	35	37	0.004126	5.61
901	19	16	22	25	0.411296	2.61
902	19	16	25	28	0.110249	3.0
903	19	16	28	31	0.041753	4.16
904	19	16	31	34	0.019444	4.14
905	19	16	34	37	0.009846	4.06
906	19	16	37	40	0.005129	2.88
907	19	16	43	46	0.001727	0.84
908	19	15	23	27	0.324772	2.83
909	19	15	27	31	0.080203	3.97
910	19	15	31	35	0.028858	4.54
911	19	15	35	39	0.011824	4.88
912	19	15	39	43	0.005725	4.65
913	19	15	43	47	0.002746	2.81
914	19	15	51	55	0.001349	7.57
915	19	14	24	29	0.259312	3.0
916	19	14	29	34	0.05844	4.38
917	19	14	34	39	0.019429	4.62
918	19	14	39	44	0.00771	4.47
919	19	14	44	49	0.003304	5.01
920	19	14	59	64	0.001096	5.04
921	19	13	25	31	0.214959	3.48
922	19	13	31	37	0.045325	4.2
923	19	13	37	43	0.013569	4.23
924	19	13	43	49	0.004921	1.46
925	19	13	49	55	0.00295	2.29
926	19	13	55	61	0.002048	0.87
927	19	13	61	67	0.00125	3.54
928	19	12	26	33	0.177343	3.81
929	19	12	33	40	0.033553	4.3
930	19	12	40	47	0.009875	4.51
931	19	12	61	68	0.001603	5.75
932	19	11	27	35	0.150044	3.99
933	19	11	35	43	0.026658	3.94
934	19	11	43	51	0.007304	2.27
935	19	11	51	59	0.004126	2.47
936	19	11	59	67	0.002244	2.78
937	19	10	28	37	0.1266	4.25
938	19	10	37	46	0.020938	3.92
939	19	10	46	55	0.006545	1.44
940	19	10	55	64	0.003737	3.04
941	19	9	29	39	0.106299	4.25
942	19	9	39	49	0.016851	3.6
943	19	9	49	59	0.006334	1.95
944	19	9	59	69	0.003099	2.11
945	20	19	21	22	0.923904	1.75
946	20	19	22	23	0.248705	2.44
947	20	19	23	24	0.110331	2.7
948	20	19	24	25	0.05428	2.04
949	20	19	25	26	0.034503	2.88
950	20	19	26	27	0.020173	2.82
951	20	19	27	28	0.01435	2.88
952	20	19	28	29	0.010139	4.32
953	20	18	22	24	0.544362	2.56
954	20	18	24	26	0.150066	2.37
955	20	18	26	28	0.061495	3.04
956	20	18	28	30	0.030896	3.44
957	20	18	30	32	0.01836	4.56
958	20	18	32	34	0.008851	4.75
959	20	18	34	36	0.006045	2.88
960	20	18	36	38	0.004332	5.28
961	20	17	23	26	0.396014	2.58
962	20	17	26	29	0.102957	3.19
963	20	17	29	32	0.040592	4.2
964	20	17	32	35	0.016702	4.2
965	20	17	35	38	0.009231	4.25
966	20	17	38	41	0.004785	4.02
967	20	17	41	44	0.002826	4.23
968	20	17	44	47	0.001593	2.31
969	20	16	24	28	0.30608	2.64
970	20	16	28	32	0.078006	4.06
971	20	16	32	36	0.024632	4.29
972	20	16	36	40	0.011542	4.2
973	20	16	40	44	0.005414	3.19
974	20	16	44	48	0.002529	2.81
975	20	16	48	52	0.001804	1.8
976	20	16	52	56	0.001305	6.48
977	20	15	25	30	0.253547	3.21
978	20	15	30	35	0.057599	4.65
979	20	15	35	40	0.018334	4.23
980	20	15	40	45	0.007405	4.89
981	20	15	45	50	0.003235	5.03
982	20	15	50	55	0.002251	2.82
983	20	15	55	60	0.001663	4.88
984	20	15	60	65	0.001049	4.28
985	20	14	26	32	0.207304	3.62
986	20	14	32	38	0.041069	4.23
987	20	14	38	44	0.012764	4.56
988	20	14	44	50	0.004783	2.75
989	20	14	50	56	0.002979	3.54
990	20	13	27	34	0.172818	3.84
991	20	13	34	41	0.033195	4.65
992	20	13	41	48	0.009149	3.58
993	20	13	48	55	0.004358	2.91
994	20	13	55	62	0.002786	2.82
995	20	12	28	36	0.144123	4.14
996	20	12	36	44	0.026336	4.33
997	20	12	44	52	0.007248	3.25
998	20	12	52	60	0.004115	3.38
999	20	12	60	68	0.002229	4.68
1000	20	11	29	38	0.121276	4.11
1001	20	11	38	47	0.019717	3.72
1002	20	11	47	56	0.006602	2.67
1003	20	11	56	65	0.003662	0.41
1004	20	10	30	40	0.104426	4.33
1005	20	10	40	50	0.016442	3.74
1006	20	10	50	60	0.006444	2.55
1007	20	10	60	70	0.003102	1.84
1008	21	20	22	23	0.881758	2.23
1009	21	20	23	24	0.253684	2.54
1010	21	20	24	25	0.101983	1.97
1011	21	20	25	26	0.057386	2.78
1012	21	20	26	27	0.031006	2.86
1013	21	20	27	28	0.020843	2.58
1014	21	20	28	29	0.014151	3.63
1015	21	20	29	30	0.00902	4.19
1016	21	19	23	25	0.520173	2.39
1017	21	19	25	27	0.143117	2.82
1018	21	19	27	29	0.059516	3.04
1019	21	19	29	31	0.027633	4.16
1020	21	19	31	33	0.01659	4.16
1021	21	19	33	35	0.008861	4.17
1022	21	19	35	37	0.005685	6.12
1023	21	19	37	39	0.003541	4.02
1024	21	18	24	27	0.376157	2.4
1025	21	18	27	30	0.100792	3.29
1026	21	18	30	33	0.039397	4.4
1027	21	18	33	36	0.016488	4.29
1028	21	18	36	39	0.009117	4.33
1029	21	18	39	42	0.004846	5.75
1030	21	18	42	45	0.002598	3.25
1031	21	18	45	48	0.001488	3.57
1032	21	17	25	29	0.301047	3.0
1033	21	17	29	33	0.072314	4.04
1034	21	17	33	37	0.024899	4.77
1035	21	17	37	41	0.010576	4.37
1036	21	17	41	45	0.004912	5.12
1037	21	17	45	49	0.002427	5.16
1038	21	17	53	57	0.001295	3.25
1039	21	16	26	31	0.23833	3.36
1040	21	16	31	36	0.054714	4.2
1041	21	16	36	41	0.018172	4.5
1042	21	16	41	46	0.00668	3.96
1043	21	16	46	51	0.003198	2.61
1044	21	16	51	56	0.002252	2.5
1045	21	16	61	66	0.001026	1.65
1046	21	15	27	33	0.202293	3.69
1047	21	15	33	39	0.040477	4.68
1048	21	15	39	45	0.012508	4.47
1049	21	15	45	51	0.004678	3.27
1050	21	15	51	57	0.003075	2.88
1051	21	15	57	63	0.002036	7.37
1052	21	15	63	69	0.001189	3.13
1053	21	14	28	35	0.166719	4.02
1054	21	14	35	42	0.031701	4.12
1055	21	14	42	49	0.008639	3.19
1056	21	14	49	56	0.004395	2.11
1057	21	14	56	63	0.002785	1.75
1058	21	13	29	37	0.138361	4.17
1059	21	13	37	45	0.024433	4.12
1060	21	13	45	53	0.007164	2.79
1061	21	13	53	61	0.004094	1.52
1062	21	13	61	69	0.002198	4.77
1063	21	12	30	39	0.118706	4.44
1064	21	12	39	48	0.019223	4.3
1065	21	12	48	57	0.006828	2.47
1066	21	12	57	66	0.003628	4.57
1067	21	11	31	41	0.101505	4.17
1068	21	11	41	51	0.015531	3.41
1069	21	11	51	61	0.006508	1.59
1070	21	11	61	71	0.003153	2.0
1071	22	21	23	24	0.969047	2.03
1072	22	21	24	25	0.24905	1.72
1073	22	21	25	26	0.113438	2.61
1074	22	21	26	27	0.054194	2.76
1075	22	21	27	28	0.033572	2.4
1076	22	21	28	29	0.021504	3.51
1077	22	21	29	30	0.013166	3.63
1078	22	21	30	31	0.009566	4.92
1079	22	20	24	26	0.521882	2.03
1080	22	20	26	28	0.139641	2.67
1081	22	20	28	30	0.057884	2.98
1082	22	20	30	32	0.030727	4.5
1083	22	20	32	34	0.013789	3.9
1084	22	20	34	36	0.008964	5.04
1085	22	20	36	38	0.006148	6.46
1086	22	20	38	40	0.003308	6.29
1087	22	19	25	28	0.379465	2.67
1088	22	19	28	31	0.096234	3.63
1089	22	19	31	34	0.037535	3.97
1090	22	19	34	37	0.01696	4.4
1091	22	19	37	40	0.008118	3.78
1092	22	19	40	43	0.004613	4.26
1093	22	19	43	46	0.002366	0.51
1094	22	19	46	49	0.001492	4.4
1095	22	18	26	30	0.28997	2.94
1096	22	18	30	34	0.071794	4.28
1097	22	18	34	38	0.025495	3.65
1098	22	18	38	42	0.010151	4.98
1099	22	18	42	46	0.004549	6.75
1100	22	18	46	50	0.002494	6.86
1101	22	17	27	32	0.241148	3.39
1102	22	17	32	37	0.049733	4.0
1103	22	17	37	42	0.016894	5.49
1104	22	17	42	47	0.006197	3.3
1105	22	17	47	52	0.003275	2.21
1106	22	16	28	34	0.194963	3.82
1107	22	16	34	40	0.04009	4.37
1108	22	16	40	46	0.011882	3.57
1109	22	16	46	52	0.004788	4.46
1110	22	16	52	58	0.003097	5.34
1111	22	16	64	70	0.001205	9.06
1112	22	15	29	36	0.160318	4.06
1113	22	15	36	43	0.031614	5.07
1114	22	15	50	57	0.004506	6.6
1115	22	15	57	64	0.002757	5.76
1116	22	15	64	71	0.001611	11.31
1117	22	14	30	38	0.137772	4.28
1118	22	14	38	46	0.02309	4.17
1119	22	13	31	40	0.116293	4.29
1120	22	13	40	49	0.01867	4.26
1121	22	13	49	58	0.007001	2.49
1122	22	13	58	67	0.003526	1.08
1123	22	12	32	42	0.093811	4.19
1124	22	12	42	52	0.015105	3.46
1125	22	12	52	62	0.006526	1.95
1126	22	12	62	72	0.003181	2.23
1127	23	22	24	25	0.933659	1.42
1128	23	22	25	26	0.266839	2.55
1129	23	22	26	27	0.10337	2.56
1130	23	22	27	28	0.056387	2.42
1131	23	22	28	29	0.033174	3.07
1132	23	22	29	30	0.019232	3.15
1133	23	22	30	31	0.013376	4.3
1134	23	22	31	32	0.011293	3.84
1135	23	21	25	27	0.537751	2.59
1136	23	21	27	29	0.144709	2.67
1137	23	21	29	31	0.055386	3.45
1138	23	21	31	33	0.030007	4.19
1139	23	21	33	35	0.014891	4.08
1140	23	21	35	37	0.009089	5.19
1141	23	21	37	39	0.00541	3.44
1142	23	21	39	41	0.003554	6.46
1143	23	20	26	29	0.368286	2.73
1144	23	20	29	32	0.096938	3.57
1145	23	20	32	35	0.033449	3.96
1146	23	20	35	38	0.0166	4.25
1147	23	20	38	41	0.007846	4.71
1148	23	20	41	44	0.00428	5.32
1149	23	20	44	47	0.002265	7.33
1150	23	20	47	50	0.00152	6.99
1151	23	19	27	31	0.287176	3.0
1152	23	19	31	35	0.070385	3.92
1153	23	19	35	39	0.023743	4.35
1154	23	19	39	43	0.009922	4.16
1155	23	19	43	47	0.004246	3.9
1156	23	19	47	51	0.002444	3.94
1157	23	19	51	55	0.001832	0.75
1158	23	19	55	59	0.00139	0.85
1159	23	18	28	33	0.233652	3.65
1160	23	18	33	38	0.050799	4.41
1161	23	18	38	43	0.016001	5.13
1162	23	18	43	48	0.005895	4.3
1163	23	18	48	53	0.003433	5.0
1164	23	18	53	58	0.002344	4.96
1165	23	18	58	63	0.001546	4.95
1166	23	18	63	68	0.000999	8.25
1167	23	17	29	35	0.187675	3.82
1168	23	17	35	41	0.038496	4.54
1169	23	17	41	47	0.011006	3.62
1170	23	17	47	53	0.004834	3.93
1171	23	17	53	59	0.003108	3.03
1172	23	17	65	71	0.001273	2.69
1173	23	16	30	37	0.159581	4.12
1174	23	16	37	44	0.029298	4.23
1175	23	16	44	51	0.008119	2.81
1176	23	16	51	58	0.004661	1.92
1177	23	16	58	65	0.002581	0.77
1178	23	16	65	72	0.001679	0.17
1179	23	15	31	39	0.134836	4.21
1180	23	15	39	47	0.022669	4.28
1181	23	15	47	55	0.007384	3.84
1182	23	15	55	63	0.004222	4.38
1183	23	15	63	71	0.00224	5.5
1184	23	14	32	41	0.106937	4.19
1185	23	14	41	50	0.017717	3.53
1186	23	14	50	59	0.00714	2.76
1187	23	14	59	68	0.003485	2.91
1188	24	23	25	26	1.040124	2.5
1189	24	23	26	27	0.25049	2.42
1190	24	23	27	28	0.111465	2.25
1191	24	23	28	29	0.057649	2.85
1192	24	23	29	30	0.030648	2.81
1193	24	23	30	31	0.020219	3.92
1194	24	23	31	32	0.016414	4.2
1195	24	23	32	33	0.00827	3.76
1196	24	22	26	28	0.52167	2.4
1197	24	22	28	30	0.140733	2.9
1198	24	22	30	32	0.061315	4.0
1199	24	22	32	34	0.024843	3.56
1200	24	22	34	36	0.015129	4.33
1201	24	22	36	38	0.009812	4.83
1202	24	22	38	40	0.005026	4.54
1203	24	22	40	42	0.003612	5.15
1204	24	21	27	30	0.376832	2.58
1205	24	21	30	33	0.09788	3.88
1206	24	21	33	36	0.034337	4.05
1207	24	21	36	39	0.016963	4.67
1208	24	21	39	42	0.008163	4.16
1209	24	21	42	45	0.004037	4.16
1210	24	21	45	48	0.002163	5.21
1211	24	21	48	51	0.001606	4.09
1212	24	20	28	32	0.290669	3.36
1213	24	20	32	36	0.062762	3.84
1214	24	20	36	40	0.024329	4.54
1215	24	20	40	44	0.009761	4.35
1216	24	20	44	48	0.004048	3.25
1217	24	20	56	60	0.001429	0.98
1218	24	19	29	34	0.223904	3.62
1219	24	19	34	39	0.050632	4.54
1220	24	19	39	44	0.015783	4.63
1221	24	19	44	49	0.005653	4.25
1222	24	19	59	64	0.001507	2.66
1223	24	19	64	69	0.00098	10.83
1224	24	18	30	36	0.188135	4.02
1225	24	18	36	42	0.039134	4.5
1226	24	18	42	48	0.010324	4.08
1227	24	18	60	66	0.001838	3.17
1228	24	18	66	72	0.001329	2.43
1229	24	17	31	38	0.158476	4.05
1230	24	17	38	45	0.02773	4.38
1231	24	17	45	52	0.008118	3.17
1232	24	17	52	59	0.004626	3.38
1233	24	17	59	66	0.002546	1.05
1234	24	16	32	40	0.123258	4.12
1235	24	16	40	48	0.021761	4.16
1236	24	16	48	56	0.007592	2.07
1237	24	16	56	64	0.004201	4.14
1238	24	16	64	72	0.002278	2.9
1239	24	15	33	42	0.108019	4.35
1240	24	15	42	51	0.016955	4.28
1241	24	15	51	60	0.007322	2.25
1242	24	15	60	69	0.003468	4.77
1243	25	24	26	27	0.913676	1.89
1244	25	24	27	28	0.257823	1.8
1245	25	24	28	29	0.107115	2.54
1246	25	24	29	30	0.049538	2.22
1247	25	24	30	31	0.030491	3.66
1248	25	24	31	32	0.023358	3.42
1249	25	24	32	33	0.011271	3.27
1250	25	24	33	34	0.008181	3.48
1251	25	23	27	29	0.534105	2.13
1252	25	23	29	31	0.130923	2.97
1253	25	23	31	33	0.059321	3.36
1254	25	23	33	35	0.026471	3.72
1255	25	23	35	37	0.015105	4.02
1256	25	23	37	39	0.008535	4.75
1257	25	23	39	41	0.005341	3.48
1258	25	23	41	43	0.00327	3.68
1259	25	22	28	31	0.361554	2.86
1260	25	22	31	34	0.09541	3.51
1261	25	22	34	37	0.036165	4.09
1262	25	22	37	40	0.015397	4.65
1263	25	22	40	43	0.007909	4.81
1264	25	22	43	46	0.003753	2.78
1265	25	22	46	49	0.002193	3.82
1266	25	22	49	52	0.001676	3.96
1267	25	21	29	33	0.275559	3.29
1268	25	21	33	37	0.065585	4.12
1269	25	21	37	41	0.022866	4.46
1270	25	21	41	45	0.009062	4.77
1271	25	21	45	49	0.003941	4.26
1272	25	21	49	53	0.0027	5.31
1273	25	21	53	57	0.001866	4.5
1274	25	21	57	61	0.001407	3.69
1275	25	20	30	35	0.225372	3.78
1276	25	20	35	40	0.04866	4.29
1277	25	20	40	45	0.015313	4.37
1278	25	20	45	50	0.005544	3.07
1279	25	20	50	55	0.003469	2.17
1280	25	20	55	60	0.00241	1.08
1281	25	20	60	65	0.00145	3.0
1282	25	20	65	70	0.001026	3.85
1283	25	19	31	37	0.186037	3.82
1284	25	19	37	43	0.036051	4.4
1285	25	19	43	49	0.009828	3.94
1286	25	19	49	55	0.005004	3.72
1287	25	19	55	61	0.003162	2.94
1288	25	18	32	39	0.143242	4.0
1289	25	18	39	46	0.027193	5.0
1290	25	18	46	53	0.008271	3.19
1291	25	18	53	60	0.004681	3.5
1292	25	18	60	67	0.002516	2.28
1293	25	17	33	41	0.123913	4.23
1294	25	17	41	49	0.020369	3.97
1295	25	17	49	57	0.007689	2.47
1296	25	17	57	65	0.004064	2.58
1297	25	16	34	43	0.107327	4.29
1298	25	16	43	52	0.016538	3.63
1299	25	16	52	61	0.007176	2.15
1300	25	16	61	70	0.003443	1.46
1301	26	25	27	28	1.141533	1.32
1302	26	25	28	29	0.284779	2.07
1303	26	25	29	30	0.104872	1.98
1304	26	25	30	31	0.056369	3.15
1305	26	25	31	32	0.040028	3.24
1306	26	25	32	33	0.018353	2.79
1307	26	25	33	34	0.012855	3.04
1308	26	25	34	35	0.010436	3.51
1309	26	24	28	30	0.546278	2.16
1310	26	24	30	32	0.1503	3.38
1311	26	24	32	34	0.05069	3.18
1312	26	24	34	36	0.028175	3.63
1313	26	24	36	38	0.017048	4.17
1314	26	24	38	40	0.008228	4.35
1315	26	24	40	42	0.005613	5.4
1316	26	24	42	44	0.003131	5.56
1317	26	23	29	32	0.371926	2.82
1318	26	23	32	35	0.087722	3.42
1319	26	23	35	38	0.036916	4.28
1320	26	23	38	41	0.015393	4.63
1321	26	23	41	44	0.007577	4.44
1322	26	23	44	47	0.003663	1.91
1323	26	23	47	50	0.002302	1.72
1324	26	23	50	53	0.001753	4.94
1325	26	22	30	34	0.287061	3.44
1326	26	22	34	38	0.070208	4.02
1327	26	22	38	42	0.022505	4.26
1328	26	22	42	46	0.00855	4.63
1329	26	22	46	50	0.004136	4.06
1330	26	22	58	62	0.001381	2.39
1331	26	21	31	36	0.231322	3.51
1332	26	21	36	41	0.051477	4.38
1333	26	21	41	46	0.014509	4.6
1334	26	21	46	51	0.005758	3.69
1335	26	21	51	56	0.003656	3.48
1336	26	21	56	61	0.002468	1.32
1337	26	21	61	66	0.001487	2.11
1338	26	21	66	71	0.001105	2.25
1339	26	20	32	38	0.174631	3.78
1340	26	20	38	44	0.035125	4.62
1341	26	20	44	50	0.009787	4.7
1342	26	20	50	56	0.005193	3.69
1343	26	20	56	62	0.00327	3.63
1344	26	20	62	68	0.00182	4.21
1345	26	19	33	40	0.148387	4.06
1346	26	19	40	47	0.026628	4.41
1347	26	19	54	61	0.004672	2.37
1348	26	19	61	68	0.002539	2.23
1349	26	18	34	42	0.128421	4.28
1350	26	18	42	50	0.019746	4.23
1351	26	18	50	58	0.008061	3.68
1352	26	18	58	66	0.003992	3.78
1353	26	17	35	44	0.105487	4.41
1354	26	17	44	53	0.016468	3.41
1355	26	17	53	62	0.007326	2.94
1356	26	17	62	71	0.003515	2.34
1357	27	26	28	29	1.114511	1.52
1358	27	26	29	30	0.228877	1.44
1359	27	26	30	31	0.098814	2.94
1360	27	26	31	32	0.061457	2.97
1361	27	26	32	33	0.025908	2.5
1362	27	26	33	34	0.017377	3.18
1363	27	26	34	35	0.013711	3.63
1364	27	26	35	36	0.008313	4.02
1365	27	25	29	31	0.48889	2.08
1366	27	25	31	33	0.145843	2.86
1367	27	25	33	35	0.054434	3.41
1368	27	25	35	37	0.028393	3.93
1369	27	25	37	39	0.014951	4.2
1370	27	25	39	41	0.008816	4.17
1371	27	25	41	43	0.005115	3.34
1372	27	25	43	45	0.003012	3.85
1373	27	24	30	33	0.366067	3.04
1374	27	24	33	36	0.088705	3.45
1375	27	24	36	39	0.037295	4.21
1376	27	24	39	42	0.015744	4.5
1377	27	24	42	45	0.006974	4.67
1378	27	24	45	48	0.003411	3.79
1379	27	24	48	51	0.002382	5.03
1380	27	23	31	35	0.286036	3.13
1381	27	23	35	39	0.067027	4.11
1382	27	23	39	43	0.022575	4.6
1383	27	23	43	47	0.008144	4.57
1384	27	23	47	51	0.004128	3.79
1385	27	23	51	55	0.002866	4.77
1386	27	23	55	59	0.00208	4.25
1387	27	23	59	63	0.001365	10.08
1388	27	22	32	37	0.207588	3.41
1389	27	22	37	42	0.048166	4.23
1390	27	22	42	47	0.0135	4.79
1391	27	22	47	52	0.005919	3.36
1392	27	22	52	57	0.003649	1.75
1393	27	22	57	62	0.002455	1.68
1394	27	22	62	67	0.001447	3.79
1395	27	22	67	72	0.001144	3.13
1396	27	21	33	39	0.177266	3.88
1397	27	21	39	45	0.034963	4.29
1398	27	21	45	51	0.009585	2.92
1399	27	21	51	57	0.005388	3.17
1400	27	21	57	63	0.003256	2.76
1401	27	21	63	69	0.001795	3.13
1402	27	20	34	41	0.151133	4.12
1403	27	20	41	48	0.024806	4.09
1404	27	20	48	55	0.00874	3.18
1405	27	20	55	62	0.004857	3.68
1406	27	20	62	69	0.002491	3.18
1407	27	19	35	43	0.123229	4.25
1408	27	19	43	51	0.019007	3.76
1409	27	19	51	59	0.008197	2.98
1410	27	19	59	67	0.00391	2.08
1411	27	18	36	45	0.105863	4.47
1412	27	18	63	72	0.003555	2.66
1413	28	27	30	31	0.278071	2.43
1414	28	27	31	32	0.130782	2.71
1415	28	27	32	33	0.047632	2.04
1416	28	27	33	34	0.029601	2.92
1417	28	27	34	35	0.022231	3.3
1418	28	27	35	36	0.013159	3.34
1419	28	27	36	37	0.011388	3.69
1420	28	26	30	32	0.569048	2.64
1421	28	26	32	34	0.120639	2.47
1422	28	26	34	36	0.057461	3.27
1423	28	26	36	38	0.031445	3.87
1424	28	26	38	40	0.01407	4.17
1425	28	26	40	42	0.009052	4.62
1426	28	26	42	44	0.004784	3.41
1427	28	26	44	46	0.002784	7.06
1428	28	25	31	34	0.384212	2.71
1429	28	25	34	37	0.099453	3.53
1430	28	25	37	40	0.035514	4.2
1431	28	25	40	43	0.015972	4.3
1432	28	25	43	46	0.006774	3.41
1433	28	25	46	49	0.003621	2.9
1434	28	25	49	52	0.002572	1.84
1435	28	25	52	55	0.001786	6.64
1436	28	24	32	36	0.256909	2.96
1437	28	24	36	40	0.070864	4.02
1438	28	24	40	44	0.022599	4.49
1439	28	24	44	48	0.007816	4.09
1440	28	24	48	52	0.004515	0.68
1441	28	24	52	56	0.002882	0.85
1442	28	24	56	60	0.002146	3.54
1443	28	24	60	64	0.001368	2.11
1444	28	23	33	38	0.222633	3.54
1445	28	23	38	43	0.046904	4.23
1446	28	23	43	48	0.013098	3.96
1447	28	23	48	53	0.006328	4.65
1448	28	23	53	58	0.003874	3.21
1449	28	23	58	63	0.0024	5.26
1450	28	23	63	68	0.001483	0.29
1451	28	22	34	40	0.18644	3.9
1452	28	22	40	46	0.034454	4.46
1453	28	22	46	52	0.01009	4.0
1454	28	22	52	58	0.005566	5.0
1455	28	22	58	64	0.003169	4.35
1456	28	22	64	70	0.001851	5.79
1457	28	21	35	42	0.151025	4.12
1458	28	21	42	49	0.023934	4.33
1459	28	21	49	56	0.009046	3.15
1460	28	21	56	63	0.004964	3.06
1461	28	21	63	70	0.002539	3.78
1462	28	20	36	44	0.127495	4.33
1463	28	20	44	52	0.019087	3.25
1464	28	20	52	60	0.008318	3.36
1465	28	20	60	68	0.003958	1.97
1466	29	28	30	31	1.753035	1.84
1467	29	28	31	32	0.371228	1.75
1468	29	28	32	33	0.095415	1.44
1469	29	28	33	34	0.051988	2.56
1470	29	28	34	35	0.036461	3.0
1471	29	28	35	36	0.020632	2.69
1472	29	28	36	37	0.017132	3.18
1473	29	28	37	38	0.010863	3.69
1474	29	27	31	33	0.644414	1.95
1475	29	27	33	35	0.140311	2.79
1476	29	27	35	37	0.062332	3.41
1477	29	27	37	39	0.029451	3.9
1478	29	27	39	41	0.016094	4.28
1479	29	27	41	43	0.008714	4.25
1480	29	27	43	45	0.00486	7.71
1481	29	27	45	47	0.002771	4.84
1482	29	26	32	35	0.339989	2.4
1483	29	26	35	38	0.101631	3.51
1484	29	26	38	41	0.035182	4.09
1485	29	26	41	44	0.015135	4.57
1486	29	26	44	47	0.006538	4.37
1487	29	26	47	50	0.003736	0.33
1488	29	26	50	53	0.002667	12.08
1489	29	26	53	56	0.001835	4.08
1490	29	25	33	37	0.285432	3.18
1491	29	25	37	41	0.06939	3.92
1492	29	25	41	45	0.021744	4.37
1493	29	25	45	49	0.007878	3.88
1494	29	25	49	53	0.004778	4.11
1495	29	25	53	57	0.003052	4.71
1496	29	25	57	61	0.002185	3.9
1497	29	25	61	65	0.001382	2.82
1498	29	24	34	39	0.237993	3.56
1499	29	24	39	44	0.048583	4.06
1500	29	24	44	49	0.012956	3.87
1501	29	24	59	64	0.002432	4.28
1502	29	24	64	69	0.001496	6.2
1503	29	23	35	41	0.189087	3.94
1504	29	23	41	47	0.032987	4.12
1505	29	23	47	53	0.010504	4.12
1506	29	23	53	59	0.005784	4.56
1507	29	23	59	65	0.003138	2.34
1508	29	23	65	71	0.002025	3.71
1509	29	22	36	43	0.158445	4.12
1510	29	22	43	50	0.023757	4.06
1511	29	22	50	57	0.009416	3.46
1512	29	22	57	64	0.005009	2.59
1513	29	22	64	71	0.002678	4.02
1514	29	21	37	45	0.123024	4.23
1515	29	21	45	53	0.019339	2.73
1516	29	21	53	61	0.008535	3.27
1517	29	21	61	69	0.004017	2.21
1518	30	29	31	32	2.455627	0.54
1519	30	29	33	34	0.093842	1.64
1520	30	29	34	35	0.058655	2.25
1521	30	29	35	36	0.030639	2.66
1522	30	29	36	37	0.024574	2.59
1523	30	29	37	38	0.014911	2.79
1524	30	29	38	39	0.008713	4.6
1525	30	28	32	34	0.476798	0.57
1526	30	28	34	36	0.146532	2.46
1527	30	28	36	38	0.067583	3.19
1528	30	28	38	40	0.027164	3.88
1529	30	28	40	42	0.016157	4.57
1530	30	28	42	44	0.007975	5.56
1531	30	28	44	46	0.00438	2.76
1532	30	28	46	48	0.002652	4.94
1533	30	27	33	36	0.357213	2.44
1534	30	27	36	39	0.106303	3.39
1535	30	27	39	42	0.037034	3.74
1536	30	27	42	45	0.0142	4.71
1537	30	27	45	48	0.006157	4.63
1538	30	27	48	51	0.003928	5.69
1539	30	26	34	38	0.302896	2.98
1540	30	26	38	42	0.066495	3.63
1541	30	26	42	46	0.019934	4.5
1542	30	26	46	50	0.007966	4.2
1543	30	26	62	66	0.001318	7.74
1544	30	25	35	40	0.234551	3.5
1545	30	25	40	45	0.047871	4.25
1546	30	25	45	50	0.012767	3.63
1547	30	25	50	55	0.006693	3.21
1548	30	25	55	60	0.004207	5.99
1549	30	25	60	65	0.002361	6.29
1550	30	25	65	70	0.001573	4.35
1551	30	24	36	42	0.196363	3.81
1552	30	24	42	48	0.03084	4.05
1553	30	24	60	66	0.003136	4.98
1554	30	23	37	44	0.149784	4.02
1555	30	23	44	51	0.023113	3.51
1556	30	23	51	58	0.009937	3.6
1557	30	23	58	65	0.004768	3.99
1558	30	23	65	72	0.002823	3.25
1559	30	22	38	46	0.117439	4.29
1560	30	22	62	70	0.004009	1.81
1561	31	30	32	33	1.681828	1.11
1562	31	30	33	34	0.259485	1.2
1563	31	30	34	35	0.124031	1.95
1564	31	30	35	36	0.058845	2.31
1565	31	30	36	37	0.041102	2.59
1566	31	30	37	38	0.023884	2.82
1567	31	30	38	39	0.013176	2.46
1568	31	30	39	40	0.010121	2.33
1569	31	29	33	35	0.53624	1.68
1570	31	29	35	37	0.155345	2.69
1571	31	29	37	39	0.06075	3.09
1572	31	29	39	41	0.029935	3.65
1573	31	29	41	43	0.014831	4.0
1574	31	29	43	45	0.007641	3.0
1575	31	29	45	47	0.004089	7.9
1576	31	28	34	37	0.412513	2.54
1577	31	28	37	40	0.100354	3.33
1578	31	28	40	43	0.037053	3.75
1579	31	28	43	46	0.013497	3.25
1580	31	28	46	49	0.006377	3.1
1581	31	28	52	55	0.00274	3.44
1582	31	28	55	58	0.002112	4.38
1583	31	27	35	39	0.30799	3.09
1584	31	27	39	43	0.069716	3.82
1585	31	27	43	47	0.019467	3.84
1586	31	27	47	51	0.00818	3.0
1587	31	27	51	55	0.005036	5.85
1588	31	27	55	59	0.003404	3.1
1589	31	27	63	67	0.001345	4.43
1590	31	26	36	41	0.251158	3.56
1591	31	26	41	46	0.044827	4.0
1592	31	26	46	51	0.013025	3.09
1593	31	26	51	56	0.006997	3.93
1594	31	26	56	61	0.004257	2.28
1595	31	26	61	66	0.002402	7.5
1596	31	26	66	71	0.001664	1.54
1597	31	25	37	43	0.188885	3.74
1598	31	25	43	49	0.030357	3.51
1599	31	25	49	55	0.011273	2.69
1600	31	25	55	61	0.00614	1.48
1601	31	25	61	67	0.003189	2.22
1602	31	24	38	45	0.145698	4.02
1603	31	24	45	52	0.023271	3.27
1604	31	24	52	59	0.010045	3.33
1605	31	24	59	66	0.004785	2.75
1606	31	23	39	47	0.11986	4.28
1607	31	23	47	55	0.020303	2.15
1608	31	23	55	63	0.009011	4.91
1609	31	23	63	71	0.004155	2.78
1610	32	31	33	34	1.499917	2.4
1611	32	31	34	35	0.37809	2.27
1612	32	31	35	36	0.140034	2.67
1613	32	31	36	37	0.08776	3.29
1614	32	31	37	38	0.046866	3.42
1615	32	31	38	39	0.024719	4.14
1616	32	31	39	40	0.01834	4.04
1617	32	31	40	41	0.013463	4.88
1618	32	30	34	36	0.701391	2.35
1619	32	30	36	38	0.199842	3.3
1620	32	30	38	40	0.066502	3.71
1621	32	30	40	42	0.035278	4.2
1622	32	30	42	44	0.015918	4.28
1623	32	30	44	46	0.008064	4.77
1624	32	30	46	48	0.004609	3.69
1625	32	30	48	50	0.003321	3.48
1626	32	29	35	38	0.46894	2.97
1627	32	29	38	41	0.108497	3.76
1628	32	29	41	44	0.038093	4.23
1629	32	29	44	47	0.013928	4.21
1630	32	29	47	50	0.007	5.24
1631	32	29	50	53	0.004591	2.96
1632	32	29	53	56	0.002984	7.85
1633	32	29	56	59	0.002333	8.6
1634	32	28	36	40	0.360951	3.39
1635	32	28	40	44	0.075373	4.26
1636	32	28	44	48	0.019798	4.81
1637	32	28	48	52	0.009407	4.46
1638	32	28	52	56	0.005358	3.72
1639	32	28	56	60	0.003693	4.7
1640	32	28	60	64	0.002254	4.89
1641	32	27	37	42	0.262736	3.66
1642	32	27	42	47	0.045492	4.38
1643	32	27	47	52	0.014442	4.14
1644	32	27	52	57	0.007512	4.35
1645	32	27	57	62	0.004566	4.08
1646	32	27	62	67	0.002522	7.9
1647	32	27	67	72	0.001896	7.26
1648	32	26	38	44	0.196846	3.94
1649	32	26	44	50	0.031263	3.72
1650	32	26	50	56	0.012166	3.44
1651	32	26	56	62	0.006568	3.34
1652	32	26	62	68	0.003338	1.24
1653	32	25	39	46	0.159527	4.06
1654	32	25	46	53	0.025316	3.21
1655	32	25	53	60	0.010803	2.44
1656	32	25	60	67	0.005048	3.31
1657	32	24	40	48	0.125549	4.25
1658	32	24	48	56	0.022241	3.17
1659	32	24	56	64	0.009502	2.91
1660	32	24	64	72	0.004484	3.25
1661	33	32	34	35	1.373349	1.23
1662	33	32	35	36	0.254551	1.44
1663	33	32	36	37	0.130991	2.19
1664	33	32	37	38	0.059781	2.28
1665	33	32	38	39	0.029595	2.88
1666	33	32	39	40	0.02064	2.11
1667	33	32	40	41	0.014723	2.79
1668	33	32	41	42	0.009386	3.06
1669	33	31	35	37	0.613172	2.13
1670	33	31	37	39	0.16105	2.98
1671	33	31	39	41	0.067213	3.5
1672	33	31	41	43	0.029915	3.82
1673	33	31	43	45	0.014136	4.19
1674	33	31	45	47	0.006988	2.78
1675	33	31	47	49	0.004314	5.26
1676	33	31	49	51	0.003031	5.71
1677	33	30	36	39	0.458025	2.82
1678	33	30	39	42	0.108617	3.3
1679	33	30	42	45	0.033639	4.21
1680	33	30	45	48	0.012363	4.49
1681	33	30	48	51	0.006954	4.91
1682	33	30	57	60	0.002255	2.43
1683	33	29	37	41	0.318976	3.17
1684	33	29	41	45	0.066646	4.02
1685	33	29	45	49	0.018162	4.3
1686	33	29	49	53	0.009156	4.2
1687	33	29	53	57	0.00526	3.85
1688	33	29	57	61	0.003508	4.74
1689	33	29	61	65	0.002102	6.42
1690	33	29	65	69	0.001474	6.64
1691	33	28	38	43	0.239075	3.53
1692	33	28	43	48	0.04148	4.21
1693	33	28	48	53	0.01459	3.71
1694	33	28	53	58	0.007582	2.71
1695	33	28	58	63	0.004269	4.91
1696	33	28	63	68	0.002444	3.71
1697	33	27	39	45	0.193491	3.72
1698	33	27	45	51	0.029483	3.72
1699	33	27	51	57	0.012391	4.11
1700	33	27	57	63	0.006424	2.5
1701	33	27	63	69	0.003251	1.75
1702	33	26	40	47	0.150057	4.08
1703	33	26	47	54	0.023741	9.15
1704	33	26	61	68	0.005001	4.09
1705	34	33	35	36	1.229954	1.14
1706	34	33	36	37	0.342526	1.62
1707	34	33	37	38	0.116998	2.07
1708	34	33	38	39	0.051717	2.35
1709	34	33	39	40	0.033694	2.29
1710	34	33	40	41	0.02293	3.01
1711	34	33	41	42	0.014067	3.0
1712	34	33	42	43	0.008495	4.53
1713	34	32	36	38	0.650132	1.86
1714	34	32	38	40	0.13571	2.49
1715	34	32	40	42	0.061175	3.1
1716	34	32	42	44	0.02441	3.71
1717	34	32	44	46	0.011289	3.63
1718	34	32	46	48	0.005849	3.82
1719	34	32	48	50	0.003964	2.03
1720	34	32	50	52	0.002775	1.44
1721	34	31	37	40	0.402349	2.55
1722	34	31	40	43	0.103711	3.51
1723	34	31	43	46	0.030424	3.96
1724	34	31	46	49	0.01194	3.1
1725	34	31	49	52	0.006911	5.79
1726	34	31	52	55	0.004251	3.18
1727	34	31	55	58	0.003126	8.49
1728	34	31	58	61	0.002023	2.55
1729	34	30	38	42	0.298572	3.03
1730	34	30	42	46	0.059714	4.11
1731	34	30	46	50	0.017818	3.81
1732	34	30	58	62	0.003312	3.85
1733	34	30	66	70	0.001467	10.32
1734	34	29	39	44	0.239762	3.34
1735	34	29	44	49	0.038312	3.88
1736	34	29	59	64	0.004102	4.3
1737	34	28	40	46	0.184663	3.72
1738	34	28	46	52	0.029438	3.66
1739	34	28	52	58	0.012349	8.52
1740	34	28	58	64	0.006037	0.55
1741	34	27	41	48	0.137028	3.94
1742	34	27	48	55	0.025351	3.21
1743	34	27	55	62	0.010856	4.91
1744	34	27	62	69	0.004849	3.29
1745	35	34	36	37	1.659324	0.95
1746	35	34	37	38	0.289557	1.44
1747	35	34	38	39	0.103451	1.92
1748	35	34	39	40	0.06267	1.89
1749	35	34	40	41	0.03954	2.39
1750	35	34	41	42	0.023163	2.56
1751	35	34	42	43	0.013495	3.19
1752	35	34	43	44	0.009	3.5
1753	35	33	37	39	0.561369	1.72
1754	35	33	39	41	0.15888	2.28
1755	35	33	41	43	0.059271	3.25
1756	35	33	43	45	0.024777	3.44
1757	35	33	45	47	0.010964	3.53
1758	35	33	47	49	0.006148	3.5
1759	35	33	51	53	0.003093	2.07
1760	35	32	38	41	0.378944	2.28
1761	35	32	41	44	0.093618	3.13
1762	35	32	44	47	0.027138	4.08
1763	35	32	47	50	0.011285	2.64
1764	35	32	50	53	0.006647	1.36
1765	35	32	53	56	0.004056	0.41
1766	35	32	59	62	0.001902	2.35
1767	35	31	39	43	0.3153	2.82
1768	35	31	43	47	0.056919	3.96
1769	35	31	47	51	0.017616	3.48
1770	35	31	51	55	0.009291	3.79
1771	35	31	55	59	0.005637	1.02
1772	35	31	59	63	0.003247	3.46
1773	35	31	67	71	0.001553	6.21
1774	35	30	40	45	0.239636	3.29
1775	35	30	45	50	0.036922	3.53
1776	35	30	50	55	0.014484	3.27
1777	35	30	55	60	0.007804	0.63
1778	35	30	60	65	0.003983	2.42
1779	35	30	65	70	0.002531	3.24
1780	35	29	41	47	0.172792	3.54
1781	35	29	47	53	0.029569	3.19
1782	35	29	53	59	0.012462	3.06
1783	35	29	59	65	0.005854	2.73
1784	35	29	65	71	0.003437	3.5
1785	35	28	42	49	0.12891	3.93
1786	35	28	49	56	0.025703	2.82
1787	35	28	56	63	0.010953	2.56
1788	35	28	63	70	0.00486	1.98
1789	36	35	37	38	0.888434	1.32
1790	36	35	38	39	0.195982	1.52
1791	36	35	39	40	0.097377	1.53
1792	36	35	40	41	0.05717	2.13
1793	36	35	41	42	0.031451	2.16
1794	36	35	42	43	0.017466	3.21
1795	36	35	43	44	0.011224	2.75
1796	36	35	44	45	0.007189	2.43
1797	36	34	38	40	0.459444	1.65
1798	36	34	40	42	0.151429	2.4
1799	36	34	42	44	0.05127	3.17
1800	36	34	44	46	0.021184	3.71
1801	36	34	46	48	0.009861	3.74
1802	36	34	48	50	0.006165	3.66
1803	36	34	50	52	0.004094	2.71
1804	36	33	39	42	0.38202	2.13
1805	36	33	42	45	0.082757	3.36
1806	36	33	45	48	0.023759	3.72
1807	36	33	48	51	0.011233	2.49
1808	36	33	57	60	0.002913	3.48
1809	36	33	60	63	0.001838	5.22
1810	36	32	40	44	0.288169	2.73
1811	36	32	44	48	0.048228	3.5
1812	36	32	48	52	0.017012	2.98
1813	36	32	52	56	0.00834	4.62
1814	36	32	56	60	0.005194	2.5
1815	36	32	60	64	0.002908	4.09
1816	36	32	64	68	0.001794	2.11
1817	36	32	68	72	0.001443	6.46
1818	36	31	41	46	0.210029	3.18
1819	36	31	46	51	0.034903	3.17
1820	36	31	51	56	0.014345	2.28
1821	36	31	56	61	0.007517	4.4
1822	36	31	61	66	0.003818	2.03
1823	36	31	66	71	0.002531	3.54
1824	36	30	42	48	0.152541	3.62
1825	36	30	60	66	0.005626	2.49
1826	36	30	66	72	0.003456	3.01
1827	36	29	43	50	0.118236	3.65
1828	36	29	50	57	0.02528	2.82
1829	36	29	57	64	0.01046	4.04
1830	36	29	64	71	0.004847	1.8
1831	37	36	38	39	0.817782	1.42
1832	37	36	39	40	0.269234	1.33
1833	37	36	40	41	0.128249	2.17
1834	37	36	41	42	0.063721	2.16
1835	37	36	42	43	0.033085	3.12
1836	37	36	43	44	0.020343	2.86
1837	37	36	44	45	0.01244	3.85
1838	37	36	45	46	0.007234	2.49
1839	37	35	39	41	0.55172	1.65
1840	37	35	41	43	0.145734	2.55
1841	37	35	43	45	0.051249	3.31
1842	37	35	45	47	0.019772	3.6
1843	37	35	47	49	0.009831	2.82
1844	37	35	49	51	0.006078	3.45
1845	37	35	51	53	0.004379	3.79
1846	37	35	53	55	0.002795	2.44
1847	37	34	40	43	0.407318	2.43
1848	37	34	43	46	0.08151	3.46
1849	37	34	46	49	0.024386	3.75
1850	37	34	49	52	0.011912	3.76
1851	37	34	52	55	0.006618	4.92
1852	37	34	55	58	0.004565	4.5
1853	37	34	58	61	0.002775	6.33
1854	37	34	61	64	0.001907	9.2
1855	37	33	41	45	0.280921	2.82
1856	37	33	45	49	0.04674	3.6
1857	37	33	49	53	0.017668	2.73
1858	37	33	53	57	0.008765	3.18
1859	37	33	57	61	0.005255	2.9
1860	37	33	61	65	0.002921	3.82
1861	37	33	65	69	0.001943	1.05
1862	37	32	42	47	0.195655	3.36
1863	37	32	47	52	0.03452	2.91
1864	37	32	52	57	0.013901	2.67
1865	37	32	57	62	0.007283	2.73
1866	37	32	62	67	0.00363	2.82
1867	37	32	67	72	0.002523	2.21
1868	37	31	43	49	0.148308	3.41
1869	37	31	49	55	0.029696	3.65
1870	37	31	55	61	0.012553	3.01
1871	37	31	61	67	0.005654	2.92
1872	37	30	44	51	0.113571	3.38
1873	37	30	51	58	0.026569	2.94
1874	37	30	58	65	0.00999	2.0
1875	37	30	65	72	0.00518	2.0
1876	38	37	39	40	1.229692	0.8
1877	38	37	40	41	0.323023	1.58
1878	38	37	41	42	0.128368	1.69
1879	38	37	42	43	0.058986	2.79
1880	38	37	43	44	0.033731	2.81
1881	38	37	44	45	0.019531	3.48
1882	38	37	45	46	0.010765	4.05
1883	38	37	46	47	0.007105	4.32
1884	38	36	40	42	0.643492	1.77
1885	38	36	42	44	0.146205	2.9
1886	38	36	44	46	0.050012	3.5
1887	38	36	46	48	0.019813	3.22
1888	38	36	48	50	0.010929	3.03
1889	38	36	50	52	0.006642	2.71
1890	38	35	41	44	0.398339	2.34
1891	38	35	44	47	0.076898	3.57
1892	38	35	47	50	0.023813	3.34
1893	38	35	50	53	0.011918	3.5
1894	38	35	53	56	0.00659	3.57
1895	38	35	56	59	0.004571	3.72
1896	38	35	59	62	0.00273	4.41
1897	38	35	62	65	0.001721	6.98
1898	38	34	42	46	0.268627	3.09
1899	38	34	46	50	0.046824	3.27
1900	38	34	58	62	0.00504	4.3
1901	38	34	62	66	0.002864	4.28
1902	38	34	66	70	0.001982	2.83
1903	38	33	43	48	0.190872	3.27
1904	38	33	48	53	0.036162	2.85
1905	38	33	53	58	0.014496	3.22
1906	38	33	58	63	0.006982	2.82
1907	38	33	63	68	0.003637	4.35
1908	38	32	44	50	0.139148	3.45
1909	38	32	50	56	0.029237	2.98
1910	38	32	56	62	0.012261	1.75
1911	38	32	62	68	0.005349	3.45
1912	39	38	40	41	1.169308	0.89
1913	39	38	41	42	0.267111	0.87
1914	39	38	42	43	0.099068	1.98
1915	39	38	43	44	0.051301	2.21
1916	39	38	44	45	0.027496	2.54
1917	39	38	45	46	0.014371	3.06
1918	39	38	46	47	0.009018	2.59
1919	39	38	47	48	0.005302	2.04
1920	39	37	41	43	0.553321	1.46
1921	39	37	43	45	0.132094	2.58
1922	39	37	45	47	0.041293	3.39
1923	39	37	47	49	0.017292	3.17
1924	39	37	49	51	0.009406	2.49
1925	39	37	51	53	0.00624	2.33
1926	39	37	53	55	0.003763	2.44
1927	39	37	55	57	0.002833	1.19
1928	39	36	42	45	0.356011	2.56
1929	39	36	45	48	0.066566	3.44
1930	39	36	48	51	0.023369	3.06
1931	39	36	57	60	0.004333	3.96
1932	39	36	60	63	0.0026	2.69
1933	39	36	63	66	0.001647	4.62
1934	39	35	43	47	0.244367	2.92
1935	39	35	47	51	0.042631	2.94
1936	39	35	51	55	0.017209	2.94
1937	39	35	55	59	0.008962	2.88
1938	39	35	59	63	0.004673	3.07
1939	39	35	63	67	0.002653	4.54
1940	39	34	44	49	0.170916	3.29
1941	39	34	59	64	0.006609	3.24
1942	39	34	64	69	0.00348	0.15
1943	39	33	45	51	0.124907	3.33
1944	39	33	51	57	0.029137	2.82
1945	39	33	57	63	0.011717	2.42
1946	39	33	63	69	0.00512	2.27
1947	40	39	42	43	0.260545	1.46
1948	40	39	43	44	0.111213	1.58
1949	40	39	44	45	0.05432	2.37
1950	40	39	45	46	0.026397	2.86
1951	40	39	46	47	0.015472	2.86
1952	40	39	47	48	0.008535	2.27
1953	40	39	48	49	0.006278	2.19
1954	40	38	42	44	0.521931	1.65
1955	40	38	44	46	0.122591	2.66
1956	40	38	46	48	0.038363	3.07
1957	40	38	48	50	0.017558	2.78
1958	40	38	50	52	0.009417	2.61
1959	40	38	56	58	0.002927	0.75
1960	40	37	43	46	0.349012	2.33
1961	40	37	46	49	0.063772	3.06
1962	40	37	49	52	0.022846	2.79
1963	40	37	52	55	0.010821	2.54
1964	40	37	55	58	0.006727	2.61
1965	40	37	58	61	0.003798	1.02
1966	40	37	61	64	0.002479	1.41
1967	40	37	64	67	0.001559	2.86
1968	40	36	44	48	0.230773	2.96
1969	40	36	48	52	0.044616	2.76
1970	40	36	52	56	0.016723	3.54
1971	40	36	56	60	0.008997	2.92
1972	40	36	60	64	0.004577	2.55
1973	40	36	64	68	0.002678	7.3
1974	40	36	68	72	0.002038	9.68
1975	40	35	45	50	0.15817	3.15
1976	40	35	50	55	0.033707	2.75
1977	40	35	55	60	0.014112	2.81
1978	40	35	60	65	0.006171	2.86
1979	40	35	65	70	0.003557	2.88
1980	40	34	46	52	0.122974	3.04
1981	40	34	52	58	0.028766	2.85
1982	40	34	58	64	0.010986	1.47
1983	40	34	64	70	0.005074	1.41
1984	41	40	42	43	1.273178	0.66
1985	41	40	43	44	0.315786	0.93
1986	41	40	44	45	0.125288	1.77
1987	41	40	45	46	0.054968	2.33
1988	41	40	46	47	0.02967	2.25
1989	41	40	47	48	0.015351	0.78
1990	41	40	48	49	0.010576	1.32
1991	41	40	49	50	0.006785	0.92
1992	41	39	43	45	0.606626	1.36
1993	41	39	45	47	0.126533	2.67
1994	41	39	47	49	0.040763	2.69
1995	41	39	49	51	0.018468	2.5
1996	41	39	51	53	0.010952	3.54
1997	41	39	53	55	0.006123	3.84
1998	41	39	57	59	0.003164	4.53
1999	41	38	44	47	0.356892	2.35
2000	41	38	47	50	0.064154	2.67
2001	41	38	50	53	0.02355	2.7
2002	41	38	53	56	0.011098	3.68
2003	41	38	56	59	0.006918	3.09
2004	41	38	59	62	0.003835	3.78
2005	41	38	62	65	0.00232	6.06
2006	41	38	65	68	0.001697	9.46
2007	41	37	45	49	0.225761	2.83
2008	41	37	49	53	0.045099	2.31
2009	41	37	53	57	0.017085	2.97
2010	41	37	57	61	0.008787	2.52
2011	41	37	61	65	0.004421	2.81
2012	41	37	65	69	0.002734	3.09
2013	41	36	46	51	0.161899	2.81
2014	41	36	51	56	0.035837	2.92
2015	41	36	56	61	0.014431	2.7
2016	41	36	61	66	0.006323	3.3
2017	41	36	66	71	0.003792	0.75
2018	41	35	47	53	0.123395	2.78
2019	41	35	53	59	0.029226	2.62
2020	41	35	59	65	0.010635	3.51
2021	41	35	65	71	0.005423	2.23
2022	42	41	43	44	1.306496	0.22
2023	42	41	44	45	0.303918	1.17
2024	42	41	45	46	0.111219	1.97
2025	42	41	46	47	0.053518	2.17
2026	42	41	47	48	0.025291	1.98
2027	42	41	48	49	0.016142	2.19
2028	42	41	49	50	0.009736	2.17
2029	42	41	50	51	0.006038	2.67
2030	42	40	44	46	0.595074	1.56
2031	42	40	46	48	0.123839	2.25
2032	42	40	48	50	0.043269	2.15
2033	42	40	50	52	0.019391	2.56
2034	42	40	56	58	0.00479	2.44
2035	42	40	58	60	0.002955	3.66
2036	42	39	45	48	0.340416	2.29
2037	42	39	48	51	0.067296	2.37
2038	42	39	57	60	0.007093	2.42
2039	42	39	60	63	0.003937	1.89
2040	42	39	63	66	0.002356	0.29
2041	42	39	66	69	0.001729	3.24
2042	42	38	46	50	0.223033	2.42
2043	42	38	58	62	0.0083	2.92
2044	42	38	62	66	0.004263	3.19
2045	42	38	66	70	0.002747	3.13
2046	42	37	47	52	0.158229	2.5
2047	42	37	52	57	0.035018	2.78
2048	42	37	57	62	0.014146	3.13
2049	42	37	62	67	0.006073	3.65
2050	42	37	67	72	0.003839	2.67
2051	42	36	60	66	0.010586	3.44
2052	42	36	66	72	0.005615	3.65
2053	43	42	44	45	1.129111	0.51
2054	43	42	45	46	0.254341	1.4
2055	43	42	46	47	0.100733	1.71
2056	43	42	47	48	0.042166	1.65
2057	43	42	48	49	0.024545	1.77
2058	43	42	49	50	0.013691	2.0
2059	43	42	50	51	0.008021	1.75
2060	43	42	51	52	0.006416	2.64
2061	43	41	45	47	0.51965	1.64
2062	43	41	47	49	0.10819	1.88
2063	43	41	49	51	0.037519	2.07
2064	43	41	51	53	0.01902	2.11
2065	43	41	53	55	0.009626	2.27
2066	43	41	55	57	0.006379	2.33
2067	43	41	57	59	0.004405	2.44
2068	43	41	59	61	0.002648	2.01
2069	43	40	46	49	0.318006	1.97
2070	43	40	49	52	0.064096	2.04
2071	43	40	52	55	0.023377	2.44
2072	43	40	55	58	0.012537	2.88
2073	43	40	58	61	0.006372	2.42
2074	43	40	61	64	0.003865	3.39
2075	43	40	64	67	0.002317	2.19
2076	43	40	67	70	0.001727	3.45
2077	43	39	47	51	0.204847	2.1
2078	43	39	51	55	0.045749	2.4
2079	43	39	55	59	0.018335	2.81
2080	43	39	59	63	0.008155	2.49
2081	43	39	63	67	0.004203	2.71
2082	43	39	67	71	0.002915	3.84
2083	43	38	48	53	0.155718	2.23
2084	43	38	53	58	0.034877	2.47
2085	43	38	58	63	0.013015	3.07
2086	43	38	63	68	0.00586	3.29
2087	44	43	45	46	1.067771	1.11
2088	44	43	46	47	0.246363	1.12
2089	44	43	47	48	0.083602	1.23
2090	44	43	48	49	0.042946	1.35
2091	44	43	49	50	0.021618	1.62
2092	44	43	50	51	0.011724	1.81
2093	44	43	51	52	0.008953	2.37
2094	44	43	52	53	0.005542	2.97
2095	44	42	46	48	0.472697	1.29
2096	44	42	48	50	0.102836	1.53
2097	44	42	50	52	0.035144	1.89
2098	44	42	56	58	0.006431	2.0
2099	44	42	58	60	0.003751	1.5
2100	44	42	60	62	0.002495	3.94
2101	44	41	47	50	0.279723	1.58
2102	44	41	50	53	0.059349	1.88
2103	44	41	53	56	0.022148	2.69
2104	44	41	56	59	0.011982	2.17
2105	44	41	59	62	0.005985	2.39
2106	44	41	62	65	0.003372	2.54
2107	44	41	65	68	0.002363	7.12
2108	44	41	68	71	0.001749	0.92
2109	44	40	48	52	0.200646	1.89
2110	44	40	52	56	0.042798	2.46
2111	44	40	56	60	0.017956	2.59
2112	44	40	60	64	0.007811	3.31
2113	44	40	64	68	0.004137	2.56
2114	44	40	68	72	0.002943	3.48
2115	44	39	59	64	0.012617	3.19
2116	44	39	64	69	0.00574	3.54
2117	45	44	46	47	1.163498	0.54
2118	45	44	47	48	0.214895	0.65
2119	45	44	48	49	0.087611	0.99
2120	45	44	49	50	0.037478	0.99
2121	45	44	50	51	0.018147	1.24
2122	45	44	51	52	0.012875	1.48
2123	45	44	52	53	0.007554	2.04
2124	45	43	47	49	0.42889	0.87
2125	45	43	49	51	0.089	1.27
2126	45	43	51	53	0.034939	1.48
2127	45	43	53	55	0.015441	2.01
2128	45	43	55	57	0.009312	2.5
2129	45	43	57	59	0.006032	2.01
2130	45	43	59	61	0.003424	2.04
2131	45	43	61	63	0.002422	2.1
2132	45	42	48	51	0.265836	1.22
2133	45	42	51	54	0.060275	7.12
2134	45	42	57	60	0.011059	2.29
2135	45	42	60	63	0.00554	2.59
2136	45	42	63	66	0.003109	2.0
2137	45	42	66	69	0.002182	4.28
2138	45	42	69	72	0.001788	4.54
2139	45	41	49	53	0.180434	1.54
2140	45	41	53	57	0.040785	2.19
2141	45	41	57	61	0.016551	2.55
2142	45	41	61	65	0.007178	2.61
2143	45	41	65	69	0.004059	4.06
2144	45	40	50	55	0.137442	1.88
2145	45	40	55	60	0.034515	2.43
2146	45	40	60	65	0.011775	2.67
2147	45	40	65	70	0.005886	4.2
2148	46	45	47	48	0.904211	0.09
2149	46	45	48	49	0.215763	0.52
2150	46	45	49	50	0.070657	0.68
2151	46	45	50	51	0.028917	0.75
2152	46	45	51	52	0.018502	1.23
2153	46	45	52	53	0.01008	0.96
2154	46	44	48	50	0.41155	0.73
2155	46	44	50	52	0.078489	1.05
2156	46	44	56	58	0.009063	2.39
2157	46	44	58	60	0.004931	2.31
2158	46	44	60	62	0.003119	3.15
2159	46	44	62	64	0.002101	6.66
2160	46	43	49	52	0.228891	1.05
2161	46	43	52	55	0.049549	1.56
2162	46	43	55	58	0.021126	1.92
2163	46	43	58	61	0.009314	2.08
2164	46	43	61	64	0.005141	2.15
2165	46	43	64	67	0.002899	3.07
2166	46	43	67	70	0.002067	3.06
2167	46	42	58	62	0.014328	2.13
2168	46	42	62	66	0.006417	2.98
2169	46	42	66	70	0.003808	2.15
2170	46	41	51	56	0.130539	1.86
2171	46	41	56	61	0.031917	1.67
2172	46	41	61	66	0.010943	2.76
2173	46	41	66	71	0.005723	2.44
2174	47	46	48	49	1.223023	0.18
2175	47	46	49	50	0.213741	0.49
2176	47	46	50	51	0.065615	0.38
2177	47	46	51	52	0.035556	0.72
2178	47	46	52	53	0.01739	0.78
2179	47	46	55	56	0.004991	2.46
2180	47	45	49	51	0.378748	0.52
2181	47	45	51	53	0.08156	0.9
2182	47	45	53	55	0.028023	1.2
2183	47	45	55	57	0.014808	1.88
2184	47	45	57	59	0.008646	1.62
2185	47	45	59	61	0.004587	1.01
2186	47	45	61	63	0.003083	2.39
2187	47	45	63	65	0.00185	1.11
2188	47	44	50	53	0.214643	0.8
2189	47	44	53	56	0.048011	1.59
2190	47	44	56	59	0.020612	1.41
2191	47	44	59	62	0.008871	2.34
2192	47	44	62	65	0.004572	1.75
2193	47	44	65	68	0.003	2.82
2194	47	44	68	71	0.00213	3.27
2195	47	43	51	55	0.159944	1.24
2196	47	43	55	59	0.038824	1.83
2197	47	43	59	63	0.013539	2.42
2198	47	43	63	67	0.006102	2.71
2199	47	43	67	71	0.003883	3.42
2200	47	42	52	57	0.120947	1.65
2201	47	42	57	62	0.030063	2.0
2202	47	42	62	67	0.01017	2.79
2203	47	42	67	72	0.00563	2.79
2204	48	47	49	50	0.858665	0.08
2205	48	47	50	51	0.152709	0.17
2206	48	47	51	52	0.063996	0.51
2207	48	47	52	53	0.026889	0.68
2208	48	47	55	56	0.006396	2.03
2209	48	47	56	57	0.004625	0.72
2210	48	46	50	52	0.317757	0.33
2211	48	46	56	58	0.015039	0.99
2212	48	46	58	60	0.007407	0.8
2213	48	46	60	62	0.004385	1.12
2214	48	46	62	64	0.002818	3.18
2215	48	46	64	66	0.001778	0.85
2216	48	45	57	60	0.018839	1.36
2217	48	45	60	63	0.008175	1.94
2218	48	45	63	66	0.004207	2.54
2219	48	45	66	69	0.002777	2.91
2220	48	45	69	72	0.002174	1.54
2221	48	44	52	56	0.140017	1.29
2222	48	44	56	60	0.036493	1.08
2223	48	44	60	64	0.012443	1.97
2224	48	44	64	68	0.005775	2.82
2225	48	44	68	72	0.00377	2.56
2226	49	48	51	52	0.205643	0.26
2227	49	48	52	53	0.06396	0.43
2228	49	48	55	56	0.011294	1.35
2229	49	48	56	57	0.007689	0.15
2230	49	48	57	58	0.00568	0.78
2231	49	47	51	53	0.360275	0.32
2232	49	47	53	55	0.07042	0.65
2233	49	47	55	57	0.030027	0.89
2234	49	47	57	59	0.015031	0.87
2235	49	47	59	61	0.007245	1.8
2236	49	47	61	63	0.004554	1.89
2237	49	47	63	65	0.002613	3.41
2238	49	47	65	67	0.001997	3.54
2239	49	46	52	55	0.195689	0.63
2240	49	46	55	58	0.051187	1.05
2241	49	46	58	61	0.017527	1.4
2242	49	46	61	64	0.00844	2.39
2243	49	46	64	67	0.004331	2.43
2244	49	46	67	70	0.002906	2.75
2245	49	45	53	57	0.143184	1.01
2246	49	45	57	61	0.03553	1.02
2247	49	45	61	65	0.012129	1.88
2248	49	45	65	69	0.006	1.14
2249	50	49	51	52	1.271572	0.29
2250	50	49	52	53	0.190121	0.24
2251	50	49	53	54	0.066411	15.87
2252	50	49	55	56	0.019728	1.78
2253	50	49	57	58	0.008555	1.32
2254	50	49	58	59	0.004904	0.77
2255	50	48	56	58	0.034291	0.14
2256	50	48	58	60	0.01444	0.24
2257	50	48	60	62	0.007755	0.9
2258	50	48	62	64	0.004677	1.14
2259	50	48	64	66	0.00281	1.89
2260	50	48	66	68	0.002192	1.91
2261	50	47	53	56	0.204881	0.63
2262	50	47	56	59	0.05323	0.22
2263	50	47	59	62	0.017835	1.27
2264	50	47	62	65	0.008013	1.83
2265	50	47	65	68	0.0048	2.35
2266	50	47	68	71	0.003175	2.03
2267	50	46	58	62	0.034036	0.92
2268	50	46	62	66	0.012101	1.77
2269	50	46	66	70	0.006287	0.49
2270	51	50	55	56	0.034992	1.4
2271	51	50	57	58	0.012862	0.57
2272	51	50	59	60	0.004816	1.09
2273	51	49	53	55	0.337007	0.15
2274	51	49	55	57	0.087159	0.6
2275	51	49	57	59	0.033326	0.33
2276	51	49	59	61	0.01396	0.41
2277	51	49	61	63	0.007965	1.08
2278	51	49	63	65	0.004269	1.22
2279	51	49	65	67	0.003104	0.78
2280	51	49	67	69	0.002132	0.75
2281	51	48	57	60	0.053409	0.26
2282	51	48	60	63	0.018026	1.06
2283	51	48	63	66	0.008119	1.53
2284	51	48	66	69	0.004903	2.43
2285	51	48	69	72	0.003547	1.12
2286	51	47	55	59	0.165429	0.7
2287	51	47	59	63	0.033798	0.66
2288	51	47	63	67	0.012007	2.08
2289	51	47	67	71	0.006673	2.22
2290	52	51	55	56	0.084941	1.05
2291	52	51	58	59	0.012486	0.26
2292	52	51	59	60	0.008234	1.09
2293	52	51	60	61	0.005164	1.19
2294	52	50	58	60	0.03255	0.12
2295	52	50	60	62	0.015051	1.06
2296	52	50	62	64	0.008258	1.26
2297	52	50	64	66	0.004634	2.56
2298	52	50	66	68	0.003435	3.3
2299	52	50	68	70	0.002348	3.94
2300	52	49	55	58	0.260359	0.38
2301	52	49	58	61	0.051831	0.01
2302	52	49	61	64	0.01961	1.23
2303	52	49	64	67	0.00872	1.81
2304	52	48	60	64	0.035772	0.72
2305	52	48	64	68	0.013113	1.27
2306	52	48	68	72	0.007443	2.23
2307	53	52	55	56	0.243555	1.19
2308	53	52	58	59	0.019584	0.11
2309	53	52	59	60	0.011928	0.33
2310	53	52	60	61	0.007117	1.67
2311	53	52	61	62	0.005358	2.47
2312	53	51	55	57	0.458121	0.42
2313	53	51	59	61	0.0325	0.27
2314	53	51	61	63	0.016003	0.73
2315	53	51	63	65	0.007818	0.55
2316	53	51	65	67	0.00533	2.34
2317	53	51	67	69	0.003497	0.33
2318	53	51	69	71	0.002832	2.01
2319	53	50	62	65	0.018582	1.23
2320	53	50	65	68	0.009663	2.25
2321	53	50	68	71	0.005825	0.39
2322	54	53	55	56	1.559499	7.0
2323	54	53	62	63	0.005057	0.49
2324	54	52	60	62	0.031143	0.26
2325	54	52	62	64	0.014863	1.06
2326	54	52	64	66	0.007606	0.33
2327	54	52	66	68	0.005324	0.22
2328	54	52	68	70	0.003473	5.93
2329	54	52	70	72	0.002897	6.09
2330	54	51	60	63	0.052119	0.14
2331	54	51	63	66	0.01865	0.7
2332	54	51	66	69	0.009869	1.12
2333	54	51	69	72	0.006485	1.05
2334	55	54	57	58	0.188518	0.33
2335	55	54	58	59	0.057392	0.03
2336	55	54	59	60	0.030259	0.24
2337	55	54	60	61	0.015346	0.93
2338	55	54	61	62	0.010581	2.58
2339	55	54	62	63	0.006694	1.02
2340	55	54	63	64	0.004427	4.98
2341	55	53	57	59	0.369065	0.15
2342	55	53	61	63	0.030193	0.89
2343	55	53	63	65	0.013071	1.02
2344	55	53	65	67	0.008195	2.23
2345	55	53	69	71	0.003906	1.12
2346	55	52	58	61	0.206859	0.08
2347	55	52	61	64	0.049919	0.63
2348	55	52	64	67	0.017847	2.33
2349	55	52	67	70	0.009709	0.72
2350	56	55	60	61	0.028667	0.32
2351	56	55	61	62	0.017656	0.69
2352	56	55	62	63	0.010436	1.26
2353	56	55	63	64	0.006686	2.94
2354	56	55	64	65	0.004021	2.92
2355	56	54	60	62	0.072356	0.46
2356	56	54	62	64	0.028344	0.69
2357	56	54	64	66	0.012918	0.95
2358	56	54	66	68	0.008382	0.83
2359	56	54	68	70	0.005139	2.35
2360	56	54	70	72	0.004141	6.82
2361	56	53	59	62	0.204256	0.29
2362	56	53	62	65	0.046101	0.42
2363	56	53	65	68	0.019549	1.2
2364	56	53	68	71	0.010373	1.08
2365	57	56	60	61	0.05827	0.22
2366	57	56	61	62	0.031605	0.29
2367	57	56	62	63	0.017236	0.58
2368	57	56	63	64	0.01043	0.7
2369	57	56	65	66	0.005135	2.04
2370	57	55	61	63	0.076984	0.49
2371	57	55	63	65	0.027191	0.92
2372	57	55	65	67	0.015228	1.16
2373	57	55	67	69	0.008685	1.81
2374	57	55	69	71	0.006371	0.15
2375	57	54	60	63	0.196669	0.41
2376	57	54	63	66	0.045733	1.35
2377	57	54	66	69	0.019945	1.09
2378	57	54	69	72	0.011545	1.27
2379	58	57	59	60	0.801369	0.01
2380	58	57	60	61	0.1622	0.21
2381	58	57	61	62	0.070424	0.81
2382	58	57	62	63	0.033608	0.18
2383	58	57	63	64	0.018649	1.29
2384	58	57	65	66	0.008291	0.85
2385	58	57	66	67	0.005931	2.4
2386	58	56	60	62	0.322486	0.39
2387	58	56	62	64	0.079962	0.57
2388	58	56	64	66	0.029621	0.87
2389	58	56	66	68	0.017201	0.75
2390	58	56	68	70	0.009723	0.93
2391	58	56	70	72	0.007394	0.18
2392	59	58	61	62	0.158473	0.45
2393	59	58	63	64	0.028289	0.95
2394	59	58	64	65	0.014105	0.08
2395	59	58	65	66	0.010833	0.9
2396	59	58	66	67	0.007404	0.99
2397	59	58	67	68	0.005383	0.8
2398	59	57	61	63	0.320876	0.42
2399	59	57	63	65	0.071211	0.8
2400	59	57	65	67	0.032481	0.85
2401	59	57	67	69	0.016598	1.2
2402	59	57	69	71	0.011104	0.7
2403	60	59	61	62	0.636757	0.52
2404	60	59	62	63	0.132993	0.01
2405	60	59	63	64	0.052114	1.09
2406	60	59	65	66	0.016301	1.24
2407	60	59	66	67	0.010594	0.6
2408	60	59	67	68	0.00734	0.06
2409	60	59	68	69	0.004662	1.67
2410	60	58	62	64	0.271846	0.3
2411	60	58	64	66	0.064237	0.52
2412	60	58	66	68	0.030755	1.14
2413	60	58	68	70	0.015364	0.9
2414	60	58	70	72	0.010767	0.96
2415	61	60	62	63	0.501523	0.15
2416	61	60	63	64	0.115155	1.12
2417	61	60	65	66	0.025916	0.93
2418	61	60	66	67	0.015412	0.85
2419	61	60	67	68	0.01014	0.24
2420	61	60	68	69	0.006266	0.33
2421	61	60	69	70	0.005052	0.73
2422	61	59	63	65	0.231559	0.78
2423	61	59	65	67	0.06825	1.05
2424	61	59	67	69	0.028435	0.65
2425	61	59	69	71	0.016917	1.26
2426	62	61	63	64	0.529001	1.5
2427	62	61	65	66	0.055523	1.03
2428	62	61	66	67	0.028925	0.61
2429	62	61	67	68	0.017466	0.52
2430	62	61	68	69	0.010126	0.8
2431	62	61	69	70	0.007851	0.24
2432	62	61	70	71	0.006511	0.52
2433	62	60	64	66	0.234157	0.18
2434	62	60	66	68	0.071957	0.68
2435	62	60	68	70	0.029313	0.84
2436	62	60	70	72	0.018104	0.95
2437	63	62	65	66	0.124976	1.01
2438	63	62	66	67	0.051185	0.52
2439	63	62	67	68	0.027267	0.49
2440	63	62	68	69	0.014577	0.89
2441	63	62	69	70	0.010708	0.65
2442	63	62	70	71	0.008493	0.69
2443	63	62	71	72	0.005369	0.36
2444	64	63	65	66	0.686856	1.54
2445	64	63	66	67	0.130519	0.35
2446	64	63	67	68	0.052379	0.48
2447	64	63	68	69	0.024216	1.03
2448	64	63	69	70	0.016419	0.73
2449	64	63	70	71	0.012225	0.6
2450	64	63	71	72	0.007349	0.75
2451	65	64	66	67	0.522203	0.01
2452	65	64	67	68	0.106619	0.27
2453	65	64	68	69	0.037951	0.9
2454	65	64	69	70	0.023004	0.66
2455	65	64	70	71	0.015769	0.57
2456	65	64	71	72	0.008949	1.17
2457	66	65	67	68	0.571343	0.06
2458	66	65	68	69	0.103861	0.54
2459	66	65	69	70	0.05034	0.33
2460	66	65	70	71	0.030269	0.52
2461	66	65	71	72	0.015803	1.02
2462	67	66	68	69	0.44791	0.46
2463	67	66	69	70	0.117974	0.29
2464	67	66	70	71	0.05569	0.33
2465	67	66	71	72	0.025432	0.73
