2330
1	2	1	3	4	2.896747	0.04
2	2	1	4	5	0.393252	0.24
3	2	1	5	6	0.138151	1.22
4	2	1	6	7	0.068771	0.2
5	2	1	7	8	0.034364	1.47
6	2	1	8	9	0.025015	1.35
7	2	1	9	10	0.015284	2.85
8	2	1	10	11	0.012803	3.62
9	3	2	4	5	1.883039	0.18
10	3	2	5	6	0.32828	0.87
11	3	2	6	7	0.117518	-0.29
12	3	2	7	8	0.049944	0.7
13	3	2	8	9	0.032797	0.65
14	3	2	9	10	0.019037	2.17
15	3	2	10	11	0.015321	2.03
16	3	2	11	12	0.009433	3.17
17	3	1	5	7	0.652591	0.65
18	3	1	7	9	0.142192	1.02
19	3	1	9	11	0.062486	2.22
20	3	1	11	13	0.030971	2.64
21	3	1	13	15	0.018285	2.54
22	3	1	15	17	0.011983	2.62
23	3	1	17	19	0.008775	1.88
24	3	1	19	21	0.00648	2.82
25	4	3	5	6	1.622149	1.67
26	4	3	6	7	0.305237	-0.09
27	4	3	7	8	0.096551	0.96
28	4	3	8	9	0.053467	0.98
29	4	3	9	10	0.027833	1.6
30	4	3	10	11	0.020941	1.91
31	4	3	11	12	0.012193	1.3
32	4	3	12	13	0.008792	2.54
33	4	2	6	8	0.569058	0.09
34	4	2	8	10	0.133181	1.24
35	4	2	10	12	0.057969	1.92
36	4	2	12	14	0.027516	2.61
37	4	2	14	16	0.016469	3.27
38	4	2	16	18	0.011343	3.12
39	4	2	18	20	0.008322	3.01
40	4	2	20	22	0.0058	3.65
41	4	1	7	10	0.354279	1.16
42	4	1	10	13	0.101101	2.0
43	4	1	13	16	0.039826	3.45
44	4	1	16	19	0.02298	3.34
45	4	1	28	31	0.005069	4.59
46	5	4	6	7	1.623291	0.0
47	5	4	7	8	0.277804	1.08
48	5	4	8	9	0.112662	0.8
49	5	4	9	10	0.049054	1.14
50	5	4	10	11	0.033178	1.54
51	5	4	11	12	0.017783	1.3
52	5	4	12	13	0.012137	1.11
53	5	3	7	9	0.540294	0.98
54	5	3	9	11	0.131065	1.38
55	5	3	11	13	0.050949	1.38
56	5	3	13	15	0.026419	3.09
57	5	3	15	17	0.016185	3.68
58	5	3	17	19	0.011268	3.25
59	5	3	19	21	0.008081	3.41
60	5	3	21	23	0.005331	4.53
61	5	2	8	11	0.364285	1.16
62	5	2	11	14	0.087579	1.91
63	5	2	14	17	0.038377	2.56
64	5	2	17	20	0.021912	3.44
65	5	2	20	23	0.012809	3.75
66	5	2	23	26	0.009918	4.25
67	5	2	26	29	0.006962	3.56
68	5	2	29	32	0.005251	6.44
69	5	1	9	13	0.275413	1.69
70	5	1	13	17	0.072919	2.9
71	5	1	17	21	0.03466	3.1
72	5	1	21	25	0.018958	3.04
73	5	1	25	29	0.012731	5.24
74	5	1	29	33	0.008887	5.96
75	5	1	33	37	0.00606	5.08
76	5	1	37	41	0.003775	5.5
77	6	5	7	8	1.693132	1.33
78	6	5	8	9	0.37167	0.69
79	6	5	9	10	0.118935	0.99
80	6	5	10	11	0.067793	1.23
81	6	5	11	12	0.032007	1.19
82	6	5	12	13	0.02008	0.96
83	6	5	14	15	0.00988	3.58
84	6	4	8	10	0.652054	0.73
85	6	4	10	12	0.150821	1.29
86	6	4	12	14	0.053876	1.81
87	6	4	14	16	0.028252	2.71
88	6	4	16	18	0.018074	2.19
89	6	4	18	20	0.012641	4.14
90	6	4	20	22	0.008514	2.79
91	6	4	22	24	0.006336	3.19
92	6	3	9	12	0.37971	1.2
93	6	3	12	15	0.090592	2.03
94	6	3	15	18	0.039758	2.47
95	6	3	18	21	0.023516	3.22
96	6	3	21	24	0.013802	3.21
97	6	3	24	27	0.010538	3.79
98	6	3	27	30	0.007012	5.31
99	6	3	30	33	0.005731	4.88
100	6	2	10	14	0.290128	1.6
101	6	2	14	18	0.074212	2.71
102	6	2	18	22	0.035326	3.53
103	6	2	22	26	0.019961	4.84
104	6	2	26	30	0.012901	4.11
105	6	2	30	34	0.009242	5.69
106	6	2	34	38	0.006038	6.04
107	6	2	38	42	0.003545	4.51
108	6	1	11	16	0.223796	1.92
109	6	1	16	21	0.068668	3.07
110	6	1	21	26	0.031429	3.96
111	6	1	26	31	0.018847	4.16
112	6	1	31	36	0.011888	4.68
113	7	6	8	9	2.117618	0.75
114	7	6	9	10	0.368406	0.75
115	7	6	10	11	0.157723	1.09
116	7	6	11	12	0.060233	0.8
117	7	6	12	13	0.032975	0.42
118	7	6	13	14	0.019929	2.86
119	7	6	14	15	0.014061	1.97
120	7	6	15	16	0.00965	2.4
121	7	5	9	11	0.712513	0.89
122	7	5	11	13	0.145345	0.96
123	7	5	13	15	0.057133	2.37
124	7	5	15	17	0.030797	2.62
125	7	5	17	19	0.019967	2.49
126	7	5	19	21	0.013629	4.11
127	7	5	21	23	0.008707	3.0
128	7	5	23	25	0.007855	3.72
129	7	4	10	13	0.433786	1.06
130	7	4	13	16	0.093641	2.58
131	7	4	16	19	0.044463	2.76
132	7	4	19	22	0.024497	3.58
133	7	4	22	25	0.015702	3.92
134	7	4	25	28	0.011514	4.83
135	7	3	11	15	0.279764	1.5
136	7	3	15	19	0.078262	2.61
137	7	3	19	23	0.035801	3.82
138	7	3	23	27	0.02273	3.94
139	7	3	27	31	0.013531	4.92
140	7	3	31	35	0.009597	5.52
141	7	3	35	39	0.006089	6.07
142	7	3	39	43	0.003622	5.62
143	7	2	12	17	0.227429	1.98
144	7	2	17	22	0.069853	3.15
145	7	2	22	27	0.033792	3.97
146	7	2	27	32	0.019227	4.89
147	7	2	32	37	0.012101	5.37
148	7	2	42	47	0.003894	5.19
149	7	1	13	19	0.200892	2.54
150	7	1	19	25	0.06379	3.71
151	7	1	25	31	0.031565	4.09
152	7	1	31	37	0.017867	3.9
153	7	1	37	43	0.008831	5.88
154	7	1	43	49	0.004826	6.38
155	8	7	9	10	1.768731	0.81
156	8	7	10	11	0.443458	1.26
157	8	7	11	12	0.120162	1.05
158	8	7	12	13	0.052846	0.95
159	8	7	13	14	0.027828	2.27
160	8	7	14	15	0.017852	1.95
161	8	7	15	16	0.01167	3.19
162	8	7	16	17	0.009334	3.0
163	8	6	10	12	0.781389	1.19
164	8	6	12	14	0.133662	1.32
165	8	6	14	16	0.053287	2.21
166	8	6	16	18	0.030245	1.81
167	8	6	18	20	0.019788	3.0
168	8	6	20	22	0.012699	2.98
169	8	6	22	24	0.009123	3.27
170	8	6	24	26	0.007414	3.51
171	8	5	11	14	0.379257	1.19
172	8	5	14	17	0.09367	2.22
173	8	5	17	20	0.044565	2.82
174	8	5	20	23	0.02371	3.85
175	8	5	23	26	0.017086	3.79
176	8	5	26	29	0.011326	3.51
177	8	5	29	32	0.008241	4.91
178	8	4	12	16	0.268986	1.62
179	8	4	16	20	0.080783	2.58
180	8	4	20	24	0.036723	3.46
181	8	4	24	28	0.02317	3.82
182	8	4	28	32	0.013655	3.94
183	8	4	32	36	0.009402	4.7
184	8	4	36	40	0.006006	4.89
185	8	3	13	18	0.220606	2.37
186	8	3	18	23	0.069666	3.31
187	8	3	23	28	0.036166	3.58
188	8	3	28	33	0.019313	3.92
189	8	3	33	38	0.011996	5.69
190	8	3	38	43	0.006252	6.17
191	8	3	43	48	0.003877	7.41
192	8	3	48	53	0.002438	6.75
193	8	2	14	20	0.198484	2.55
194	8	2	20	26	0.063591	3.78
195	8	2	26	32	0.031801	4.86
196	8	2	32	38	0.017542	5.21
197	8	2	38	44	0.00826	3.88
198	8	2	44	50	0.004695	7.61
199	8	1	15	22	0.182228	2.86
200	8	1	22	29	0.060876	4.2
201	8	1	29	36	0.02941	5.1
202	8	1	36	43	0.013635	6.76
203	8	1	43	50	0.006567	7.7
204	8	1	50	57	0.003415	5.31
205	9	8	10	11	3.579141	1.24
206	9	8	11	12	0.51572	1.24
207	9	8	12	13	0.156349	0.84
208	9	8	13	14	0.064633	2.62
209	9	8	14	15	0.035089	1.97
210	9	8	15	16	0.020863	3.38
211	9	8	16	17	0.015546	2.17
212	9	8	17	18	0.010813	3.74
213	9	7	11	13	0.845012	1.09
214	9	7	13	15	0.145499	2.27
215	9	7	15	17	0.057491	2.43
216	9	7	17	19	0.032431	2.79
217	9	7	19	21	0.020532	2.94
218	9	7	21	23	0.012422	3.56
219	9	7	23	25	0.010722	3.12
220	9	7	25	27	0.007856	4.16
221	9	6	12	15	0.421671	1.35
222	9	6	15	18	0.098919	2.29
223	9	6	18	21	0.048232	3.19
224	9	6	21	24	0.025421	3.09
225	9	6	24	27	0.018056	4.06
226	9	6	27	30	0.011347	4.17
227	9	6	30	33	0.008918	4.09
228	9	6	33	36	0.006028	6.15
229	9	5	13	17	0.290882	2.19
230	9	5	17	21	0.086613	2.96
231	9	5	21	25	0.039768	3.71
232	9	5	25	29	0.023906	3.92
233	9	5	29	33	0.015389	4.83
234	9	5	37	41	0.005933	5.15
235	9	4	14	19	0.239338	2.22
236	9	4	19	24	0.074156	3.39
237	9	4	24	29	0.037327	4.23
238	9	4	29	34	0.021327	5.28
239	9	4	34	39	0.012143	4.98
240	9	4	39	44	0.006418	5.55
241	9	4	49	54	0.002535	6.2
242	9	3	15	21	0.210424	2.81
243	9	3	21	27	0.067895	3.63
244	9	3	27	33	0.033046	4.96
245	9	3	33	39	0.017625	6.06
246	9	2	16	23	0.192053	2.86
247	9	2	23	30	0.065401	3.88
248	9	2	30	37	0.030678	4.02
249	9	2	65	72	0.001704	1.44
250	9	1	17	25	0.17996	3.27
251	9	1	25	33	0.060953	4.83
252	9	1	41	49	0.010513	7.62
253	10	9	11	12	2.671446	0.81
254	10	9	12	13	0.46607	0.7
255	10	9	13	14	0.138512	2.19
256	10	9	14	15	0.059581	1.72
257	10	9	15	16	0.031109	2.37
258	10	9	16	17	0.020969	2.62
259	10	9	17	18	0.013716	1.5
260	10	9	18	19	0.010916	3.48
261	10	8	12	14	0.825402	1.08
262	10	8	14	16	0.146742	2.08
263	10	8	16	18	0.061127	2.1
264	10	8	18	20	0.034767	3.44
265	10	8	20	22	0.020517	3.46
266	10	8	22	24	0.013857	3.42
267	10	8	24	26	0.010724	4.56
268	10	8	26	28	0.008405	4.75
269	10	7	13	16	0.407218	2.21
270	10	7	16	19	0.103012	2.37
271	10	7	19	22	0.046476	3.29
272	10	7	22	25	0.026462	3.75
273	10	7	25	28	0.017951	3.9
274	10	7	28	31	0.011052	3.96
275	10	7	31	34	0.008623	4.4
276	10	6	14	18	0.291345	2.1
277	10	6	18	22	0.08782	3.25
278	10	6	22	26	0.041153	4.08
279	10	6	26	30	0.023828	4.19
280	10	6	30	34	0.015713	5.24
281	10	6	34	38	0.009709	5.59
282	10	6	42	46	0.003559	6.36
283	10	5	15	20	0.244303	2.59
284	10	5	20	25	0.076409	3.54
285	10	5	25	30	0.037608	4.0
286	10	5	30	35	0.02206	4.06
287	10	5	35	40	0.011744	7.05
288	10	5	40	45	0.00642	5.76
289	10	5	45	50	0.004008	6.11
290	10	5	50	55	0.002504	7.29
291	10	4	16	22	0.218489	2.59
292	10	4	22	28	0.071711	3.92
293	10	4	28	34	0.033372	4.81
294	10	4	34	40	0.017123	5.18
295	10	4	40	46	0.008361	5.66
296	10	3	17	24	0.196121	3.09
297	10	3	24	31	0.066395	4.2
298	10	3	31	38	0.030717	5.03
299	10	3	38	45	0.012509	6.25
300	10	3	45	52	0.006424	5.43
301	10	2	18	26	0.184296	3.45
302	10	2	26	34	0.061776	4.47
303	10	2	34	42	0.024818	6.39
304	10	2	42	50	0.010255	6.68
305	10	2	50	58	0.004938	6.4
306	10	1	19	28	0.173691	3.66
307	10	1	28	37	0.056122	4.92
308	10	1	37	46	0.020175	4.98
309	10	1	46	55	0.008545	6.82
310	10	1	55	64	0.003707	8.77
311	11	10	12	13	3.076544	0.68
312	11	10	13	14	0.519365	2.16
313	11	10	14	15	0.162145	1.48
314	11	10	15	16	0.070241	2.07
315	11	10	16	17	0.041362	1.32
316	11	10	17	18	0.024839	1.72
317	11	10	18	19	0.018644	2.15
318	11	10	19	20	0.013138	3.15
319	11	9	13	15	0.879364	1.95
320	11	9	15	17	0.1638	1.94
321	11	9	17	19	0.068195	2.37
322	11	9	19	21	0.037452	3.25
323	11	9	21	23	0.020719	3.03
324	11	9	23	25	0.016707	3.51
325	11	9	25	27	0.011687	3.36
326	11	8	14	17	0.456969	1.69
327	11	8	17	20	0.116072	2.88
328	11	8	20	23	0.049777	3.21
329	11	8	23	26	0.031374	3.38
330	11	7	15	19	0.321807	1.62
331	11	7	23	27	0.04703	3.24
332	11	7	27	31	0.024728	4.89
333	11	7	31	35	0.016155	4.37
334	11	7	43	47	0.003658	6.52
335	11	6	16	21	0.272825	2.15
336	11	6	21	26	0.081583	3.57
337	11	6	26	31	0.040227	4.32
338	11	6	31	36	0.022376	4.71
339	11	6	46	51	0.004013	6.42
340	11	6	51	56	0.002557	6.17
341	11	5	17	23	0.234087	2.79
342	11	5	23	29	0.078999	3.85
343	11	5	29	35	0.036601	4.38
344	11	5	35	41	0.017344	6.57
345	11	5	41	47	0.008557	7.3
346	11	4	18	25	0.215461	3.12
347	11	4	25	32	0.07044	4.16
348	11	4	32	39	0.031365	5.12
349	11	4	39	46	0.01283	6.51
350	11	3	19	27	0.196678	3.42
351	11	3	27	35	0.064076	4.17
352	11	3	35	43	0.024862	7.17
353	11	3	43	51	0.010388	5.45
354	11	3	51	59	0.005022	9.09
355	11	2	20	29	0.182133	3.53
356	11	2	29	38	0.059593	4.81
357	11	2	38	47	0.019702	6.25
358	11	2	47	56	0.008484	6.81
359	11	2	56	65	0.003672	7.04
360	11	1	21	31	0.172078	3.9
361	11	1	31	41	0.053194	5.05
362	11	1	41	51	0.016898	6.9
363	11	1	51	61	0.006767	11.22
364	11	1	61	71	0.003806	2.29
365	12	11	13	14	2.701287	2.21
366	12	11	14	15	0.457161	1.35
367	12	11	15	16	0.146211	1.75
368	12	11	16	17	0.069736	0.8
369	12	11	17	18	0.036828	1.52
370	12	11	18	19	0.025489	2.23
371	12	11	19	20	0.01695	2.19
372	12	11	20	21	0.012228	2.19
373	12	10	14	16	0.835446	1.52
374	12	10	16	18	0.172834	1.06
375	12	10	18	20	0.074306	2.34
376	12	10	24	26	0.01685	2.62
377	12	10	26	28	0.012587	3.03
378	12	10	28	30	0.00771	3.75
379	12	9	15	18	0.455049	1.6
380	12	9	18	21	0.121802	2.58
381	12	9	21	24	0.050919	3.01
382	12	9	24	27	0.031576	3.44
383	12	9	27	30	0.018159	3.71
384	12	9	30	33	0.013369	4.28
385	12	9	36	39	0.006072	4.88
386	12	8	16	20	0.34298	1.77
387	12	8	20	24	0.095646	2.91
388	12	8	24	28	0.048606	2.28
389	12	8	32	36	0.015942	4.94
390	12	8	36	40	0.009511	6.21
391	12	8	44	48	0.003655	5.8
392	12	7	17	22	0.277485	2.29
393	12	7	22	27	0.086246	3.34
394	12	7	37	42	0.011217	5.78
395	12	7	42	47	0.006235	6.68
396	12	6	18	24	0.246337	2.86
397	12	6	24	30	0.079225	3.66
398	12	6	30	36	0.037016	4.79
399	12	6	36	42	0.017144	5.01
400	12	6	48	54	0.004726	6.23
401	12	6	54	60	0.002626	8.05
402	12	5	19	26	0.220998	3.03
403	12	5	26	33	0.072973	4.06
404	12	5	33	40	0.030682	5.52
405	12	5	40	47	0.01294	6.78
406	12	5	47	54	0.006586	5.96
407	12	5	54	61	0.003383	8.6
408	12	5	61	68	0.002308	11.77
409	12	4	20	28	0.204103	3.18
410	12	4	28	36	0.064177	4.7
411	12	4	36	44	0.024815	7.43
412	12	4	44	52	0.010242	6.23
413	12	4	60	68	0.002977	7.85
414	12	3	21	30	0.18695	3.58
415	12	3	30	39	0.060468	5.16
416	12	3	39	48	0.01958	5.7
417	12	3	48	57	0.008329	7.96
418	12	3	57	66	0.003829	7.67
419	12	2	22	32	0.179201	3.76
420	12	2	32	42	0.052262	5.15
421	12	2	42	52	0.016446	5.99
422	12	2	62	72	0.003882	3.03
423	12	1	23	34	0.17547	3.94
424	12	1	45	56	0.014348	5.75
425	13	12	14	15	2.505003	1.5
426	13	12	15	16	0.465459	1.6
427	13	12	16	17	0.162831	0.72
428	13	12	17	18	0.071149	0.98
429	13	12	18	19	0.043525	1.74
430	13	12	19	20	0.026667	2.21
431	13	12	20	21	0.01815	1.52
432	13	12	21	22	0.012125	1.42
433	13	11	15	17	0.843964	1.38
434	13	11	17	19	0.17708	1.32
435	13	11	19	21	0.074072	1.97
436	13	11	21	23	0.035474	2.55
437	13	11	23	25	0.025923	2.34
438	13	11	25	27	0.016913	3.09
439	13	11	27	29	0.011093	2.33
440	13	11	29	31	0.008454	3.99
441	13	10	16	19	0.49441	1.14
442	13	10	19	22	0.12509	2.31
443	13	10	22	25	0.056027	2.71
444	13	10	25	28	0.033235	3.69
445	13	10	28	31	0.01856	4.19
446	13	10	31	34	0.013621	4.57
447	13	10	37	40	0.005639	5.55
448	13	9	17	21	0.356693	1.84
449	13	9	21	25	0.098853	2.66
450	13	9	25	29	0.047789	3.34
451	13	9	29	33	0.026798	4.35
452	13	9	33	37	0.015792	4.89
453	13	9	37	41	0.008825	5.28
454	13	9	41	45	0.005324	6.66
455	13	8	18	23	0.294921	2.44
456	13	8	23	28	0.095409	3.18
457	13	8	28	33	0.040786	4.26
458	13	8	33	38	0.02243	5.07
459	13	8	38	43	0.010667	6.31
460	13	7	19	25	0.254017	2.7
461	13	7	25	31	0.080858	3.74
462	13	7	31	37	0.037011	5.24
463	13	7	37	43	0.016144	5.55
464	13	7	43	49	0.008228	7.15
465	13	6	20	27	0.230204	2.88
466	13	6	27	34	0.073466	4.21
467	13	6	34	41	0.029962	5.45
468	13	6	41	48	0.012739	6.42
469	13	6	48	55	0.006466	5.64
470	13	6	55	62	0.003306	8.21
471	13	5	21	29	0.210282	3.09
472	13	5	29	37	0.067932	4.3
473	13	5	37	45	0.023894	4.75
474	13	5	53	61	0.004823	9.21
475	13	4	22	31	0.198071	3.42
476	13	4	31	40	0.060054	4.89
477	13	4	40	49	0.019667	6.46
478	13	4	49	58	0.008316	7.75
479	13	4	58	67	0.003993	9.44
480	13	3	23	33	0.191636	3.69
481	13	3	33	43	0.051377	5.38
482	13	3	43	53	0.016573	6.11
483	13	3	53	63	0.006424	6.29
484	13	2	24	35	0.178362	3.84
485	13	2	35	46	0.04386	6.69
486	13	2	46	57	0.014062	6.68
487	14	13	15	16	2.447791	1.69
488	14	13	16	17	0.4851	0.65
489	14	13	17	18	0.15776	1.01
490	14	13	18	19	0.080207	1.95
491	14	13	19	20	0.043481	2.03
492	14	13	20	21	0.027055	1.02
493	14	13	21	22	0.017017	1.32
494	14	12	16	18	0.876552	0.73
495	14	12	18	20	0.193965	1.98
496	14	12	20	22	0.074422	1.78
497	14	12	22	24	0.039042	2.27
498	14	12	24	26	0.025638	2.13
499	14	12	26	28	0.017811	2.47
500	14	12	28	30	0.010374	3.21
501	14	12	30	32	0.00898	3.31
502	14	11	17	20	0.50204	1.47
503	14	11	20	23	0.121481	2.1
504	14	11	23	26	0.059765	2.39
505	14	11	26	29	0.03167	3.45
506	14	11	29	32	0.0195	4.14
507	14	11	32	35	0.013054	2.91
508	14	11	38	41	0.00499	4.77
509	14	10	18	22	0.38051	2.06
510	14	10	22	26	0.104883	2.62
511	14	10	26	30	0.048523	3.3
512	14	10	30	34	0.027952	4.32
513	14	10	34	38	0.015708	4.81
514	14	9	19	24	0.301182	2.25
515	14	9	24	29	0.09343	3.09
516	14	9	29	34	0.042641	4.02
517	14	9	34	39	0.021301	4.92
518	14	9	39	44	0.010354	5.78
519	14	9	44	49	0.006075	5.85
520	14	9	49	54	0.003761	9.24
521	14	9	54	59	0.002239	8.25
522	14	8	20	26	0.262283	2.49
523	14	8	26	32	0.083326	3.68
524	14	8	32	38	0.037089	4.74
525	14	8	38	44	0.015361	5.87
526	14	8	44	50	0.008164	7.39
527	14	8	50	56	0.004553	8.91
528	14	8	62	68	0.001951	10.2
529	14	7	21	28	0.236257	2.82
530	14	7	28	35	0.072771	3.56
531	14	7	35	42	0.028808	6.81
532	14	7	42	49	0.012262	6.2
533	14	7	56	63	0.003149	6.72
534	14	6	22	30	0.218407	3.13
535	14	6	30	38	0.06916	4.49
536	14	6	38	46	0.022653	5.71
537	14	6	46	54	0.010244	7.0
538	14	5	23	32	0.2111	3.42
539	14	5	32	41	0.059315	4.98
540	14	5	41	50	0.019459	6.66
541	14	5	50	59	0.008046	8.0
542	14	5	59	68	0.004243	10.86
543	14	4	34	44	0.05027	5.28
544	14	4	44	54	0.01633	6.39
545	14	4	54	64	0.00632	6.54
546	14	3	25	36	0.179895	3.88
547	14	3	36	47	0.043473	5.87
548	15	14	16	17	2.407771	0.3
549	15	14	17	18	0.470408	0.93
550	15	14	18	19	0.186688	1.81
551	15	14	19	20	0.086111	1.6
552	15	14	20	21	0.047507	1.24
553	15	14	21	22	0.027453	1.95
554	15	14	22	23	0.017404	2.0
555	15	14	23	24	0.015442	1.86
556	15	13	17	19	0.894775	1.2
557	15	13	19	21	0.204231	1.69
558	15	13	21	23	0.073383	1.77
559	15	13	23	25	0.045496	1.68
560	15	13	25	27	0.026676	1.78
561	15	13	27	29	0.016245	2.35
562	15	13	29	31	0.011765	2.86
563	15	13	31	33	0.008966	4.37
564	15	12	18	21	0.559396	1.81
565	15	12	21	24	0.128606	1.91
566	15	12	24	27	0.061907	2.4
567	15	12	27	30	0.030779	3.19
568	15	12	30	33	0.02068	3.82
569	15	12	33	36	0.012558	4.65
570	15	12	36	39	0.008416	4.06
571	15	12	39	42	0.005021	3.25
572	15	11	19	23	0.387063	1.84
573	15	11	23	27	0.115055	2.28
574	15	11	27	31	0.047646	3.46
575	15	11	31	35	0.027265	3.54
576	15	11	35	39	0.014785	6.84
577	15	11	39	43	0.007969	5.46
578	15	11	47	51	0.00334	6.52
579	15	10	20	25	0.317681	2.0
580	15	10	25	30	0.094764	2.86
581	15	10	30	35	0.044365	3.29
582	15	10	40	45	0.010391	6.39
583	15	10	45	50	0.006148	7.0
584	15	10	55	60	0.002158	7.39
585	15	9	21	27	0.272965	2.34
586	15	9	27	33	0.083038	3.75
587	15	9	33	39	0.035783	4.84
588	15	9	39	45	0.014907	5.88
589	15	9	45	51	0.007981	6.29
590	15	9	51	57	0.004487	6.31
591	15	9	57	63	0.00243	7.06
592	15	8	22	29	0.248634	2.73
593	15	8	29	36	0.076046	4.26
594	15	8	36	43	0.028664	5.47
595	15	8	43	50	0.01235	6.68
596	15	8	57	64	0.003117	8.22
597	15	7	23	31	0.234395	2.94
598	15	7	31	39	0.067833	4.51
599	15	7	39	47	0.022266	5.75
600	15	7	47	55	0.009978	6.4
601	15	7	55	63	0.004504	7.17
602	15	6	24	33	0.214808	3.48
603	15	6	33	42	0.057952	5.32
604	15	6	42	51	0.018896	6.9
605	15	6	51	60	0.007941	7.81
606	15	5	25	35	0.198713	3.46
607	15	5	35	45	0.049092	6.24
608	15	5	45	55	0.016377	7.1
609	15	4	26	37	0.184926	4.04
610	15	4	37	48	0.042094	5.76
611	15	4	48	59	0.013506	7.12
612	16	15	17	18	1.854932	0.9
613	16	15	18	19	0.459022	1.97
614	16	15	19	20	0.170642	1.64
615	16	15	20	21	0.081283	1.02
616	16	15	21	22	0.042535	1.22
617	16	15	22	23	0.025005	1.48
618	16	15	23	24	0.020972	0.65
619	16	15	24	25	0.014543	0.95
620	16	14	18	20	0.902209	1.88
621	16	14	20	22	0.198891	1.24
622	16	14	22	24	0.07889	1.53
623	16	14	24	26	0.044195	1.81
624	16	14	26	28	0.02741	2.08
625	16	14	28	30	0.014793	2.82
626	16	14	30	32	0.012266	4.06
627	16	14	32	34	0.008766	2.82
628	16	13	19	22	0.543109	1.58
629	16	13	22	25	0.134929	1.75
630	16	13	25	28	0.061633	2.16
631	16	13	28	31	0.029654	3.12
632	16	13	31	34	0.020014	3.44
633	16	13	34	37	0.012164	4.32
634	16	13	37	40	0.007446	2.98
635	16	13	40	43	0.004876	3.21
636	16	12	20	24	0.391117	1.52
637	16	12	24	28	0.11511	2.21
638	16	12	28	32	0.046432	3.3
639	16	12	32	36	0.026109	3.87
640	16	12	36	40	0.014267	4.04
641	16	12	40	44	0.007914	3.66
642	16	12	44	48	0.004953	3.96
643	16	11	21	26	0.316785	1.84
644	16	11	26	31	0.094392	2.82
645	16	11	31	36	0.041994	4.06
646	16	11	36	41	0.019816	3.96
647	16	11	41	46	0.009811	6.25
648	16	11	46	51	0.005759	5.8
649	16	10	22	28	0.285754	2.27
650	16	10	28	34	0.081919	3.66
651	16	10	34	40	0.034133	4.65
652	16	10	40	46	0.014808	5.96
653	16	10	46	52	0.007703	6.55
654	16	10	58	64	0.002356	7.57
655	16	10	64	70	0.002172	10.79
656	16	9	23	30	0.260935	2.47
657	16	9	30	37	0.076626	4.19
658	16	9	37	44	0.026723	5.76
659	16	9	44	51	0.011782	6.62
660	16	9	51	58	0.00598	7.86
661	16	9	58	65	0.003046	7.49
662	16	9	65	72	0.002691	10.17
663	16	8	24	32	0.235156	2.98
664	16	8	32	40	0.065902	4.4
665	16	8	40	48	0.02214	5.71
666	16	8	56	64	0.004374	6.79
667	16	7	25	34	0.214377	3.27
668	16	7	34	43	0.055427	4.94
669	16	7	43	52	0.018394	6.06
670	16	7	52	61	0.007746	9.27
671	16	6	26	36	0.198914	3.69
672	16	6	36	46	0.048087	5.16
673	16	6	46	56	0.015923	6.69
674	16	5	27	38	0.183303	4.08
675	16	5	38	49	0.040132	5.69
676	16	5	49	60	0.013218	6.69
677	16	5	60	71	0.006298	7.79
678	17	16	18	19	2.048566	2.59
679	17	16	19	20	0.493039	1.78
680	17	16	20	21	0.18772	1.05
681	17	16	21	22	0.085403	1.17
682	17	16	22	23	0.045745	1.59
683	17	16	23	24	0.035447	0.77
684	17	16	24	25	0.023083	1.53
685	17	16	25	26	0.015438	1.22
686	17	15	19	21	0.932382	1.56
687	17	15	21	23	0.198784	1.36
688	17	15	23	25	0.094114	1.12
689	17	15	25	27	0.046383	1.29
690	17	15	27	29	0.025132	2.19
691	17	15	29	31	0.016975	2.34
692	17	15	31	33	0.012342	3.42
693	17	15	33	35	0.008629	1.98
694	17	14	20	23	0.56007	1.27
695	17	14	23	26	0.15472	1.33
696	17	14	26	29	0.061912	1.78
697	17	14	29	32	0.032802	2.94
698	17	14	32	35	0.020142	1.2
699	17	14	38	41	0.006949	2.69
700	17	14	41	44	0.004829	4.79
701	17	13	21	25	0.411649	1.48
702	17	13	25	29	0.114505	1.94
703	17	13	29	33	0.050132	3.15
704	17	13	33	37	0.025987	3.76
705	17	13	37	41	0.01344	3.53
706	17	13	41	45	0.007658	4.72
707	17	13	49	53	0.003245	6.9
708	17	12	22	27	0.345059	1.68
709	17	12	27	32	0.094414	2.96
710	17	12	32	37	0.042259	3.82
711	17	12	37	42	0.018847	4.25
712	17	12	42	47	0.009673	3.93
713	17	12	47	52	0.005621	5.04
714	17	12	52	57	0.003491	5.52
715	17	11	23	29	0.307997	1.94
716	17	11	29	35	0.085555	2.85
717	17	11	35	41	0.032728	6.06
718	17	11	41	47	0.014353	5.0
719	17	11	47	53	0.00754	5.7
720	17	11	53	59	0.003974	5.97
721	17	11	65	71	0.002195	7.25
722	17	10	24	31	0.267837	2.54
723	17	10	31	38	0.076828	3.96
724	17	10	38	45	0.025431	6.07
725	17	9	25	33	0.239157	2.83
726	17	9	33	41	0.06407	4.68
727	17	9	41	49	0.021552	6.12
728	17	9	49	57	0.009476	5.61
729	17	9	57	65	0.004346	6.31
730	17	8	26	35	0.220448	2.96
731	17	8	35	44	0.054281	5.5
732	17	8	44	53	0.018365	6.24
733	17	8	62	71	0.004565	7.47
734	17	7	37	47	0.046032	5.0
735	17	6	28	39	0.18188	4.0
736	17	6	39	50	0.039749	5.5
737	17	6	50	61	0.012907	6.74
738	17	6	61	72	0.006361	6.98
739	18	17	19	20	1.938279	2.33
740	18	17	20	21	0.454744	1.53
741	18	17	21	22	0.16547	1.54
742	18	17	22	23	0.078256	1.75
743	18	17	23	24	0.055181	1.22
744	18	17	24	25	0.033368	1.81
745	18	17	25	26	0.021039	1.35
746	18	17	26	27	0.015764	1.48
747	18	16	20	22	0.893163	1.4
748	18	16	22	24	0.214673	1.41
749	18	16	24	26	0.093016	1.52
750	18	16	26	28	0.048195	1.58
751	18	16	28	30	0.023109	2.59
752	18	16	30	32	0.017922	3.1
753	18	16	32	34	0.012256	2.56
754	18	15	21	24	0.553915	1.42
755	18	15	24	27	0.154289	1.48
756	18	15	27	30	0.057629	2.25
757	18	15	30	33	0.033595	2.83
758	18	15	33	36	0.018751	3.68
759	18	15	36	39	0.011916	3.84
760	18	15	39	42	0.006809	4.35
761	18	15	42	45	0.004529	5.66
762	18	14	22	26	0.430658	1.53
763	18	14	26	30	0.113536	2.0
764	18	14	30	34	0.051217	3.1
765	18	14	34	38	0.02534	4.0
766	18	14	38	42	0.012402	3.85
767	18	14	46	50	0.004844	6.07
768	18	14	50	54	0.003083	5.08
769	18	13	23	28	0.374446	1.56
770	18	13	28	33	0.091824	2.96
771	18	13	33	38	0.041007	4.14
772	18	13	38	43	0.017342	4.63
773	18	13	43	48	0.009506	5.35
774	18	13	48	53	0.005465	6.9
775	18	12	24	30	0.304539	2.01
776	18	12	30	36	0.085623	3.6
777	18	12	36	42	0.032212	4.4
778	18	12	42	48	0.013926	5.76
779	18	12	48	54	0.007321	5.5
780	18	12	54	60	0.003881	8.69
781	18	12	66	72	0.002197	8.54
782	18	11	25	32	0.264822	2.4
783	18	11	39	46	0.024558	4.7
784	18	11	46	53	0.011412	5.64
785	18	11	60	67	0.003293	7.05
786	18	10	26	34	0.241195	2.86
787	18	10	34	42	0.061864	4.56
788	18	10	42	50	0.021035	5.93
789	18	10	50	58	0.009143	7.23
790	18	9	27	36	0.214196	3.39
791	18	9	54	63	0.00715	7.19
792	18	9	63	72	0.004684	8.87
793	18	8	28	38	0.195973	3.68
794	18	8	38	48	0.043865	5.12
795	18	8	48	58	0.015075	5.9
796	19	18	20	21	2.108374	1.27
797	19	18	21	22	0.47058	1.41
798	19	18	22	23	0.178989	1.67
799	19	18	23	24	0.110785	0.85
800	19	18	24	25	0.061047	1.32
801	19	18	25	26	0.035667	1.08
802	19	18	26	27	0.024996	0.75
803	19	18	27	28	0.016662	2.13
804	19	17	21	23	0.893093	1.54
805	19	17	23	25	0.260475	1.06
806	19	17	25	27	0.097538	1.19
807	19	17	27	29	0.043936	1.91
808	19	17	29	31	0.026373	2.78
809	19	17	31	33	0.017938	2.97
810	19	17	33	35	0.011991	0.89
811	19	16	22	25	0.621883	1.4
812	19	16	25	28	0.162135	1.38
813	19	16	28	31	0.057722	2.46
814	19	16	31	34	0.034131	2.79
815	19	16	34	37	0.019085	4.7
816	19	16	37	40	0.011069	4.2
817	19	16	40	43	0.006978	5.01
818	19	15	23	27	0.498364	1.17
819	19	15	27	31	0.112477	2.33
820	19	15	31	35	0.050962	1.95
821	19	15	39	43	0.012252	4.2
822	19	15	43	47	0.007424	4.43
823	19	15	47	51	0.004683	3.93
824	19	14	24	29	0.380551	1.54
825	19	14	29	34	0.098349	2.86
826	19	14	34	39	0.039872	4.09
827	19	14	39	44	0.017274	4.63
828	19	14	44	49	0.00934	5.49
829	19	14	49	54	0.00551	5.21
830	19	14	54	59	0.003181	6.44
831	19	13	25	31	0.311056	1.92
832	19	13	31	37	0.085411	3.66
833	19	13	37	43	0.030412	4.59
834	19	13	43	49	0.013806	6.29
835	19	13	49	55	0.007313	6.55
836	19	12	26	33	0.272493	2.27
837	19	12	33	40	0.071411	3.94
838	19	12	40	47	0.024684	4.83
839	19	12	47	54	0.011236	5.18
840	19	12	54	61	0.005385	5.37
841	19	11	27	35	0.238305	2.64
842	19	11	35	43	0.059491	5.88
843	19	11	43	51	0.020586	5.88
844	19	11	51	59	0.008959	7.04
845	19	11	59	67	0.00458	5.47
846	19	10	28	37	0.213853	3.33
847	19	10	37	46	0.050639	4.7
848	19	10	46	55	0.017837	5.94
849	19	10	55	64	0.006976	6.69
850	19	9	29	39	0.202158	3.57
851	19	9	39	49	0.043082	5.15
852	19	9	59	69	0.006813	6.68
853	20	19	21	22	1.81147	1.98
854	20	19	22	23	0.433071	2.37
855	20	19	23	24	0.216974	1.44
856	20	19	24	25	0.106075	1.78
857	20	19	25	26	0.056624	1.47
858	20	19	26	27	0.036687	1.22
859	20	19	27	28	0.022859	2.15
860	20	19	28	29	0.012131	1.54
861	20	18	22	24	0.939638	1.83
862	20	18	24	26	0.259472	1.52
863	20	18	26	28	0.101233	1.38
864	20	18	28	30	0.03969	2.1
865	20	18	30	32	0.027749	2.79
866	20	18	32	34	0.017716	2.82
867	20	18	34	36	0.011108	3.51
868	20	18	36	38	0.008563	4.53
869	20	17	23	26	0.696688	1.33
870	20	17	26	29	0.156457	1.54
871	20	17	29	32	0.061236	2.7
872	20	17	32	35	0.032902	1.6
873	20	17	38	41	0.009938	5.16
874	20	17	41	44	0.006642	3.74
875	20	17	44	47	0.004444	5.31
876	20	16	24	28	0.501793	1.48
877	20	16	28	32	0.108499	2.44
878	20	16	32	36	0.049145	3.13
879	20	16	36	40	0.023873	3.87
880	20	16	40	44	0.0123	4.79
881	20	16	44	48	0.007276	3.69
882	20	15	25	30	0.374012	1.59
883	20	15	30	35	0.099371	2.37
884	20	15	40	45	0.016938	4.65
885	20	15	45	50	0.009263	5.26
886	20	15	50	55	0.005284	6.21
887	20	15	55	60	0.002984	5.47
888	20	14	26	32	0.312351	2.03
889	20	14	32	38	0.083799	3.6
890	20	14	38	44	0.028484	5.21
891	20	14	44	50	0.013512	5.91
892	20	14	62	68	0.002726	9.13
893	20	13	27	34	0.264079	2.54
894	20	13	34	41	0.068355	4.29
895	20	13	41	48	0.02393	4.92
896	20	13	48	55	0.010886	5.42
897	20	13	55	62	0.005158	5.97
898	20	13	62	69	0.003572	6.24
899	20	12	28	36	0.230156	2.97
900	20	12	36	44	0.058365	4.81
901	20	12	44	52	0.019927	5.66
902	20	12	60	68	0.004815	7.89
903	20	11	29	38	0.218855	3.3
904	20	11	38	47	0.047496	5.16
905	20	11	47	56	0.017113	6.27
906	20	10	30	40	0.201806	3.66
907	20	10	40	50	0.042789	5.67
908	20	10	50	60	0.014181	6.36
909	21	20	22	23	1.954399	2.66
910	21	20	23	24	0.595224	1.47
911	21	20	24	25	0.236115	1.77
912	21	20	25	26	0.110948	1.44
913	21	20	26	27	0.064959	1.05
914	21	20	27	28	0.037008	1.84
915	21	20	28	29	0.01807	1.52
916	21	20	29	30	0.014027	3.04
917	21	19	23	25	1.154321	1.56
918	21	19	25	27	0.269294	1.35
919	21	19	27	29	0.090098	1.91
920	21	19	29	31	0.044042	2.54
921	21	19	31	33	0.026815	2.78
922	21	19	33	35	0.0167	1.19
923	21	19	37	39	0.00744	4.28
924	21	18	24	27	0.732956	1.52
925	21	18	27	30	0.148379	1.95
926	21	18	30	33	0.064131	2.61
927	21	18	33	36	0.031144	3.62
928	21	18	36	39	0.018242	4.23
929	21	18	39	42	0.009864	4.98
930	21	18	42	45	0.006324	5.79
931	21	17	25	29	0.500728	1.46
932	21	17	29	33	0.115207	2.75
933	21	17	33	37	0.047646	3.76
934	21	17	37	41	0.021945	4.54
935	21	17	41	45	0.011611	6.09
936	21	16	26	31	0.383329	1.77
937	21	16	31	36	0.096468	3.21
938	21	16	36	41	0.037099	4.25
939	21	16	41	46	0.01644	4.71
940	21	16	46	51	0.008961	5.16
941	21	16	51	56	0.005302	4.49
942	21	15	27	33	0.303649	2.33
943	21	15	33	39	0.080088	3.97
944	21	15	39	45	0.027551	4.63
945	21	15	45	51	0.01313	6.04
946	21	15	51	57	0.006901	6.0
947	21	15	63	69	0.002908	6.27
948	21	14	28	35	0.256397	2.35
949	21	14	35	42	0.065665	5.49
950	21	14	42	49	0.023085	5.26
951	21	14	49	56	0.010664	5.97
952	21	14	63	70	0.003753	9.23
953	21	13	29	37	0.238907	3.18
954	21	13	37	45	0.054688	4.47
955	21	13	45	53	0.019757	5.61
956	21	13	53	61	0.00825	7.19
957	21	13	61	69	0.004885	6.36
958	21	12	30	39	0.219464	3.44
959	21	12	39	48	0.046488	5.01
960	21	12	48	57	0.016513	6.09
961	21	12	57	66	0.006808	5.94
962	21	11	31	41	0.195389	3.76
963	21	11	41	51	0.04099	5.21
964	21	11	61	71	0.006942	6.2
965	22	21	23	24	2.160836	1.92
966	22	21	24	25	0.563394	1.89
967	22	21	25	26	0.217627	1.41
968	22	21	26	27	0.112981	1.11
969	22	21	27	28	0.058604	1.74
970	22	21	28	29	0.025922	1.47
971	22	21	29	30	0.018861	2.46
972	22	21	30	31	0.014656	2.88
973	22	20	24	26	1.12765	1.72
974	22	20	26	28	0.273531	1.32
975	22	20	28	30	0.076901	1.89
976	22	20	30	32	0.044884	2.85
977	22	20	32	34	0.025511	2.73
978	22	20	34	36	0.014869	3.76
979	22	20	36	38	0.010896	3.42
980	22	20	38	40	0.006143	3.45
981	22	19	25	28	0.718072	1.4
982	22	19	28	31	0.133728	2.17
983	22	19	31	34	0.060223	2.75
984	22	19	34	37	0.029194	4.04
985	22	19	37	40	0.015617	3.65
986	22	19	40	43	0.009324	5.0
987	22	19	43	46	0.005948	4.88
988	22	19	46	49	0.004122	5.93
989	22	18	26	30	0.491219	1.5
990	22	18	30	34	0.115897	2.78
991	22	18	34	38	0.045467	3.71
992	22	18	38	42	0.019891	4.04
993	22	18	42	46	0.010963	4.84
994	22	18	46	50	0.00684	5.34
995	22	18	50	54	0.004215	5.88
996	22	18	54	58	0.002705	5.88
997	22	17	27	32	0.357568	2.1
998	22	17	32	37	0.092417	3.42
999	22	17	37	42	0.033749	3.94
1000	22	17	42	47	0.015501	5.26
1001	22	17	47	52	0.008379	5.08
1002	22	17	57	62	0.002828	7.39
1003	22	16	28	34	0.285734	2.42
1004	22	16	34	40	0.074985	3.96
1005	22	16	40	46	0.026905	5.03
1006	22	16	46	52	0.012567	6.52
1007	22	16	52	58	0.00662	4.59
1008	22	16	58	64	0.003406	7.1
1009	22	15	29	36	0.259879	2.86
1010	22	15	36	43	0.063064	4.2
1011	22	15	43	50	0.022407	5.25
1012	22	15	50	57	0.010018	5.21
1013	22	15	57	64	0.004743	5.73
1014	22	15	64	71	0.003859	6.64
1015	22	14	30	38	0.237913	3.15
1016	22	14	38	46	0.050686	4.74
1017	22	14	46	54	0.019045	5.61
1018	22	14	54	62	0.007932	6.2
1019	22	14	62	70	0.004951	8.58
1020	22	13	31	40	0.208954	3.44
1021	22	13	40	49	0.04512	5.16
1022	22	13	49	58	0.015908	5.88
1023	22	13	58	67	0.006858	6.64
1024	22	12	32	42	0.187286	3.79
1025	22	12	42	52	0.039207	5.93
1026	22	12	52	62	0.013448	6.2
1027	22	12	62	72	0.006986	8.49
1028	23	22	24	25	2.41239	2.16
1029	23	22	25	26	0.587809	1.41
1030	23	22	26	27	0.244404	1.05
1031	23	22	27	28	0.110763	1.59
1032	23	22	28	29	0.043431	1.44
1033	23	22	29	30	0.029128	2.42
1034	23	22	30	31	0.021191	2.7
1035	23	22	31	32	0.014096	3.01
1036	23	21	25	27	1.162619	1.3
1037	23	21	27	29	0.238781	1.6
1038	23	21	29	31	0.083881	2.35
1039	23	21	31	33	0.042525	2.52
1040	23	21	33	35	0.023655	1.12
1041	23	21	37	39	0.009302	3.17
1042	23	20	26	29	0.71611	1.3
1043	23	20	29	32	0.142271	2.5
1044	23	20	32	35	0.057565	1.72
1045	23	20	38	41	0.013864	4.96
1046	23	20	41	44	0.008723	5.22
1047	23	20	44	47	0.005569	5.18
1048	23	20	47	50	0.003881	6.86
1049	23	19	27	31	0.456657	1.89
1050	23	19	31	35	0.109748	2.08
1051	23	19	39	43	0.018559	4.4
1052	23	19	43	47	0.010417	5.04
1053	23	19	47	51	0.006211	6.07
1054	23	19	55	59	0.002414	3.84
1055	23	18	28	33	0.33163	2.23
1056	23	18	33	38	0.088251	3.53
1057	23	18	38	43	0.030589	5.19
1058	23	18	43	48	0.014987	4.88
1059	23	18	48	53	0.008073	7.96
1060	23	18	63	68	0.002286	5.37
1061	23	17	29	35	0.293964	2.31
1062	23	17	41	47	0.025465	4.6
1063	23	17	47	53	0.011998	6.93
1064	23	17	53	59	0.00599	6.23
1065	23	17	65	71	0.002979	10.67
1066	23	16	30	37	0.260778	3.07
1067	23	16	37	44	0.058344	3.96
1068	23	16	44	51	0.021215	5.01
1069	23	16	51	58	0.009766	5.66
1070	23	15	31	39	0.226789	3.38
1071	23	15	39	47	0.048667	4.8
1072	23	15	47	55	0.018153	6.66
1073	23	15	55	63	0.007389	5.8
1074	23	15	63	71	0.005057	8.18
1075	23	14	32	41	0.20005	3.6
1076	23	14	41	50	0.043239	5.18
1077	23	14	50	59	0.014972	5.87
1078	23	14	59	68	0.007058	8.32
1079	24	23	25	26	3.292963	0.75
1080	24	23	26	27	0.84964	0.32
1081	24	23	27	28	0.311297	0.63
1082	24	23	28	29	0.104039	0.73
1083	24	23	29	30	0.062947	1.29
1084	24	23	30	31	0.042906	1.8
1085	24	23	31	32	0.026481	2.03
1086	24	23	32	33	0.018483	2.0
1087	24	22	26	28	1.515733	0.58
1088	24	22	28	30	0.239612	1.12
1089	24	22	30	32	0.104711	2.01
1090	24	22	32	34	0.049366	2.01
1091	24	22	34	36	0.025529	3.29
1092	24	22	36	38	0.017296	3.54
1093	24	22	38	40	0.009245	3.76
1094	24	22	40	42	0.006866	5.04
1095	24	21	27	30	0.764856	1.09
1096	24	21	30	33	0.166365	2.03
1097	24	21	33	36	0.059943	3.15
1098	24	21	36	39	0.029969	3.29
1099	24	21	39	42	0.014748	4.12
1100	24	21	42	45	0.008881	4.06
1101	24	21	45	48	0.006012	4.29
1102	24	21	48	51	0.003887	5.75
1103	24	20	28	32	0.466001	1.6
1104	24	20	32	36	0.115365	2.7
1105	24	20	36	40	0.043635	3.6
1106	24	20	40	44	0.019739	5.08
1107	24	20	44	48	0.010722	5.26
1108	24	20	52	56	0.004195	5.61
1109	24	20	56	60	0.00242	8.85
1110	24	19	29	34	0.383957	2.13
1111	24	19	34	39	0.089055	3.63
1112	24	19	39	44	0.031208	4.41
1113	24	19	44	49	0.014971	5.56
1114	24	19	49	54	0.008204	6.04
1115	24	18	30	36	0.321486	2.56
1116	24	18	36	42	0.072882	3.79
1117	24	18	42	48	0.025727	4.92
1118	24	18	48	54	0.012074	5.47
1119	24	18	54	60	0.005987	5.19
1120	24	18	60	66	0.003571	8.37
1121	24	18	66	72	0.003097	7.56
1122	24	17	38	45	0.056505	4.09
1123	24	17	45	52	0.021413	5.34
1124	24	17	52	59	0.009664	5.04
1125	24	16	32	40	0.231958	3.18
1126	24	16	40	48	0.050065	4.79
1127	24	16	48	56	0.018111	5.62
1128	24	16	56	64	0.007374	8.02
1129	24	16	64	72	0.00538	7.62
1130	24	15	33	42	0.201455	3.56
1131	24	15	42	51	0.042831	5.1
1132	24	15	51	60	0.015071	5.83
1133	24	15	60	69	0.007413	6.93
1134	25	24	26	27	3.584586	0.21
1135	25	24	27	28	0.817818	0.8
1136	25	24	28	29	0.208295	0.55
1137	25	24	29	30	0.109668	1.17
1138	25	24	30	31	0.068355	1.46
1139	25	24	31	32	0.038982	1.71
1140	25	24	32	33	0.025878	1.81
1141	25	24	33	34	0.01754	2.21
1142	25	23	27	29	1.441099	0.7
1143	25	23	29	31	0.28395	1.4
1144	25	23	31	33	0.109892	1.5
1145	25	23	33	35	0.052341	0.27
1146	25	23	37	39	0.017069	2.1
1147	25	23	41	43	0.007199	2.0
1148	25	22	28	31	0.689714	1.09
1149	25	22	31	34	0.172438	1.75
1150	25	22	34	37	0.062945	3.12
1151	25	22	37	40	0.028979	2.91
1152	25	22	40	43	0.015791	3.6
1153	25	22	43	46	0.009437	3.68
1154	25	22	46	49	0.006225	3.94
1155	25	21	29	33	0.520087	1.64
1156	25	21	33	37	0.11808	2.91
1157	25	21	37	41	0.04235	3.48
1158	25	21	41	45	0.019706	4.3
1159	25	20	30	35	0.411126	1.64
1160	25	20	40	45	0.031937	4.79
1161	25	20	45	50	0.015439	6.07
1162	25	20	50	55	0.008146	6.87
1163	25	19	31	37	0.324723	2.47
1164	25	19	37	43	0.069767	3.44
1165	25	19	43	49	0.025802	5.28
1166	25	19	49	55	0.012173	5.42
1167	25	19	55	61	0.005914	7.51
1168	25	18	32	39	0.272751	2.82
1169	25	18	39	46	0.056861	4.32
1170	25	18	46	53	0.021721	5.85
1171	25	18	53	60	0.009287	6.64
1172	25	18	60	67	0.005225	7.37
1173	25	17	33	41	0.229986	3.38
1174	25	17	41	49	0.049467	4.41
1175	25	17	49	57	0.018029	5.42
1176	25	17	57	65	0.007417	5.28
1177	25	16	34	43	0.199003	3.74
1178	25	16	43	52	0.042987	5.7
1179	25	16	52	61	0.015081	6.54
1180	25	16	61	70	0.007631	7.81
1181	26	25	27	28	4.363334	1.11
1182	26	25	28	29	0.603123	0.46
1183	26	25	29	30	0.238712	1.12
1184	26	25	30	31	0.125856	1.35
1185	26	25	31	32	0.064421	1.2
1186	26	25	32	33	0.039321	0.99
1187	26	25	33	34	0.025	2.07
1188	26	24	28	30	1.159617	0.68
1189	26	24	30	32	0.29774	1.46
1190	26	24	32	34	0.107781	1.48
1191	26	24	34	36	0.047675	2.71
1192	26	24	36	38	0.029161	2.56
1193	26	24	38	40	0.014593	2.64
1194	26	24	40	42	0.01038	4.21
1195	26	23	29	32	0.778332	1.33
1196	26	23	32	35	0.177802	0.77
1197	26	23	38	41	0.028113	4.83
1198	26	23	41	44	0.016311	3.94
1199	26	23	44	47	0.009797	4.71
1200	26	22	30	34	0.559428	1.62
1201	26	22	34	38	0.119756	2.78
1202	26	22	38	42	0.041112	4.0
1203	26	22	42	46	0.01992	4.47
1204	26	22	46	50	0.011373	4.7
1205	26	22	50	54	0.006594	4.54
1206	26	22	58	62	0.002544	5.93
1207	26	21	31	36	0.406342	1.97
1208	26	21	36	41	0.089953	2.92
1209	26	21	41	46	0.031888	3.58
1210	26	21	46	51	0.015268	4.83
1211	26	21	51	56	0.008335	5.55
1212	26	21	66	71	0.002734	5.4
1213	26	20	32	38	0.328111	2.33
1214	26	20	38	44	0.067087	3.72
1215	26	20	44	50	0.025812	4.84
1216	26	20	50	56	0.011919	5.85
1217	26	20	56	62	0.005872	5.13
1218	26	20	62	68	0.004074	6.99
1219	26	19	33	40	0.266818	2.9
1220	26	19	40	47	0.057605	4.28
1221	26	19	47	54	0.021416	5.43
1222	26	19	61	68	0.005473	5.7
1223	26	18	34	42	0.226214	3.29
1224	26	18	42	50	0.049161	4.79
1225	26	18	50	58	0.017606	5.96
1226	26	18	58	66	0.007563	7.73
1227	26	17	35	44	0.195051	5.31
1228	26	17	53	62	0.014474	6.79
1229	27	26	28	29	3.259496	0.58
1230	27	26	29	30	0.793126	0.98
1231	27	26	30	31	0.323264	1.17
1232	27	26	31	32	0.14005	1.2
1233	27	26	32	33	0.076576	0.69
1234	27	26	33	34	0.044793	1.8
1235	27	25	29	31	1.480672	1.09
1236	27	25	31	33	0.320517	1.08
1237	27	25	33	35	0.11451	0.04
1238	27	25	37	39	0.028665	1.77
1239	27	25	39	41	0.015873	3.1
1240	27	25	41	43	0.010751	2.01
1241	27	25	43	45	0.007305	4.28
1242	27	24	30	33	0.902706	1.23
1243	27	24	33	36	0.180274	2.03
1244	27	24	36	39	0.069092	2.27
1245	27	24	39	42	0.029563	2.66
1246	27	24	42	45	0.016408	3.76
1247	27	24	45	48	0.010399	3.41
1248	27	24	51	54	0.004571	4.29
1249	27	23	31	35	0.596993	0.93
1250	27	23	39	43	0.044004	3.53
1251	27	23	43	47	0.021685	4.5
1252	27	23	47	51	0.011812	5.25
1253	27	23	55	59	0.004133	6.27
1254	27	22	32	37	0.437681	1.91
1255	27	22	37	42	0.09133	2.83
1256	27	22	42	47	0.033452	4.38
1257	27	22	47	52	0.015819	5.28
1258	27	22	57	62	0.004641	7.37
1259	27	21	33	39	0.339227	2.42
1260	27	21	39	45	0.069667	3.56
1261	27	21	45	51	0.026728	4.49
1262	27	21	51	57	0.012482	5.82
1263	27	21	57	63	0.005925	4.53
1264	27	20	34	41	0.273639	2.98
1265	27	20	41	48	0.05926	4.08
1266	27	20	48	55	0.021849	5.28
1267	27	20	55	62	0.009257	6.25
1268	27	20	62	69	0.005909	5.91
1269	27	19	35	43	0.229581	4.98
1270	27	19	43	51	0.050197	4.8
1271	27	19	51	59	0.017988	4.74
1272	27	19	59	67	0.008139	4.17
1273	27	18	36	45	0.203174	3.36
1274	27	18	45	54	0.044041	5.18
1275	27	18	54	63	0.014526	6.54
1276	27	18	63	72	0.00849	8.38
1277	28	27	29	30	4.056359	1.27
1278	28	27	30	31	0.990891	1.22
1279	28	27	31	32	0.321442	1.05
1280	28	27	32	33	0.149097	0.68
1281	28	27	33	34	0.0777	1.03
1282	28	27	36	37	0.020549	3.58
1283	28	26	30	32	1.775799	1.16
1284	28	26	32	34	0.348275	0.96
1285	28	26	34	36	0.11538	1.92
1286	28	26	36	38	0.05977	2.13
1287	28	26	38	40	0.027146	2.13
1288	28	26	40	42	0.018058	4.0
1289	28	25	31	34	0.938385	1.09
1290	28	25	34	37	0.187111	2.21
1291	28	25	37	40	0.066862	1.75
1292	28	25	40	43	0.031782	3.3
1293	28	25	43	46	0.017328	3.48
1294	28	25	46	49	0.010682	2.21
1295	28	25	49	52	0.00667	5.46
1296	28	24	32	36	0.618871	1.4
1297	28	24	36	40	0.130755	2.33
1298	28	24	40	44	0.046778	3.63
1299	28	24	44	48	0.022168	4.17
1300	28	24	56	60	0.004134	5.94
1301	28	24	60	64	0.002781	4.91
1302	28	23	33	38	0.456556	2.03
1303	28	23	38	43	0.091237	3.19
1304	28	23	43	48	0.035717	4.33
1305	28	23	53	58	0.008776	6.01
1306	28	22	34	40	0.345734	2.43
1307	28	22	40	46	0.074401	3.87
1308	28	22	46	52	0.027672	6.81
1309	28	22	52	58	0.012957	6.11
1310	28	22	58	64	0.006086	5.91
1311	28	22	64	70	0.0051	6.18
1312	28	21	35	42	0.279164	4.7
1313	28	21	49	56	0.022496	5.04
1314	28	21	63	70	0.006512	5.52
1315	28	20	44	52	0.050999	4.79
1316	28	20	52	60	0.018267	6.33
1317	28	20	60	68	0.008914	6.24
1318	29	28	30	31	4.19057	1.48
1319	29	28	31	32	0.81893	0.81
1320	29	28	32	33	0.292191	0.48
1321	29	28	33	34	0.127888	1.35
1322	29	28	36	37	0.025174	2.22
1323	29	28	37	38	0.016542	1.09
1324	29	27	31	33	1.581286	0.77
1325	29	27	33	35	0.314725	0.06
1326	29	27	37	39	0.049817	1.56
1327	29	27	39	41	0.024874	3.07
1328	29	27	41	43	0.015874	2.91
1329	29	27	43	45	0.010286	3.07
1330	29	27	45	47	0.007198	4.37
1331	29	26	32	35	0.905286	0.36
1332	29	26	38	41	0.059903	3.39
1333	29	26	41	44	0.030385	3.58
1334	29	26	44	47	0.016598	4.16
1335	29	26	47	50	0.010303	5.03
1336	29	25	33	37	0.585768	1.84
1337	29	25	37	41	0.119317	2.25
1338	29	25	41	45	0.044307	3.06
1339	29	25	45	49	0.02157	3.58
1340	29	25	49	53	0.011789	4.59
1341	29	24	34	39	0.425866	2.15
1342	29	24	39	44	0.088245	3.19
1343	29	24	44	49	0.033984	4.21
1344	29	24	49	54	0.016315	4.62
1345	29	24	54	59	0.008269	4.83
1346	29	24	64	69	0.004157	6.17
1347	29	23	35	41	0.331033	4.81
1348	29	23	41	47	0.073123	3.58
1349	29	23	47	53	0.027651	4.53
1350	29	23	53	59	0.01226	5.93
1351	29	23	59	65	0.006277	5.05
1352	29	23	65	71	0.00536	6.18
1353	29	22	36	43	0.277292	2.66
1354	29	22	43	50	0.060342	3.92
1355	29	22	50	57	0.021815	4.92
1356	29	22	57	64	0.009158	5.24
1357	29	22	64	71	0.006899	5.18
1358	29	21	37	45	0.225592	2.7
1359	29	21	45	53	0.050995	4.68
1360	29	21	53	61	0.017418	4.96
1361	29	21	61	69	0.009125	6.62
1362	30	29	31	32	4.021425	0.8
1363	30	29	32	33	0.927787	0.18
1364	30	29	33	34	0.313356	1.11
1365	30	29	36	37	0.043169	1.81
1366	30	29	37	38	0.026735	0.61
1367	30	29	38	39	0.015208	2.19
1368	30	28	32	34	1.661103	0.51
1369	30	28	36	38	0.11173	1.44
1370	30	28	38	40	0.042358	2.39
1371	30	28	40	42	0.025486	2.67
1372	30	28	42	44	0.015015	2.15
1373	30	28	44	46	0.009681	4.16
1374	30	28	46	48	0.006991	3.45
1375	30	27	33	36	0.883603	1.41
1376	30	27	36	39	0.180813	1.77
1377	30	27	39	42	0.059277	2.79
1378	30	27	42	45	0.028777	3.25
1379	30	27	45	48	0.016617	3.94
1380	30	27	48	51	0.009561	3.69
1381	30	27	51	54	0.006512	4.71
1382	30	26	38	42	0.11307	2.81
1383	30	26	42	46	0.04384	3.53
1384	30	26	46	50	0.021783	4.41
1385	30	26	50	54	0.011534	4.98
1386	30	26	58	62	0.004027	5.93
1387	30	25	40	45	0.090028	3.25
1388	30	25	45	50	0.034601	4.06
1389	30	25	50	55	0.016019	4.8
1390	30	25	55	60	0.007953	5.85
1391	30	25	65	70	0.004391	4.95
1392	30	24	36	42	0.338742	2.33
1393	30	24	42	48	0.072238	3.71
1394	30	24	48	54	0.027121	4.63
1395	30	24	54	60	0.011935	5.18
1396	30	24	60	66	0.006549	6.66
1397	30	24	66	72	0.00543	6.04
1398	30	23	37	44	0.269174	2.39
1399	30	23	44	51	0.060195	4.0
1400	30	23	51	58	0.022422	4.5
1401	30	23	58	65	0.009376	4.37
1402	30	23	65	72	0.007309	6.17
1403	30	22	38	46	0.217954	3.15
1404	30	22	46	54	0.051356	4.49
1405	30	22	54	62	0.017448	5.18
1406	30	22	62	70	0.009615	6.07
1407	31	30	32	33	5.410093	0.24
1408	31	30	33	34	1.13502	1.32
1409	31	30	36	37	0.089916	1.75
1410	31	30	37	38	0.051375	0.32
1411	31	30	38	39	0.027883	1.91
1412	31	30	39	40	0.017849	2.08
1413	31	29	33	35	1.950823	0.35
1414	31	29	37	39	0.121321	0.95
1415	31	29	39	41	0.051003	2.47
1416	31	29	41	43	0.029532	2.17
1417	31	29	43	45	0.017779	3.06
1418	31	29	45	47	0.011753	3.22
1419	31	28	34	37	0.966971	1.46
1420	31	28	37	40	0.182931	1.22
1421	31	28	40	43	0.066288	2.81
1422	31	28	43	46	0.031238	3.34
1423	31	28	46	49	0.017384	4.29
1424	31	28	49	52	0.010039	4.63
1425	31	28	55	58	0.004178	4.68
1426	31	27	39	43	0.121384	2.54
1427	31	27	43	47	0.047081	3.44
1428	31	27	47	51	0.02208	4.63
1429	31	27	51	55	0.012429	4.43
1430	31	27	55	59	0.00662	3.65
1431	31	26	36	41	0.46699	1.81
1432	31	26	41	46	0.096001	2.81
1433	31	26	46	51	0.036045	3.94
1434	31	26	51	56	0.017181	4.79
1435	31	26	56	61	0.008316	5.31
1436	31	26	66	71	0.004656	5.79
1437	31	25	37	43	0.347867	1.89
1438	31	25	43	49	0.076737	3.63
1439	31	25	49	55	0.028578	4.23
1440	31	24	38	45	0.272594	2.75
1441	31	24	45	52	0.063186	4.23
1442	31	24	52	59	0.022879	4.84
1443	31	24	59	66	0.01009	6.66
1444	31	23	39	47	0.234133	2.92
1445	31	23	47	55	0.053709	4.14
1446	31	23	55	63	0.017701	4.49
1447	31	23	63	71	0.010749	5.38
1448	32	31	33	34	5.296772	1.78
1449	32	31	36	37	0.173476	1.11
1450	32	31	37	38	0.088191	-0.51
1451	32	31	38	39	0.043619	1.4
1452	32	31	39	40	0.026342	1.46
1453	32	31	40	41	0.020144	2.5
1454	32	30	34	36	1.942277	1.03
1455	32	30	36	38	0.403105	0.81
1456	32	30	38	40	0.115783	1.59
1457	32	30	40	42	0.05981	2.39
1458	32	30	42	44	0.03202	2.37
1459	32	30	44	46	0.019076	2.16
1460	32	30	46	48	0.012993	2.78
1461	32	30	48	50	0.008559	2.01
1462	32	29	38	41	0.184401	2.1
1463	32	29	41	44	0.07258	2.21
1464	32	29	44	47	0.033931	3.21
1465	32	29	47	50	0.01896	3.19
1466	32	29	50	53	0.01101	1.81
1467	32	29	53	56	0.007095	3.44
1468	32	29	56	59	0.004365	4.47
1469	32	28	36	40	0.672771	1.2
1470	32	28	40	44	0.132398	2.61
1471	32	28	44	48	0.048753	3.33
1472	32	28	48	52	0.022239	3.99
1473	32	27	37	42	0.466207	1.3
1474	32	27	42	47	0.099035	3.0
1475	32	27	47	52	0.036519	4.83
1476	32	27	52	57	0.017553	4.71
1477	32	27	57	62	0.008448	6.93
1478	32	26	38	44	0.347147	2.4
1479	32	26	44	50	0.07985	3.57
1480	32	26	50	56	0.029041	3.42
1481	32	26	62	68	0.007937	4.56
1482	32	25	39	46	0.286521	2.59
1483	32	25	46	53	0.065951	4.59
1484	32	25	60	67	0.011003	7.77
1485	32	24	40	48	0.250073	3.17
1486	32	24	48	56	0.05448	4.33
1487	32	24	56	64	0.017839	5.26
1488	32	24	64	72	0.011557	7.1
1489	33	32	36	37	0.398839	0.21
1490	33	32	37	38	0.171112	-1.12
1491	33	32	38	39	0.075799	0.69
1492	33	32	39	40	0.042386	0.45
1493	33	32	41	42	0.021549	0.52
1494	33	31	39	41	0.119905	1.74
1495	33	31	41	43	0.060738	1.5
1496	33	31	43	45	0.03327	2.1
1497	33	31	45	47	0.020472	3.44
1498	33	31	47	49	0.012996	2.21
1499	33	30	36	39	1.120393	0.42
1500	33	30	39	42	0.19908	1.67
1501	33	30	42	45	0.076278	2.19
1502	33	30	45	48	0.037567	2.97
1503	33	30	48	51	0.019365	2.97
1504	33	30	51	54	0.012276	3.38
1505	33	30	54	57	0.007419	4.63
1506	33	30	57	60	0.004527	2.7
1507	33	29	37	41	0.671208	0.49
1508	33	29	41	45	0.141378	1.95
1509	33	29	45	49	0.053143	2.92
1510	33	29	49	53	0.024701	3.36
1511	33	29	53	57	0.012955	4.05
1512	33	29	57	61	0.007156	4.16
1513	33	29	61	65	0.004489	4.21
1514	33	29	65	69	0.00452	5.62
1515	33	28	38	43	0.454615	1.74
1516	33	28	43	48	0.105283	2.81
1517	33	28	48	53	0.03803	3.42
1518	33	28	53	58	0.017293	2.61
1519	33	28	58	63	0.008461	4.96
1520	33	27	39	45	0.363352	2.13
1521	33	27	45	51	0.083167	3.19
1522	33	27	51	57	0.030423	4.17
1523	33	27	57	63	0.012552	4.83
1524	33	27	63	69	0.008913	5.64
1525	33	26	40	47	0.31053	2.61
1526	33	26	47	54	0.068115	4.0
1527	33	26	54	61	0.023228	5.5
1528	33	26	61	68	0.011969	5.82
1529	34	33	36	37	1.200979	-1.8
1530	34	33	37	38	0.389801	-2.86
1531	34	33	38	39	0.142487	-1.09
1532	34	33	39	40	0.070233	-0.2
1533	34	33	40	41	0.047643	1.23
1534	34	33	41	42	0.031649	0.27
1535	34	33	42	43	0.020432	0.43
1536	34	32	36	38	2.160593	-1.38
1537	34	32	38	40	0.331273	-0.26
1538	34	32	40	42	0.131923	1.12
1539	34	32	42	44	0.061944	1.4
1540	34	32	44	46	0.033674	1.48
1541	34	32	46	48	0.021398	3.33
1542	34	32	48	50	0.013292	3.03
1543	34	31	40	43	0.211799	1.47
1544	34	31	43	46	0.079455	1.94
1545	34	31	46	49	0.038106	2.47
1546	34	31	49	52	0.019795	2.82
1547	34	31	55	58	0.007265	3.66
1548	34	31	58	61	0.004658	3.33
1549	34	30	38	42	0.639026	0.58
1550	34	30	42	46	0.14682	1.95
1551	34	30	46	50	0.056291	2.81
1552	34	30	50	54	0.025375	3.5
1553	34	30	54	58	0.013409	4.05
1554	34	30	58	62	0.007421	2.16
1555	34	30	66	70	0.004891	5.56
1556	34	29	39	44	0.476756	1.38
1557	34	29	44	49	0.109743	2.46
1558	34	29	49	54	0.040427	3.36
1559	34	29	54	59	0.017735	3.85
1560	34	29	59	64	0.009002	4.3
1561	34	29	64	69	0.007562	4.35
1562	34	28	40	46	0.388732	1.95
1563	34	28	46	52	0.085373	3.36
1564	34	28	52	58	0.031176	3.27
1565	34	28	58	64	0.012629	5.13
1566	34	28	64	70	0.009693	5.38
1567	34	27	41	48	0.320767	2.0
1568	34	27	48	55	0.069372	3.25
1569	34	27	62	69	0.012896	4.44
1570	35	34	36	37	6.501484	-2.15
1571	35	34	37	38	1.442448	-8.5
1572	35	33	49	51	0.013242	1.72
1573	35	32	56	59	0.007136	1.3
1574	35	32	59	62	0.004892	4.75
1575	35	31	51	55	0.027071	1.83
1576	35	31	55	59	0.012993	2.58
1577	35	30	45	50	0.117614	0.9
1578	35	30	55	60	0.017771	2.29
1579	35	30	65	70	0.008249	3.29
1580	35	29	53	59	0.030952	4.62
1581	35	29	59	65	0.013555	5.29
1582	35	29	65	71	0.010641	4.67
1583	35	28	63	70	0.014126	4.11
1584	36	35	41	42	0.074951	6.04
1585	36	34	38	40	1.746263	1.44
1586	36	34	40	42	0.348501	2.17
1587	36	34	42	44	0.126011	2.03
1588	36	34	44	46	0.060054	2.04
1589	36	34	46	48	0.03473	2.43
1590	36	34	48	50	0.020099	2.79
1591	36	34	50	52	0.011801	3.96
1592	36	34	52	54	0.009195	2.56
1593	36	33	39	42	0.921606	1.67
1594	36	33	42	45	0.207085	1.83
1595	36	33	45	48	0.081278	2.58
1596	36	33	48	51	0.036213	2.85
1597	36	33	51	54	0.020645	2.49
1598	36	33	54	57	0.011652	3.96
1599	36	32	40	44	0.668813	1.88
1600	36	32	44	48	0.150056	2.11
1601	36	32	48	52	0.053745	3.76
1602	36	32	52	56	0.026603	2.67
1603	36	32	56	60	0.01237	4.06
1604	36	32	60	64	0.007344	5.08
1605	36	32	64	68	0.006494	3.96
1606	36	31	41	46	0.505737	1.58
1607	36	31	46	51	0.113757	2.64
1608	36	31	51	56	0.041903	3.42
1609	36	31	56	61	0.017358	3.93
1610	36	31	61	66	0.009587	4.4
1611	36	31	66	71	0.008288	5.99
1612	36	30	42	48	0.402176	2.07
1613	36	30	48	54	0.088551	2.78
1614	36	30	54	60	0.03036	3.62
1615	36	30	60	66	0.014206	5.4
1616	36	30	66	72	0.010839	6.74
1617	36	29	43	50	0.334216	2.37
1618	36	29	50	57	0.070619	3.19
1619	36	29	57	64	0.023106	4.75
1620	36	29	64	71	0.015186	6.29
1621	37	36	39	40	0.902859	4.08
1622	37	36	40	41	0.339486	4.74
1623	37	36	41	42	0.159155	2.91
1624	37	36	42	43	0.080043	3.84
1625	37	36	43	44	0.0527	4.04
1626	37	36	44	45	0.032113	3.24
1627	37	36	45	46	0.02334	4.05
1628	37	35	39	41	1.651963	4.72
1629	37	35	41	43	0.35578	3.82
1630	37	35	45	47	0.065037	4.33
1631	37	35	49	51	0.020355	4.62
1632	37	35	51	53	0.013849	3.54
1633	37	35	53	55	0.008907	4.62
1634	37	34	40	43	1.000294	3.29
1635	37	34	43	46	0.220828	2.92
1636	37	34	46	49	0.084108	3.12
1637	37	34	49	52	0.037608	4.23
1638	37	34	52	55	0.02186	3.46
1639	37	34	55	58	0.011548	3.53
1640	37	34	58	61	0.006957	4.98
1641	37	34	61	64	0.004483	4.0
1642	37	33	41	45	0.689939	2.34
1643	37	33	45	49	0.157984	2.79
1644	37	33	49	53	0.057116	3.07
1645	37	33	53	57	0.025828	3.68
1646	37	33	57	61	0.012746	5.04
1647	37	33	61	65	0.007432	4.4
1648	37	32	42	47	0.518861	2.66
1649	37	32	47	52	0.116205	3.07
1650	37	32	52	57	0.043326	3.66
1651	37	32	57	62	0.017732	4.72
1652	37	32	62	67	0.010648	5.0
1653	37	32	67	72	0.008316	5.87
1654	37	31	43	49	0.42263	2.79
1655	37	31	49	55	0.09219	3.29
1656	37	31	55	61	0.030485	3.6
1657	37	31	61	67	0.015196	5.58
1658	37	30	44	51	0.343944	2.79
1659	37	30	51	58	0.074883	3.63
1660	37	30	58	65	0.023996	4.84
1661	37	30	65	72	0.016358	5.0
1662	38	37	39	40	4.166837	3.99
1663	38	37	40	41	0.971961	3.63
1664	38	37	42	43	0.143456	2.16
1665	38	37	43	44	0.084466	2.47
1666	38	37	44	45	0.047797	1.88
1667	38	37	46	47	0.023121	2.08
1668	38	36	40	42	1.813114	3.46
1669	38	36	42	44	0.360821	2.85
1670	38	36	44	46	0.136456	2.47
1671	38	36	46	48	0.069424	3.04
1672	38	36	48	50	0.036917	2.9
1673	38	36	50	52	0.020363	3.57
1674	38	36	52	54	0.01499	1.47
1675	38	36	54	56	0.009491	3.39
1676	38	35	41	44	1.008546	2.96
1677	38	35	44	47	0.220159	3.38
1678	38	35	47	50	0.084778	3.69
1679	38	35	50	53	0.038165	2.82
1680	38	35	53	56	0.02075	3.12
1681	38	35	56	59	0.011142	5.4
1682	38	35	59	62	0.007288	5.01
1683	38	35	62	65	0.004626	3.69
1684	38	34	42	46	0.683169	2.59
1685	38	34	46	50	0.161274	2.7
1686	38	34	50	54	0.056607	2.91
1687	38	34	54	58	0.025852	3.76
1688	38	34	58	62	0.01282	3.07
1689	38	34	62	66	0.007942	5.58
1690	38	34	66	70	0.007457	4.19
1691	38	33	43	48	0.537297	2.56
1692	38	33	48	53	0.117635	2.62
1693	38	33	53	58	0.041581	2.58
1694	38	33	58	63	0.017409	3.93
1695	38	33	63	68	0.01217	4.67
1696	38	32	44	50	0.426236	2.5
1697	38	32	50	56	0.091918	2.91
1698	38	32	56	62	0.030492	4.11
1699	38	32	62	68	0.016588	4.26
1700	39	38	40	41	3.197002	4.02
1701	39	38	41	42	0.748255	2.69
1702	39	38	42	43	0.244265	3.48
1703	39	38	43	44	0.12254	3.82
1704	39	38	44	45	0.062246	3.19
1705	39	38	45	46	0.040116	3.07
1706	39	38	46	47	0.026624	2.81
1707	39	38	47	48	0.018422	3.39
1708	39	37	41	43	1.478517	2.58
1709	39	37	43	45	0.317183	3.09
1710	39	37	45	47	0.123003	2.46
1711	39	37	47	49	0.058902	2.31
1712	39	37	49	51	0.03145	2.11
1713	39	37	51	53	0.020049	2.1
1714	39	37	55	57	0.007913	1.89
1715	39	36	42	45	0.869682	3.19
1716	39	36	45	48	0.211157	2.85
1717	39	36	48	51	0.076374	2.81
1718	39	36	51	54	0.037853	2.92
1719	39	36	54	57	0.019574	3.19
1720	39	36	57	60	0.010412	2.96
1721	39	36	60	63	0.006922	4.2
1722	39	36	63	66	0.005096	3.58
1723	39	35	43	47	0.638193	3.51
1724	39	35	47	51	0.145941	3.41
1725	39	35	51	55	0.055359	3.27
1726	39	35	55	59	0.023077	4.32
1727	39	35	59	63	0.01211	3.93
1728	39	35	63	67	0.008687	4.86
1729	39	35	67	71	0.006945	6.54
1730	39	34	44	49	0.4916	2.75
1731	39	34	49	54	0.111952	2.82
1732	39	34	54	59	0.038727	3.54
1733	39	34	59	64	0.01685	3.51
1734	39	34	64	69	0.012824	4.16
1735	39	33	45	51	0.40487	2.76
1736	39	33	51	57	0.089756	3.09
1737	39	33	57	63	0.028708	4.23
1738	39	33	63	69	0.01754	5.25
1739	40	39	41	42	2.975881	2.61
1740	40	39	42	43	0.661108	3.74
1741	40	39	43	44	0.25934	4.6
1742	40	39	44	45	0.111651	4.33
1743	40	39	45	46	0.06363	4.06
1744	40	39	46	47	0.038997	4.26
1745	40	39	47	48	0.0255	4.08
1746	40	39	48	49	0.0163	3.76
1747	40	38	42	44	1.287225	3.88
1748	40	38	44	46	0.277733	3.87
1749	40	38	46	48	0.109613	3.85
1750	40	38	48	50	0.050834	3.21
1751	40	38	50	52	0.025719	3.27
1752	40	38	54	56	0.010767	3.39
1753	40	38	56	58	0.006673	4.59
1754	40	37	43	46	0.824862	3.76
1755	40	37	46	49	0.189555	3.18
1756	40	37	49	52	0.068365	2.85
1757	40	37	52	55	0.035039	1.42
1758	40	37	55	58	0.016905	3.87
1759	40	37	58	61	0.00953	3.5
1760	40	37	61	64	0.005816	5.58
1761	40	36	44	48	0.593117	3.45
1762	40	36	48	52	0.133969	2.81
1763	40	36	52	56	0.053188	2.52
1764	40	36	56	60	0.021306	3.04
1765	40	36	60	64	0.01158	2.22
1766	40	35	45	50	0.470314	3.57
1767	40	35	50	55	0.10316	3.45
1768	40	35	55	60	0.034977	3.97
1769	40	35	60	65	0.016315	4.83
1770	40	35	65	70	0.012763	4.71
1771	40	34	46	52	0.379759	3.3
1772	40	34	52	58	0.085454	2.82
1773	40	34	58	64	0.026887	3.93
1774	40	34	64	70	0.017945	5.56
1775	41	40	42	43	2.528919	2.59
1776	41	40	43	44	0.707017	3.99
1777	41	40	44	45	0.248347	4.2
1778	41	40	45	46	0.122616	4.05
1779	41	40	46	47	0.067855	4.25
1780	41	40	47	48	0.041301	4.38
1781	41	40	48	49	0.025066	3.34
1782	41	40	49	50	0.018186	3.58
1783	41	39	43	45	1.325828	4.19
1784	41	39	45	47	0.293122	4.14
1785	41	39	47	49	0.108181	4.05
1786	41	39	49	51	0.049545	3.63
1787	41	39	51	53	0.028922	4.17
1788	41	39	53	55	0.016677	3.03
1789	41	39	55	57	0.010198	3.74
1790	41	39	57	59	0.006355	4.17
1791	41	38	44	47	0.782035	4.06
1792	41	38	47	50	0.179408	3.71
1793	41	38	50	53	0.064311	3.03
1794	41	38	53	56	0.030739	3.24
1795	41	38	56	59	0.015022	3.63
1796	41	38	59	62	0.009216	3.71
1797	41	38	65	68	0.0057	4.12
1798	41	37	45	49	0.583211	3.63
1799	41	37	49	53	0.130109	3.07
1800	41	37	53	57	0.047179	3.34
1801	41	37	57	61	0.02029	3.31
1802	41	37	65	69	0.009678	4.37
1803	41	36	46	51	0.45553	3.62
1804	41	36	51	56	0.103827	3.25
1805	41	36	56	61	0.033963	3.9
1806	41	36	61	66	0.016149	4.79
1807	41	36	66	71	0.012853	6.13
1808	41	35	47	53	0.366654	3.72
1809	41	35	53	59	0.0777	3.56
1810	41	35	59	65	0.026713	2.86
1811	41	35	65	71	0.018198	5.55
1812	42	41	43	44	2.715595	2.75
1813	42	41	44	45	0.659847	3.34
1814	42	41	45	46	0.262682	3.45
1815	42	41	46	47	0.126121	3.9
1816	42	41	47	48	0.06914	4.0
1817	42	41	48	49	0.038797	3.46
1818	42	41	49	50	0.026425	3.42
1819	42	41	50	51	0.01539	3.78
1820	42	40	44	46	1.293412	3.62
1821	42	40	46	48	0.304508	4.11
1822	42	40	48	50	0.10855	3.65
1823	42	40	50	52	0.047368	4.43
1824	42	40	52	54	0.030223	3.17
1825	42	40	54	56	0.017105	3.99
1826	42	40	56	58	0.010087	3.68
1827	42	40	58	60	0.006195	4.08
1828	42	39	45	48	0.817872	3.9
1829	42	39	48	51	0.171616	3.62
1830	42	39	51	54	0.067152	3.46
1831	42	39	54	57	0.030408	3.46
1832	42	39	57	60	0.014604	3.45
1833	42	39	60	63	0.008971	3.94
1834	42	39	63	66	0.006216	3.87
1835	42	39	66	69	0.005973	5.08
1836	42	38	46	50	0.573441	3.9
1837	42	38	50	54	0.121229	3.5
1838	42	38	54	58	0.04469	3.84
1839	42	38	58	62	0.019055	3.71
1840	42	38	62	66	0.0106	3.13
1841	42	38	66	70	0.009379	4.68
1842	42	37	47	52	0.435667	3.69
1843	42	37	52	57	0.100402	2.76
1844	42	37	57	62	0.032165	3.24
1845	42	37	62	67	0.016512	4.19
1846	42	37	67	72	0.011947	6.58
1847	42	36	48	54	0.353014	3.33
1848	42	36	54	60	0.075044	3.66
1849	42	36	60	66	0.027226	4.74
1850	42	36	66	72	0.018179	5.62
1851	43	42	44	45	2.240177	3.03
1852	43	42	45	46	0.621598	3.09
1853	43	42	46	47	0.246444	3.76
1854	43	42	47	48	0.118376	3.99
1855	43	42	48	49	0.060226	3.6
1856	43	42	49	50	0.037831	3.79
1857	43	42	50	51	0.020864	3.99
1858	43	42	51	52	0.015457	4.2
1859	43	41	45	47	1.256669	3.39
1860	43	41	47	49	0.286622	3.82
1861	43	41	49	51	0.100567	3.71
1862	43	41	51	53	0.050922	3.38
1863	43	41	53	55	0.026887	3.74
1864	43	41	55	57	0.015351	3.39
1865	43	41	57	59	0.009086	3.85
1866	43	41	59	61	0.006394	3.75
1867	43	40	46	49	0.793537	3.9
1868	43	40	49	52	0.166337	3.96
1869	43	40	52	55	0.067818	2.34
1870	43	40	55	58	0.028437	3.9
1871	43	40	58	61	0.014365	4.11
1872	43	40	61	64	0.008145	4.04
1873	43	40	64	67	0.007116	4.67
1874	43	40	67	70	0.005637	4.83
1875	43	39	47	51	0.544845	3.85
1876	43	39	51	55	0.123521	3.41
1877	43	39	55	59	0.041036	3.84
1878	43	39	59	63	0.018426	3.81
1879	43	39	63	67	0.011769	4.67
1880	43	39	67	71	0.008882	5.32
1881	43	38	48	53	0.409104	3.6
1882	43	38	53	58	0.08959	3.5
1883	43	38	58	63	0.029322	4.0
1884	43	38	63	68	0.017462	4.33
1885	44	43	45	46	2.302452	2.9
1886	44	43	46	47	0.651936	3.78
1887	44	43	47	48	0.261474	4.11
1888	44	43	48	49	0.11755	3.82
1889	44	43	49	50	0.066751	4.11
1890	44	43	50	51	0.034293	4.21
1891	44	43	51	52	0.024377	5.71
1892	44	43	52	53	0.019607	2.69
1893	44	42	46	48	1.277772	3.85
1894	44	42	48	50	0.282397	3.81
1895	44	42	50	52	0.095079	4.54
1896	44	42	52	54	0.05282	2.55
1897	44	42	54	56	0.027097	3.93
1898	44	42	56	58	0.014851	3.62
1899	44	42	58	60	0.008586	3.38
1900	44	42	60	62	0.006515	4.02
1901	44	41	47	50	0.796548	3.94
1902	44	41	50	53	0.165599	3.93
1903	44	41	53	56	0.063514	3.38
1904	44	41	56	59	0.026882	3.66
1905	44	41	59	62	0.014661	3.94
1906	44	41	62	65	0.008065	4.05
1907	44	41	65	68	0.007901	4.84
1908	44	41	68	71	0.005216	5.18
1909	44	40	48	52	0.533472	3.96
1910	44	40	52	56	0.127339	2.96
1911	44	40	56	60	0.039773	3.79
1912	44	40	60	64	0.018347	4.59
1913	44	40	64	68	0.013403	4.56
1914	44	40	68	72	0.008394	6.64
1915	44	39	49	54	0.411087	3.82
1916	44	39	54	59	0.087716	3.82
1917	44	39	59	64	0.02925	3.87
1918	44	39	64	69	0.018904	4.49
1919	45	44	46	47	2.152949	3.03
1920	45	44	47	48	0.608796	3.38
1921	45	44	48	49	0.228248	3.22
1922	45	44	49	50	0.113772	3.68
1923	45	44	50	51	0.053403	3.88
1924	45	44	51	52	0.035761	4.89
1925	45	44	53	54	0.015992	2.94
1926	45	43	47	49	1.215745	3.56
1927	45	43	49	51	0.268253	3.93
1928	45	43	51	53	0.107114	3.82
1929	45	43	53	55	0.049309	3.31
1930	45	43	55	57	0.02554	3.68
1931	45	43	57	59	0.014013	4.26
1932	45	43	59	61	0.009231	4.23
1933	45	43	61	63	0.005668	4.56
1934	45	42	48	51	0.73286	3.66
1935	45	42	51	54	0.171832	3.71
1936	45	42	54	57	0.061637	3.75
1937	45	42	57	60	0.025327	3.71
1938	45	42	60	63	0.013901	3.99
1939	45	42	63	66	0.00876	4.0
1940	45	42	66	69	0.008003	4.86
1941	45	42	69	72	0.004825	5.7
1942	45	41	49	53	0.526748	3.84
1943	45	41	53	57	0.11717	3.54
1944	45	41	57	61	0.038739	3.88
1945	45	41	61	65	0.017245	4.0
1946	45	41	65	69	0.013945	5.01
1947	45	40	50	55	0.395641	3.76
1948	45	40	55	60	0.082759	3.85
1949	45	40	60	65	0.029247	4.16
1950	45	40	65	70	0.019495	4.86
1951	46	45	47	48	2.374765	3.21
1952	46	45	48	49	0.614304	3.13
1953	46	45	49	50	0.252981	3.76
1954	46	45	50	51	0.10537	4.08
1955	46	45	51	52	0.065458	5.0
1956	46	45	52	53	0.046799	2.49
1957	46	45	53	54	0.026242	3.72
1958	46	45	54	55	0.018854	3.96
1959	46	44	48	50	1.209226	3.36
1960	46	44	50	52	0.260135	4.49
1961	46	44	52	54	0.11641	2.75
1962	46	44	54	56	0.051699	3.96
1963	46	44	56	58	0.025676	4.06
1964	46	44	58	60	0.013673	3.21
1965	46	44	60	62	0.009683	3.87
1966	46	44	62	64	0.005364	3.66
1967	46	43	49	52	0.752329	4.12
1968	46	43	52	55	0.188276	2.97
1969	46	43	55	58	0.061619	4.19
1970	46	43	58	61	0.026183	4.12
1971	46	43	61	64	0.01321	4.49
1972	46	43	64	67	0.01045	5.01
1973	46	43	67	70	0.007863	5.88
1974	46	42	50	54	0.524351	3.93
1975	46	42	54	58	0.119382	3.96
1976	46	42	58	62	0.038495	3.93
1977	46	42	62	66	0.017801	3.99
1978	46	42	66	70	0.014219	5.07
1979	46	41	51	56	0.427743	3.82
1980	46	41	56	61	0.08252	3.9
1981	46	41	61	66	0.029123	4.19
1982	46	41	66	71	0.0198	5.45
1983	47	46	48	49	2.097404	2.58
1984	47	46	49	50	0.601863	3.42
1985	47	46	50	51	0.212086	3.81
1986	47	46	51	52	0.118982	5.1
1987	47	46	53	54	0.041539	3.66
1988	47	46	54	55	0.028725	4.09
1989	47	46	55	56	0.01848	4.6
1990	47	45	49	51	1.172072	3.63
1991	47	45	51	53	0.310338	4.05
1992	47	45	53	55	0.115427	3.82
1993	47	45	55	57	0.052349	4.2
1994	47	45	57	59	0.025982	4.28
1995	47	45	59	61	0.015667	4.35
1996	47	45	61	63	0.009085	3.88
1997	47	45	63	65	0.00628	4.94
1998	47	44	50	53	0.744273	3.94
1999	47	44	53	56	0.182843	3.87
2000	47	44	56	59	0.060849	4.23
2001	47	44	59	62	0.027798	4.05
2002	47	44	62	65	0.013391	3.79
2003	47	44	65	68	0.012011	4.53
2004	47	44	68	71	0.007443	5.28
2005	47	43	51	55	0.582059	3.94
2006	47	43	55	59	0.11795	4.2
2007	47	43	59	63	0.039704	3.94
2008	47	43	63	67	0.020778	4.49
2009	47	43	67	71	0.014129	5.76
2010	47	42	52	57	0.451357	3.19
2011	47	42	57	62	0.083093	4.23
2012	47	42	62	67	0.031043	4.12
2013	47	42	67	72	0.019282	5.37
2014	48	47	49	50	1.906204	2.98
2015	48	47	50	51	0.474884	3.34
2016	48	47	51	52	0.229455	4.79
2017	48	47	52	53	0.136864	1.95
2018	48	47	53	54	0.066864	3.69
2019	48	47	54	55	0.043857	3.87
2020	48	47	55	56	0.027092	4.43
2021	48	47	56	57	0.017762	4.56
2022	48	46	50	52	1.035336	3.96
2023	48	46	52	54	0.324326	2.59
2024	48	46	54	56	0.118194	4.11
2025	48	46	56	58	0.051855	4.41
2026	48	46	58	60	0.025043	3.82
2027	48	46	60	62	0.016506	4.46
2028	48	46	62	64	0.008534	4.43
2029	48	46	64	66	0.007351	4.19
2030	48	45	51	54	0.811204	3.85
2031	48	45	54	57	0.18872	4.08
2032	48	45	57	60	0.061062	4.21
2033	48	45	60	63	0.028292	4.28
2034	48	45	63	66	0.015467	3.82
2035	48	45	66	69	0.013004	5.03
2036	48	45	69	72	0.007322	5.61
2037	48	44	52	56	0.610722	3.04
2038	48	44	56	60	0.116328	4.2
2039	48	44	60	64	0.040139	4.4
2040	48	44	64	68	0.023912	4.46
2041	48	44	68	72	0.013371	5.25
2042	49	48	51	52	0.507237	4.2
2043	49	48	53	54	0.111449	3.42
2044	49	48	54	55	0.067833	3.65
2045	49	48	55	56	0.039643	4.09
2046	49	48	56	57	0.025049	3.94
2047	49	48	57	58	0.016955	4.7
2048	49	47	51	53	1.126254	3.39
2049	49	47	53	55	0.290024	3.58
2050	49	47	55	57	0.109568	4.09
2051	49	47	57	59	0.048203	4.41
2052	49	47	59	61	0.026381	4.14
2053	49	47	61	63	0.014227	3.93
2054	49	47	63	65	0.009116	4.06
2055	49	47	65	67	0.008364	4.63
2056	49	46	52	55	0.829065	2.56
2057	49	46	55	58	0.179104	4.28
2058	49	46	58	61	0.060095	4.0
2059	49	46	61	64	0.02581	4.04
2060	49	46	64	67	0.017808	4.09
2061	49	46	67	70	0.012329	5.19
2062	49	45	53	57	0.567217	3.81
2063	49	45	57	61	0.11626	4.33
2064	49	45	61	65	0.038729	4.04
2065	49	45	65	69	0.025868	4.89
2066	50	49	51	52	2.454202	3.79
2067	50	49	52	53	0.730996	0.65
2068	50	49	53	54	0.262431	3.1
2069	50	49	54	55	0.142309	3.3
2070	50	49	55	56	0.076769	3.93
2071	50	49	56	57	0.04608	3.76
2072	50	49	57	58	0.029867	4.46
2073	50	49	58	59	0.018092	4.09
2074	50	48	54	56	0.326675	3.6
2075	50	48	56	58	0.117997	4.14
2076	50	48	58	60	0.049911	3.65
2077	50	48	60	62	0.029661	4.41
2078	50	48	62	64	0.014054	3.62
2079	50	48	64	66	0.011254	3.74
2080	50	48	66	68	0.009951	5.34
2081	50	47	53	56	0.838314	3.46
2082	50	47	56	59	0.185181	4.11
2083	50	47	59	62	0.066281	4.05
2084	50	47	62	65	0.026632	3.79
2085	50	47	65	68	0.021081	4.54
2086	50	47	68	71	0.011897	5.29
2087	50	46	54	58	0.614525	3.88
2088	50	46	58	62	0.121176	3.94
2089	50	46	62	66	0.041229	3.99
2090	50	46	66	70	0.027551	4.96
2091	51	50	53	54	0.467553	2.85
2092	51	50	54	55	0.214596	2.83
2093	51	50	55	56	0.105072	3.72
2094	51	50	56	57	0.059875	3.56
2095	51	50	57	58	0.037192	4.33
2096	51	50	58	59	0.02184	3.69
2097	51	50	59	60	0.015299	3.03
2098	51	49	53	55	1.086934	2.98
2099	51	49	55	57	0.287923	3.74
2100	51	49	57	59	0.107081	4.16
2101	51	49	59	61	0.051365	3.81
2102	51	49	61	63	0.025438	3.72
2103	51	49	63	65	0.014831	3.53
2104	51	49	65	67	0.012831	3.81
2105	51	49	67	69	0.00948	5.0
2106	51	48	54	57	0.777084	3.44
2107	51	48	57	60	0.171119	4.06
2108	51	48	60	63	0.06293	4.06
2109	51	48	63	66	0.02854	3.69
2110	51	48	66	69	0.021408	4.68
2111	51	48	69	72	0.010935	4.98
2112	51	47	55	59	0.552495	3.97
2113	51	47	59	63	0.117427	3.9
2114	51	47	63	67	0.04516	3.84
2115	51	47	67	71	0.025924	5.13
2116	52	51	53	54	1.314148	2.11
2117	52	51	54	55	0.432204	2.06
2118	52	51	55	56	0.181974	3.07
2119	52	51	56	57	0.095668	3.04
2120	52	51	57	58	0.056457	3.88
2121	52	51	58	59	0.031954	3.06
2122	52	51	59	60	0.021862	2.81
2123	52	51	60	61	0.017061	4.06
2124	52	50	54	56	0.933775	2.62
2125	52	50	56	58	0.249264	3.58
2126	52	50	58	60	0.090983	3.31
2127	52	50	60	62	0.048782	3.79
2128	52	50	62	64	0.021243	3.62
2129	52	50	64	66	0.015818	2.86
2130	52	50	66	68	0.013316	4.08
2131	52	50	68	70	0.007897	5.52
2132	52	49	55	58	0.688833	3.54
2133	52	49	58	61	0.16221	3.57
2134	52	49	61	64	0.05662	3.6
2135	52	49	64	67	0.032739	3.71
2136	52	49	67	70	0.020324	4.74
2137	52	48	56	60	0.508066	3.68
2138	52	48	60	64	0.113769	3.84
2139	52	48	64	68	0.05036	3.82
2140	52	48	68	72	0.023674	4.79
2141	53	52	55	56	0.459442	2.9
2142	53	52	56	57	0.200331	2.85
2143	53	52	57	58	0.10658	3.79
2144	53	52	58	59	0.056678	3.27
2145	53	52	59	60	0.036844	3.09
2146	53	52	60	61	0.027444	3.62
2147	53	52	61	62	0.017805	3.56
2148	53	51	55	57	0.937091	2.92
2149	53	51	57	59	0.251678	3.6
2150	53	51	59	61	0.103227	3.31
2151	53	51	61	63	0.046453	3.27
2152	53	51	63	65	0.024632	3.03
2153	53	51	65	67	0.020032	3.53
2154	53	51	67	69	0.014083	4.0
2155	53	51	69	71	0.008099	4.91
2156	53	50	56	59	0.666606	3.34
2157	53	50	59	62	0.168092	3.42
2158	53	50	62	65	0.054743	3.29
2159	53	50	65	68	0.037483	3.81
2160	53	50	68	71	0.018895	4.41
2161	54	53	55	56	1.345752	2.33
2162	54	53	56	57	0.377086	2.76
2163	54	53	57	58	0.165414	3.84
2164	54	53	58	59	0.079581	3.22
2165	54	53	59	60	0.04894	3.19
2166	54	53	60	61	0.035337	4.17
2167	54	53	61	62	0.021819	3.71
2168	54	53	62	63	0.012529	3.68
2169	54	52	56	58	0.848913	3.13
2170	54	52	58	60	0.222003	3.18
2171	54	52	60	62	0.102399	3.78
2172	54	52	62	64	0.040007	3.29
2173	54	52	64	66	0.027318	3.04
2174	54	52	66	68	0.021663	4.11
2175	54	52	68	70	0.012159	4.14
2176	54	52	70	72	0.00769	4.32
2177	54	51	57	60	0.604263	3.53
2178	54	51	60	63	0.160735	3.68
2179	54	51	63	66	0.058459	3.27
2180	54	51	66	69	0.038573	4.23
2181	54	51	69	72	0.017578	4.72
2182	55	54	56	57	1.552149	2.49
2183	55	54	57	58	0.417034	3.51
2184	55	54	58	59	0.162374	3.22
2185	55	54	59	60	0.088847	3.21
2186	55	54	60	61	0.058669	3.99
2187	55	54	61	62	0.034857	3.68
2188	55	54	62	63	0.019142	3.24
2189	55	54	63	64	0.013282	3.22
2190	55	53	57	59	0.823936	3.51
2191	55	53	59	61	0.231787	3.51
2192	55	53	61	63	0.088337	3.58
2193	55	53	63	65	0.040889	3.24
2194	55	53	65	67	0.030528	3.84
2195	55	53	67	69	0.020031	4.47
2196	55	53	69	71	0.010759	4.62
2197	55	52	58	61	0.594413	3.36
2198	55	52	61	64	0.146938	3.46
2199	55	52	64	67	0.067713	3.41
2200	55	52	67	70	0.036724	4.37
2201	56	55	57	58	1.477826	2.79
2202	56	55	58	59	0.356162	3.0
2203	56	55	59	60	0.160573	3.09
2204	56	55	60	61	0.093854	3.88
2205	56	55	61	62	0.052645	3.88
2206	56	55	62	63	0.027391	3.57
2207	56	55	63	64	0.018136	2.98
2208	56	55	64	65	0.014239	3.3
2209	56	54	58	60	0.76778	3.09
2210	56	54	60	62	0.240036	3.88
2211	56	54	62	64	0.07797	3.48
2212	56	54	64	66	0.046416	3.31
2213	56	54	66	68	0.033703	4.2
2214	56	54	68	70	0.017399	4.62
2215	56	54	70	72	0.010282	4.67
2216	56	53	59	62	0.595423	3.53
2217	56	53	62	65	0.132412	3.36
2218	56	53	65	68	0.072937	3.96
2219	56	53	68	71	0.031507	4.57
2220	57	56	58	59	1.274895	2.59
2221	57	56	59	60	0.363434	2.59
2222	57	56	60	61	0.175152	3.66
2223	57	56	61	62	0.088635	3.57
2224	57	56	62	63	0.043182	3.44
2225	57	56	63	64	0.026813	3.44
2226	57	56	64	65	0.020275	2.94
2227	57	56	65	66	0.016391	3.85
2228	57	55	59	61	0.792503	3.07
2229	57	55	61	63	0.211767	3.6
2230	57	55	63	65	0.079446	3.31
2231	57	55	65	67	0.052646	3.78
2232	57	55	67	69	0.031467	4.62
2233	57	55	69	71	0.015416	4.81
2234	57	54	60	63	0.593327	3.71
2235	57	54	63	66	0.141373	3.33
2236	57	54	66	69	0.075546	4.26
2237	57	54	69	72	0.028794	4.6
2238	58	57	59	60	1.385345	1.89
2239	58	57	60	61	0.409306	3.13
2240	58	57	61	62	0.174474	3.34
2241	58	57	62	63	0.076441	3.24
2242	58	57	63	64	0.043739	3.22
2243	58	57	64	65	0.031196	2.88
2244	58	57	65	66	0.02439	3.5
2245	58	57	66	67	0.019965	3.56
2246	58	56	60	62	0.847353	3.33
2247	58	56	62	64	0.190192	3.3
2248	58	56	64	66	0.092266	3.21
2249	58	56	66	68	0.059554	4.12
2250	58	56	68	70	0.027553	4.56
2251	58	56	70	72	0.014834	4.79
2252	59	58	60	61	1.176921	1.98
2253	59	58	61	62	0.344973	3.09
2254	59	58	62	63	0.128262	2.9
2255	59	58	63	64	0.065441	3.06
2256	59	58	64	65	0.043458	2.64
2257	59	58	65	66	0.032582	3.27
2258	59	58	66	67	0.025706	3.58
2259	59	58	67	68	0.018675	4.4
2260	59	57	61	63	0.723871	3.13
2261	59	57	63	65	0.183861	2.96
2262	59	57	65	67	0.102672	3.45
2263	59	57	67	69	0.054621	4.41
2264	59	57	69	71	0.023806	4.7
2265	60	59	61	62	1.208042	2.92
2266	60	59	62	63	0.302385	2.43
2267	60	59	63	64	0.124829	2.76
2268	60	59	64	65	0.073858	2.25
2269	60	59	65	66	0.052412	2.97
2270	60	59	66	67	0.039333	3.31
2271	60	59	67	68	0.027617	4.2
2272	60	59	68	69	0.016258	4.21
2273	60	58	62	64	0.620341	2.64
2274	60	58	64	66	0.202238	2.67
2275	60	58	66	68	0.111294	3.72
2276	60	58	68	70	0.045173	4.08
2277	60	58	70	72	0.021729	4.21
2278	61	60	62	63	1.252594	1.77
2279	61	60	63	64	0.318381	2.23
2280	61	60	64	65	0.152492	1.69
2281	61	60	65	66	0.099105	2.56
2282	61	60	66	67	0.069486	3.04
2283	61	60	67	68	0.046485	3.84
2284	61	60	68	69	0.025974	3.69
2285	61	60	69	70	0.015336	3.81
2286	61	59	63	65	0.669133	2.19
2287	61	59	65	67	0.260307	2.88
2288	61	59	67	69	0.116348	3.87
2289	61	59	69	71	0.043165	4.05
2290	62	61	63	64	1.098923	2.19
2291	62	61	64	65	0.324532	1.24
2292	62	61	65	66	0.177651	2.33
2293	62	61	66	67	0.113684	2.78
2294	62	61	67	68	0.070637	3.68
2295	62	61	68	69	0.037032	3.6
2296	62	61	69	70	0.020481	3.46
2297	62	61	70	71	0.013267	4.4
2298	62	60	64	66	0.753328	1.75
2299	62	60	66	68	0.300275	3.18
2300	62	60	68	70	0.09884	3.62
2301	62	60	70	72	0.039855	3.92
2302	63	62	65	66	0.377838	2.03
2303	63	62	66	67	0.207259	2.52
2304	63	62	67	68	0.11786	3.6
2305	63	62	68	69	0.056587	3.62
2306	63	62	69	70	0.028872	3.1
2307	63	62	70	71	0.017374	4.29
2308	63	62	71	72	0.010771	4.41
2309	64	63	65	66	1.660644	1.2
2310	64	63	66	67	0.566757	2.56
2311	64	63	67	68	0.276793	3.56
2312	64	63	68	69	0.119696	3.57
2313	64	63	69	70	0.05567	3.41
2314	64	63	70	71	0.030916	3.93
2315	64	63	71	72	0.017949	3.0
2316	65	64	66	67	2.157247	2.79
2317	65	64	67	68	0.719012	3.51
2318	65	64	68	69	0.265528	3.74
2319	65	64	69	70	0.110529	3.81
2320	65	64	70	71	0.055943	3.99
2321	65	64	71	72	0.030156	3.34
2322	66	65	67	68	2.784347	3.19
2323	66	65	68	69	0.715105	3.57
2324	66	65	69	70	0.246892	3.88
2325	66	65	70	71	0.10967	4.16
2326	66	65	71	72	0.053642	3.42
2327	67	66	68	69	3.47861	3.31
2328	67	66	69	70	0.794786	4.0
2329	67	66	70	71	0.280283	4.44
2330	67	66	71	72	0.116911	3.93
