1998
1	2	1	3	4	1.47962	1.36
2	2	1	7	8	0.042165	1.94
3	2	1	8	9	0.022984	2.08
4	2	1	9	10	0.016983	2.0
5	3	2	4	5	1.337822	2.27
6	3	2	5	6	0.328502	1.19
7	3	2	6	7	0.140082	1.75
8	3	2	7	8	0.072514	1.75
9	3	2	8	9	0.03583	1.94
10	3	2	9	10	0.024887	2.17
11	3	1	5	7	0.667744	1.44
12	3	1	7	9	0.173592	1.89
13	3	1	9	11	0.069708	2.19
14	3	1	11	13	0.034294	2.07
15	4	3	6	7	0.376858	1.88
16	4	3	7	8	0.152987	1.91
17	4	3	8	9	0.065499	2.15
18	4	3	9	10	0.041812	2.23
19	4	3	10	11	0.025777	2.31
20	4	3	11	12	0.017464	1.78
21	4	3	12	13	0.011894	2.34
22	4	2	6	8	0.742321	1.86
23	4	2	8	10	0.168072	2.08
24	4	2	10	12	0.070934	2.21
25	4	2	12	14	0.035969	2.58
26	4	2	16	18	0.012433	1.72
27	4	2	18	20	0.0085	2.11
28	4	1	7	10	0.475639	1.95
29	4	1	10	13	0.117267	2.21
30	4	1	13	16	0.046871	1.68
31	4	1	16	19	0.023065	2.04
32	4	1	19	22	0.01308	1.65
33	4	1	25	28	0.005271	1.6
34	5	4	6	7	1.410586	1.56
35	5	4	7	8	0.344657	1.72
36	5	4	8	9	0.113328	1.97
37	5	4	9	10	0.062955	2.06
38	5	4	10	11	0.035562	2.31
39	5	4	11	12	0.022624	1.91
40	5	4	12	13	0.014769	1.83
41	5	3	7	9	0.676425	1.84
42	5	3	9	11	0.16616	2.19
43	5	3	11	13	0.066785	2.0
44	5	3	13	15	0.033898	1.69
45	5	3	15	17	0.019598	1.81
46	5	3	17	19	0.011773	2.22
47	5	3	19	21	0.007924	1.68
48	5	3	21	23	0.005403	1.29
49	5	2	8	11	0.421787	2.1
50	5	2	11	14	0.113597	2.33
51	5	2	17	20	0.022341	2.06
52	5	2	20	23	0.012047	1.81
53	5	2	23	26	0.008442	1.84
54	5	2	26	29	0.005001	1.67
55	5	1	9	13	0.336847	2.11
56	5	1	13	17	0.085311	1.74
57	5	1	17	21	0.033017	2.04
58	5	1	21	25	0.016794	1.95
59	5	1	25	29	0.009402	2.04
60	5	1	29	33	0.006199	2.43
61	6	5	7	8	1.502566	1.4
62	6	5	8	9	0.289316	1.77
63	6	5	9	10	0.125118	1.91
64	6	5	10	11	0.061395	2.19
65	6	5	11	12	0.035675	1.97
66	6	5	12	13	0.02194	2.23
67	6	4	8	10	0.59073	1.84
68	6	4	10	12	0.155327	2.08
69	6	4	16	18	0.018207	1.67
70	6	4	18	20	0.011725	1.88
71	6	4	22	24	0.005318	2.15
72	6	3	9	12	0.428449	2.03
73	6	3	12	15	0.10839	1.74
74	6	3	15	18	0.044083	1.62
75	6	3	18	21	0.02197	1.94
76	6	3	21	24	0.012734	1.52
77	6	3	27	30	0.005212	2.11
78	6	3	30	33	0.003709	2.03
79	6	2	10	14	0.326171	2.22
80	6	2	18	22	0.033143	1.77
81	6	2	26	30	0.009143	2.27
82	6	2	34	38	0.004015	3.07
83	6	1	11	16	0.263392	1.8
84	6	1	16	21	0.066185	1.88
85	6	1	21	26	0.026845	1.84
86	6	1	26	31	0.013141	2.0
87	6	1	31	36	0.007339	3.15
88	6	1	36	41	0.005297	2.44
89	6	1	41	46	0.003078	2.79
90	7	6	8	9	1.292673	1.92
91	7	6	9	10	0.339443	2.21
92	7	6	12	13	0.036867	1.94
93	7	5	9	11	0.657062	2.17
94	7	5	11	13	0.159974	2.03
95	7	5	17	19	0.018757	2.21
96	7	5	19	21	0.011897	1.74
97	7	5	21	23	0.007729	2.34
98	7	4	10	13	0.425047	2.17
99	7	4	13	16	0.109774	1.77
100	7	4	16	19	0.044143	2.1
101	7	4	19	22	0.022072	1.67
102	7	4	25	28	0.007584	1.97
103	7	4	28	31	0.005582	2.39
104	7	3	11	15	0.32687	1.92
105	7	3	15	19	0.084145	2.16
106	7	3	19	23	0.032977	1.3
107	7	3	23	27	0.017289	1.69
108	7	3	39	43	0.002892	1.92
109	7	2	12	17	0.265022	1.8
110	7	2	17	22	0.06641	1.89
111	7	2	22	27	0.026651	1.98
112	7	2	27	32	0.013512	2.27
113	7	2	32	37	0.007645	2.73
114	7	2	37	42	0.005124	1.88
115	7	1	13	19	0.223897	1.83
116	7	1	19	25	0.055777	1.88
117	7	1	25	31	0.022552	1.88
118	7	1	55	61	0.001772	2.67
119	8	7	9	10	1.685314	2.1
120	8	7	10	11	0.382655	2.5
121	8	7	11	12	0.144049	2.22
122	8	7	12	13	0.069654	2.04
123	8	7	16	17	0.012875	1.62
124	8	6	10	12	0.723168	2.39
125	8	6	12	14	0.17584	2.56
126	8	6	14	16	0.068579	0.54
127	8	6	16	18	0.036314	1.92
128	8	6	18	20	0.021475	1.91
129	8	6	20	22	0.012623	1.69
130	8	6	22	24	0.008747	1.74
131	8	5	11	14	0.458875	2.31
132	8	5	14	17	0.113734	0.7
133	8	5	17	20	0.04708	2.17
134	8	5	20	23	0.02234	1.95
135	8	5	23	26	0.014253	1.84
136	8	5	26	29	0.00787	2.03
137	8	4	12	16	0.338871	1.92
138	8	4	16	20	0.087756	1.88
139	8	4	20	24	0.034063	1.77
140	8	4	24	28	0.016644	2.19
141	8	4	28	32	0.010289	2.27
142	8	4	36	40	0.004607	1.98
143	8	3	13	18	0.277918	1.86
144	8	3	18	23	0.069113	1.71
145	8	3	28	33	0.014305	2.08
146	8	3	38	43	0.005189	2.07
147	8	3	48	53	0.002192	2.21
148	8	2	20	26	0.057115	1.92
149	8	2	26	32	0.022669	2.16
150	8	2	44	50	0.004038	2.86
151	8	2	56	62	0.001819	3.25
152	8	1	15	22	0.198741	1.86
153	8	1	22	29	0.04867	1.72
154	8	1	36	43	0.010661	2.46
155	8	1	57	64	0.00226	3.03
156	9	8	10	11	1.608879	2.1
157	9	8	11	12	0.346348	2.06
158	9	8	12	13	0.12723	1.86
159	9	8	15	16	0.024042	1.92
160	9	8	16	17	0.016478	1.48
161	9	8	17	18	0.01079	2.39
162	9	7	11	13	0.68713	2.04
163	9	7	13	15	0.170966	1.89
164	9	7	15	17	0.071301	1.86
165	9	7	17	19	0.034816	2.4
166	9	7	19	21	0.020345	2.16
167	9	6	12	15	0.44512	1.92
168	9	6	15	18	0.117101	1.86
169	9	6	18	21	0.047369	2.04
170	9	6	21	24	0.024096	1.92
171	9	6	24	27	0.013319	1.75
172	9	5	17	21	0.085891	2.01
173	9	5	21	25	0.035104	1.91
174	9	5	25	29	0.017113	2.01
175	9	5	29	33	0.010205	2.31
176	9	4	19	24	0.069353	1.78
177	9	4	24	29	0.02684	1.77
178	9	4	29	34	0.014163	2.54
179	9	4	34	39	0.007999	2.29
180	9	4	39	44	0.004843	2.59
181	9	3	15	21	0.230484	1.92
182	9	3	21	27	0.057905	1.89
183	9	3	27	33	0.022994	2.06
184	9	3	33	39	0.011863	2.21
185	9	3	39	45	0.00656	2.98
186	9	2	16	23	0.196178	1.86
187	9	2	23	30	0.050206	2.17
188	9	2	30	37	0.019817	2.27
189	9	2	37	44	0.010131	2.31
190	9	2	44	51	0.005536	2.59
191	9	2	58	65	0.00226	1.8
192	9	1	17	25	0.170781	2.03
193	9	1	25	33	0.042948	2.25
194	9	1	33	41	0.01783	2.27
195	10	9	11	12	1.598741	2.03
196	10	9	12	13	0.357452	1.97
197	10	9	16	17	0.027032	1.62
198	10	9	17	18	0.016949	2.56
199	10	9	18	19	0.012527	2.55
200	10	8	12	14	0.703365	2.33
201	10	8	16	18	0.071289	1.89
202	10	8	18	20	0.037028	1.91
203	10	8	20	22	0.019973	1.74
204	10	8	24	26	0.008678	2.34
205	10	7	13	16	0.471174	2.0
206	10	7	16	19	0.120773	1.91
207	10	7	19	22	0.049029	1.97
208	10	7	22	25	0.02423	1.75
209	10	7	25	28	0.01349	1.62
210	10	6	18	22	0.091158	1.94
211	10	6	22	26	0.036555	1.95
212	10	6	30	34	0.010464	2.59
213	10	5	15	20	0.286308	1.89
214	10	5	20	25	0.070036	1.84
215	10	5	25	30	0.02833	2.17
216	10	5	30	35	0.014273	2.4
217	10	5	35	40	0.008486	2.64
218	10	5	40	45	0.004845	2.34
219	10	4	16	22	0.236004	1.84
220	10	4	22	28	0.057812	1.83
221	10	4	28	34	0.024118	2.25
222	10	4	34	40	0.012009	2.1
223	10	4	40	46	0.006356	2.55
224	10	3	17	24	0.200763	2.08
225	10	3	24	31	0.050145	2.03
226	10	3	31	38	0.019926	2.66
227	10	3	59	66	0.002282	3.36
228	10	2	18	26	0.177473	1.97
229	10	2	26	34	0.043158	2.16
230	10	2	42	50	0.008366	2.44
231	10	1	19	28	0.155389	1.97
232	10	1	46	55	0.00759	2.33
233	10	1	55	64	0.004138	2.79
234	11	10	17	18	0.024351	2.58
235	11	10	18	19	0.017222	2.16
236	11	10	19	20	0.012735	1.94
237	11	9	13	15	0.689202	2.1
238	11	9	15	17	0.180728	2.0
239	11	9	17	19	0.071082	2.34
240	11	9	19	21	0.036781	1.78
241	11	9	21	23	0.020581	1.72
242	11	9	23	25	0.014003	1.69
243	11	9	25	27	0.008814	2.28
244	11	9	27	29	0.005888	2.06
245	11	8	17	20	0.119134	2.17
246	11	8	20	23	0.045942	1.77
247	11	8	23	26	0.025686	2.03
248	11	8	26	29	0.012928	1.59
249	11	8	32	35	0.005568	1.92
250	11	7	15	19	0.357922	2.07
251	11	7	19	23	0.090196	1.8
252	11	7	23	27	0.037841	2.06
253	11	7	27	31	0.018416	2.22
254	11	7	31	35	0.010102	2.03
255	11	7	43	47	0.002829	2.28
256	11	6	16	21	0.287032	1.95
257	11	6	21	26	0.073762	1.89
258	11	6	26	31	0.028507	2.39
259	11	6	31	36	0.013741	1.98
260	11	6	36	41	0.008973	2.7
261	11	5	17	23	0.234455	2.15
262	11	5	23	29	0.06076	1.69
263	11	5	29	35	0.02425	2.5
264	11	5	41	47	0.006488	2.35
265	11	5	53	59	0.002664	3.33
266	11	4	18	25	0.20404	1.94
267	11	4	25	32	0.050699	2.16
268	11	4	32	39	0.020261	2.37
269	11	4	39	46	0.009861	2.42
270	11	4	60	67	0.002254	3.21
271	11	3	19	27	0.178287	1.91
272	11	3	27	35	0.044175	2.15
273	11	3	35	43	0.018162	2.19
274	11	2	20	29	0.15456	1.95
275	11	2	29	38	0.039957	2.47
276	11	2	38	47	0.015737	2.28
277	11	1	21	31	0.142252	2.21
278	11	1	31	41	0.035383	2.21
279	11	1	41	51	0.013505	3.29
280	11	1	51	61	0.006693	2.67
281	11	1	61	71	0.003802	3.76
282	12	11	15	16	0.144499	2.15
283	12	11	16	17	0.073692	1.69
284	12	11	17	18	0.04012	2.37
285	12	11	18	19	0.02662	2.11
286	12	11	19	20	0.018856	1.8
287	12	10	16	18	0.179433	1.97
288	12	10	18	20	0.075487	1.94
289	12	10	20	22	0.03601	1.75
290	12	10	22	24	0.02141	1.98
291	12	10	24	26	0.013457	2.46
292	12	10	26	28	0.008001	1.97
293	12	9	15	18	0.48035	2.07
294	12	9	18	21	0.123674	1.95
295	12	9	21	24	0.05068	1.83
296	12	9	24	27	0.024516	2.1
297	12	9	27	30	0.014063	2.17
298	12	9	30	33	0.008863	1.77
299	12	8	16	20	0.363165	1.94
300	12	8	20	24	0.0904	1.81
301	12	8	24	28	0.035536	1.84
302	12	8	28	32	0.01908	2.39
303	12	8	32	36	0.009827	2.33
304	12	8	36	40	0.007173	2.0
305	12	8	40	44	0.004022	2.28
306	12	7	17	22	0.289356	2.13
307	12	7	22	27	0.07362	1.88
308	12	7	27	32	0.029526	2.13
309	12	7	32	37	0.01433	2.15
310	12	7	37	42	0.008734	1.8
311	12	7	52	57	0.002233	2.59
312	12	6	18	24	0.245735	1.92
313	12	6	24	30	0.060296	2.01
314	12	6	30	36	0.023878	2.29
315	12	6	42	48	0.006562	2.28
316	12	6	54	60	0.00271	2.33
317	12	6	60	66	0.001882	2.97
318	12	5	19	26	0.209463	1.83
319	12	5	26	33	0.050514	2.11
320	12	5	33	40	0.021128	2.28
321	12	5	40	47	0.009813	2.19
322	12	5	47	54	0.005504	2.15
323	12	5	54	61	0.003488	2.22
324	12	4	20	28	0.176608	1.89
325	12	4	28	36	0.045097	2.16
326	12	4	44	52	0.008628	1.98
327	12	4	60	68	0.003003	3.34
328	12	3	21	30	0.160727	2.0
329	12	3	30	39	0.040243	2.23
330	12	3	39	48	0.015533	2.33
331	12	3	48	57	0.007482	2.9
332	12	2	22	32	0.14329	2.13
333	12	2	32	42	0.035867	2.29
334	12	2	42	52	0.013593	2.66
335	12	2	52	62	0.006652	2.96
336	12	1	23	34	0.132658	2.21
337	12	1	34	45	0.032391	2.42
338	12	1	45	56	0.012328	2.82
339	12	1	56	67	0.006035	2.4
340	13	12	15	16	0.33962	2.1
341	13	12	16	17	0.13878	1.64
342	13	12	17	18	0.066791	2.43
343	13	12	18	19	0.040594	1.98
344	13	12	19	20	0.02713	1.88
345	13	12	20	21	0.01595	1.83
346	13	11	15	17	0.696875	1.98
347	13	11	17	19	0.174235	2.29
348	13	11	19	21	0.073556	1.83
349	13	11	21	23	0.036286	1.5
350	13	11	23	25	0.022611	1.97
351	13	11	25	27	0.013362	1.77
352	13	10	16	19	0.469531	1.97
353	13	10	19	22	0.123388	1.67
354	13	10	22	25	0.049094	1.84
355	13	10	25	28	0.024051	1.81
356	13	10	28	31	0.015012	2.27
357	13	10	31	34	0.008523	2.25
358	13	10	34	37	0.005603	2.46
359	13	10	37	40	0.004398	2.28
360	13	9	17	21	0.355622	2.15
361	13	9	21	25	0.093534	1.77
362	13	9	25	29	0.03662	1.88
363	13	9	33	37	0.010416	2.35
364	13	9	37	41	0.006934	2.31
365	13	9	45	49	0.002806	2.42
366	13	8	18	23	0.289972	1.89
367	13	8	23	28	0.074997	1.97
368	13	8	28	33	0.030116	2.35
369	13	8	33	38	0.014604	2.23
370	13	8	38	43	0.0085	2.44
371	13	8	43	48	0.004815	2.52
372	13	8	48	53	0.003185	3.17
373	13	7	19	25	0.245685	1.81
374	13	7	25	31	0.061841	2.08
375	13	7	31	37	0.023747	2.39
376	13	7	37	43	0.012624	2.34
377	13	7	43	49	0.006365	2.22
378	13	7	49	55	0.004242	2.96
379	13	7	55	61	0.002656	2.28
380	13	6	20	27	0.206062	1.88
381	13	6	27	34	0.052295	2.16
382	13	6	34	41	0.021077	2.52
383	13	6	41	48	0.009839	1.97
384	13	6	48	55	0.005636	3.18
385	13	6	55	62	0.003402	2.61
386	13	6	62	69	0.00233	2.42
387	13	5	21	29	0.18229	1.88
388	13	5	29	37	0.045811	2.21
389	13	5	37	45	0.018276	2.64
390	13	5	45	53	0.00848	2.64
391	13	5	53	61	0.004889	2.44
392	13	4	22	31	0.160838	2.01
393	13	4	31	40	0.039853	2.19
394	13	4	40	49	0.014949	2.46
395	13	4	58	67	0.004242	3.27
396	13	3	23	33	0.147517	2.11
397	13	3	33	43	0.036408	2.34
398	13	3	43	53	0.013386	2.55
399	13	3	53	63	0.006787	2.81
400	13	2	46	57	0.012338	2.76
401	13	2	57	68	0.006117	3.17
402	14	13	15	16	1.541587	2.1
403	14	13	16	17	0.368634	1.74
404	14	13	18	19	0.076014	2.25
405	14	13	19	20	0.046557	1.81
406	14	13	20	21	0.025726	1.81
407	14	13	21	22	0.01931	2.01
408	14	13	22	23	0.011853	1.44
409	14	12	16	18	0.716985	1.94
410	14	12	18	20	0.190244	1.97
411	14	12	20	22	0.073556	1.69
412	14	12	22	24	0.038488	1.47
413	14	12	24	26	0.022182	1.8
414	14	12	28	30	0.009671	2.13
415	14	12	30	32	0.00656	1.72
416	14	11	17	20	0.485305	2.27
417	14	11	20	23	0.120629	1.72
418	14	11	23	26	0.054367	1.91
419	14	11	26	29	0.024024	1.69
420	14	11	29	32	0.015196	2.13
421	14	11	35	38	0.00599	2.07
422	14	11	38	41	0.004356	1.95
423	14	10	18	22	0.374828	1.95
424	14	10	22	26	0.095509	1.88
425	14	10	26	30	0.036609	2.08
426	14	10	30	34	0.019024	2.34
427	14	10	38	42	0.00684	2.42
428	14	10	42	46	0.00409	2.33
429	14	9	19	24	0.30326	1.81
430	14	9	24	29	0.074141	1.84
431	14	9	29	34	0.030964	2.5
432	14	9	34	39	0.01499	2.64
433	14	9	39	44	0.008253	2.39
434	14	9	44	49	0.004983	2.59
435	14	9	49	54	0.00337	2.58
436	14	8	20	26	0.246495	1.84
437	14	8	26	32	0.061144	2.11
438	14	8	32	38	0.024378	2.37
439	14	8	38	44	0.012213	2.35
440	14	8	44	50	0.006664	2.33
441	14	7	21	28	0.214476	1.89
442	14	7	28	35	0.054603	2.21
443	14	7	35	42	0.021548	2.52
444	14	7	42	49	0.009791	2.44
445	14	7	49	56	0.005776	3.07
446	14	7	56	63	0.003507	2.97
447	14	6	22	30	0.186096	2.03
448	14	6	30	38	0.046474	2.11
449	14	6	38	46	0.018236	2.43
450	14	6	46	54	0.008687	2.49
451	14	5	23	32	0.169095	2.06
452	14	5	32	41	0.040863	2.31
453	14	5	41	50	0.015241	2.39
454	14	5	50	59	0.007571	3.24
455	14	4	24	34	0.146033	2.06
456	14	4	44	54	0.013774	2.52
457	14	4	54	64	0.006775	2.06
458	14	3	25	36	0.13233	2.15
459	14	3	36	47	0.033935	2.5
460	14	3	47	58	0.01231	3.22
461	14	3	58	69	0.006197	3.04
462	15	14	17	18	0.291894	2.4
463	15	14	18	19	0.126627	1.97
464	15	14	19	20	0.068799	1.58
465	15	14	20	21	0.035054	1.26
466	15	13	17	19	0.636301	2.31
467	15	13	19	21	0.175759	1.71
468	15	13	21	23	0.070341	1.67
469	15	13	23	25	0.038652	1.83
470	15	13	25	27	0.021	1.95
471	15	13	29	31	0.009484	2.16
472	15	13	31	33	0.005762	1.95
473	15	12	18	21	0.461562	1.88
474	15	12	21	24	0.122472	1.8
475	15	12	24	27	0.048103	1.74
476	15	12	27	30	0.024355	1.94
477	15	12	30	33	0.014021	2.27
478	15	12	33	36	0.008238	1.8
479	15	12	36	39	0.006362	2.52
480	15	11	19	23	0.355851	1.64
481	15	11	23	27	0.095709	2.13
482	15	11	27	31	0.037372	1.88
483	15	11	39	43	0.006518	1.62
484	15	11	43	47	0.003998	2.07
485	15	10	20	25	0.283326	1.8
486	15	10	25	30	0.073621	1.95
487	15	10	30	35	0.029441	2.22
488	15	10	35	40	0.015059	1.88
489	15	10	40	45	0.007808	2.03
490	15	9	21	27	0.245706	1.89
491	15	9	27	33	0.061317	2.08
492	15	9	33	39	0.024724	2.11
493	15	9	45	51	0.00653	2.16
494	15	9	51	57	0.003999	2.92
495	15	9	63	69	0.001893	4.2
496	15	8	22	29	0.207106	1.89
497	15	8	29	36	0.052374	2.28
498	15	8	36	43	0.021924	2.52
499	15	8	43	50	0.009534	2.4
500	15	8	50	57	0.005516	2.28
501	15	8	57	64	0.003433	3.1
502	15	7	23	31	0.189303	1.98
503	15	7	31	39	0.045251	2.17
504	15	7	39	47	0.017732	2.44
505	15	7	47	55	0.00856	2.59
506	15	7	63	71	0.003043	4.17
507	15	6	24	33	0.161274	2.01
508	15	6	42	51	0.015173	2.61
509	15	6	60	69	0.004351	2.19
510	15	5	25	35	0.145609	2.08
511	15	5	35	45	0.036228	2.25
512	15	5	45	55	0.013686	2.67
513	15	5	55	65	0.006634	2.79
514	15	4	26	37	0.129053	2.17
515	15	4	37	48	0.032721	2.37
516	15	4	59	70	0.006167	2.7
517	16	15	17	18	1.111089	2.44
518	16	15	18	19	0.309079	1.88
519	16	15	19	20	0.138371	1.52
520	16	15	20	21	0.062499	1.65
521	16	15	24	25	0.01118	1.67
522	16	14	18	20	0.64266	1.78
523	16	14	20	22	0.162761	1.64
524	16	14	22	24	0.06883	1.89
525	16	14	24	26	0.034989	1.69
526	16	14	26	28	0.018161	1.74
527	16	14	28	30	0.013323	2.04
528	16	14	30	32	0.00863	2.27
529	16	14	32	34	0.005739	1.8
530	16	13	19	22	0.460879	1.62
531	16	13	22	25	0.117605	1.83
532	16	13	25	28	0.047074	1.74
533	16	13	28	31	0.025905	1.94
534	16	13	31	34	0.013434	1.84
535	16	13	37	40	0.006177	1.98
536	16	12	20	24	0.343228	1.72
537	16	12	24	28	0.087711	1.71
538	16	12	28	32	0.038178	1.98
539	16	12	32	36	0.017109	2.04
540	16	12	36	40	0.011354	2.04
541	16	11	21	26	0.290597	1.75
542	16	11	26	31	0.071846	1.91
543	16	11	31	36	0.027619	1.92
544	16	11	36	41	0.015648	2.4
545	16	11	41	46	0.007657	2.22
546	16	11	46	51	0.004859	2.11
547	16	10	22	28	0.23788	1.81
548	16	10	28	34	0.062915	2.07
549	16	10	34	40	0.024488	2.04
550	16	10	40	46	0.011255	2.28
551	16	10	46	52	0.006518	2.64
552	16	10	52	58	0.003887	2.88
553	16	10	58	64	0.002655	3.29
554	16	9	23	30	0.214053	1.94
555	16	9	30	37	0.052052	2.15
556	16	9	37	44	0.020934	2.31
557	16	9	51	58	0.005438	2.9
558	16	9	58	65	0.003457	3.42
559	16	8	24	32	0.180444	1.89
560	16	8	32	40	0.045475	2.07
561	16	8	40	48	0.017	2.27
562	16	8	48	56	0.00837	2.61
563	16	7	25	34	0.16243	1.97
564	16	7	34	43	0.040479	2.13
565	16	7	43	52	0.014986	2.46
566	16	6	26	36	0.141708	2.08
567	16	6	36	46	0.037175	2.43
568	16	6	46	56	0.013648	2.7
569	16	6	56	66	0.006674	3.45
570	16	5	27	38	0.131563	2.11
571	16	5	38	49	0.032015	2.23
572	16	5	49	60	0.012356	2.96
573	17	16	18	19	1.326884	1.78
574	17	16	19	20	0.369515	1.41
575	17	16	20	21	0.136192	1.65
576	17	16	21	22	0.077031	1.74
577	17	16	22	23	0.038891	1.97
578	17	16	23	24	0.030473	2.1
579	17	16	24	25	0.017045	1.58
580	17	16	25	26	0.013373	2.17
581	17	15	19	21	0.706359	1.48
582	17	15	21	23	0.178876	1.68
583	17	15	23	25	0.077694	1.86
584	17	15	25	27	0.036833	1.75
585	17	15	27	29	0.020346	1.44
586	17	15	29	31	0.014349	2.25
587	17	15	33	35	0.006117	1.95
588	17	14	20	23	0.451905	1.59
589	17	14	23	26	0.12784	1.88
590	17	14	26	29	0.045576	1.59
591	17	14	32	35	0.013392	1.75
592	17	14	35	38	0.008544	2.15
593	17	13	21	25	0.365407	1.72
594	17	13	25	29	0.090842	1.69
595	17	13	29	33	0.037942	2.25
596	17	13	33	37	0.018086	2.5
597	17	13	37	41	0.010969	1.71
598	17	12	22	27	0.289869	1.81
599	17	12	27	32	0.074072	1.89
600	17	12	32	37	0.028532	2.37
601	17	12	37	42	0.015112	1.69
602	17	12	42	47	0.007728	2.31
603	17	11	23	29	0.251666	1.77
604	17	11	29	35	0.062825	2.33
605	17	11	35	41	0.024884	1.77
606	17	11	47	53	0.006295	2.73
607	17	11	53	59	0.003965	2.4
608	17	11	59	65	0.002712	2.52
609	17	10	24	31	0.208842	1.84
610	17	10	31	38	0.05131	2.07
611	17	10	38	45	0.020687	1.95
612	17	10	45	52	0.009717	2.71
613	17	10	52	59	0.005323	2.21
614	17	9	25	33	0.18435	1.95
615	17	9	33	41	0.046453	2.19
616	17	9	41	49	0.016853	2.28
617	17	8	26	35	0.159842	2.0
618	17	8	35	44	0.040362	2.23
619	17	8	44	53	0.01515	2.81
620	17	8	53	62	0.007493	3.19
621	17	8	62	71	0.004288	3.51
622	17	7	27	37	0.146455	2.08
623	17	7	37	47	0.03656	2.37
624	17	7	47	57	0.013425	2.79
625	17	7	57	67	0.006736	2.75
626	17	6	28	39	0.13674	2.19
627	17	6	39	50	0.031767	2.16
628	17	6	50	61	0.012351	2.19
629	18	17	20	21	0.284227	1.6
630	18	17	21	22	0.134558	1.69
631	18	17	22	23	0.060718	1.83
632	18	17	24	25	0.022809	1.83
633	18	17	25	26	0.017076	1.94
634	18	17	26	27	0.010292	1.81
635	18	16	20	22	0.631928	1.65
636	18	16	22	24	0.173751	1.95
637	18	16	24	26	0.070352	1.74
638	18	16	26	28	0.032308	1.86
639	18	16	28	30	0.021794	1.97
640	18	16	30	32	0.013275	1.86
641	18	16	32	34	0.008408	2.08
642	18	16	34	36	0.005295	1.94
643	18	15	21	24	0.467028	1.75
644	18	15	24	27	0.115313	1.83
645	18	15	27	30	0.047437	1.91
646	18	15	30	33	0.024096	2.1
647	18	15	33	36	0.012943	1.95
648	18	15	36	39	0.009362	2.08
649	18	15	39	42	0.005646	1.84
650	18	15	42	45	0.003622	2.16
651	18	14	22	26	0.347925	1.81
652	18	14	26	30	0.085621	1.83
653	18	14	30	34	0.036079	1.98
654	18	14	34	38	0.0174	1.98
655	18	14	38	42	0.010339	2.39
656	18	14	42	46	0.005737	1.91
657	18	13	23	28	0.292491	1.88
658	18	13	28	33	0.0748	2.06
659	18	13	33	38	0.028763	2.25
660	18	13	38	43	0.014597	2.13
661	18	13	43	48	0.00745	2.33
662	18	13	48	53	0.00459	2.27
663	18	12	24	30	0.23509	1.81
664	18	12	30	36	0.059316	2.01
665	18	12	36	42	0.025432	2.25
666	18	12	42	48	0.011066	2.5
667	18	12	48	54	0.006174	2.67
668	18	12	66	72	0.001826	3.56
669	18	11	25	32	0.206911	1.92
670	18	11	32	39	0.051302	2.11
671	18	11	39	46	0.019784	2.25
672	18	11	46	53	0.009487	2.86
673	18	11	53	60	0.005389	2.06
674	18	11	60	67	0.00336	3.07
675	18	10	26	34	0.177275	2.0
676	18	10	34	42	0.045138	2.19
677	18	10	42	50	0.016596	2.21
678	18	10	50	58	0.008273	2.47
679	18	10	58	66	0.004707	2.44
680	18	9	27	36	0.15956	2.01
681	18	9	36	45	0.041427	2.25
682	18	9	45	54	0.014816	2.59
683	18	9	54	63	0.007405	3.0
684	18	8	28	38	0.14825	2.13
685	18	8	38	48	0.035383	2.35
686	18	8	48	58	0.013177	2.59
687	18	8	58	68	0.006649	2.73
688	19	18	21	22	0.341766	1.29
689	19	18	22	23	0.12927	1.68
690	19	18	23	24	0.081656	1.92
691	19	18	25	26	0.027253	1.84
692	19	18	26	27	0.015697	1.67
693	19	17	21	23	0.666128	1.42
694	19	17	23	25	0.187009	1.84
695	19	17	25	27	0.070354	1.71
696	19	17	27	29	0.034271	1.42
697	19	17	31	33	0.012077	1.52
698	19	16	22	25	0.463382	1.75
699	19	16	25	28	0.116709	1.74
700	19	16	28	31	0.05183	1.95
701	19	16	31	34	0.023551	1.91
702	19	16	34	37	0.01323	1.97
703	19	16	40	43	0.005445	2.22
704	19	15	23	27	0.371812	1.83
705	19	15	27	31	0.091219	1.81
706	19	15	31	35	0.035029	1.75
707	19	15	35	39	0.018278	1.94
708	19	15	43	47	0.005798	2.44
709	19	15	47	51	0.003838	2.23
710	19	15	51	55	0.002725	2.13
711	19	14	24	29	0.277372	1.67
712	19	14	29	34	0.074392	2.19
713	19	14	34	39	0.028529	2.15
714	19	14	39	44	0.013701	1.97
715	19	14	44	49	0.007477	2.28
716	19	13	25	31	0.241452	1.81
717	19	13	37	43	0.024734	2.23
718	19	13	43	49	0.010698	2.54
719	19	13	55	61	0.003778	2.67
720	19	12	26	33	0.201517	1.91
721	19	12	33	40	0.052518	2.04
722	19	12	40	47	0.01922	2.34
723	19	12	47	54	0.009275	2.97
724	19	11	27	35	0.181358	1.92
725	19	11	35	43	0.04566	2.21
726	19	11	43	51	0.016452	2.33
727	19	10	28	37	0.165423	2.07
728	19	10	37	46	0.040112	2.33
729	19	10	46	55	0.014961	2.81
730	19	10	55	64	0.007158	2.98
731	19	9	29	39	0.14882	2.28
732	19	9	39	49	0.034451	2.07
733	19	9	49	59	0.013381	2.79
734	20	19	21	22	1.165382	1.06
735	20	19	22	23	0.304811	1.54
736	20	19	23	24	0.160204	2.0
737	20	19	24	25	0.067379	1.54
738	20	19	25	26	0.043185	1.71
739	20	19	26	27	0.023468	1.88
740	20	19	27	28	0.015667	1.41
741	20	19	28	29	0.012927	1.36
742	20	18	22	24	0.67573	1.68
743	20	18	24	26	0.176774	1.6
744	20	18	26	28	0.06579	1.71
745	20	18	28	30	0.039257	1.91
746	20	18	30	32	0.021988	1.88
747	20	18	32	34	0.013056	2.06
748	20	17	23	26	0.502039	1.84
749	20	17	26	29	0.112379	1.56
750	20	17	32	35	0.023638	1.91
751	20	17	35	38	0.013805	2.49
752	20	17	38	41	0.009043	1.89
753	20	17	44	47	0.003819	1.84
754	20	16	24	28	0.345172	1.67
755	20	16	28	32	0.096371	1.94
756	20	16	32	36	0.034666	1.92
757	20	16	36	40	0.020121	2.37
758	20	16	40	44	0.009545	2.1
759	20	16	48	52	0.003927	2.33
760	20	15	25	30	0.287167	1.78
761	20	15	30	35	0.073596	1.86
762	20	15	35	40	0.029897	1.83
763	20	15	40	45	0.013482	1.88
764	20	15	45	50	0.007519	2.35
765	20	15	50	55	0.004781	2.47
766	20	15	60	65	0.002193	3.74
767	20	14	26	32	0.234593	1.86
768	20	14	32	38	0.059427	2.1
769	20	14	38	44	0.023796	2.17
770	20	14	44	50	0.011109	2.75
771	20	14	50	56	0.006218	2.69
772	20	13	27	34	0.208434	1.89
773	20	13	34	41	0.05218	2.13
774	20	13	41	48	0.019181	2.56
775	20	13	48	55	0.009444	2.47
776	20	13	55	62	0.005195	3.46
777	20	12	28	36	0.186307	1.97
778	20	12	36	44	0.046995	2.13
779	20	12	44	52	0.016947	2.52
780	20	12	60	68	0.004718	3.04
781	20	11	29	38	0.166014	2.25
782	20	11	38	47	0.039781	1.97
783	20	11	47	56	0.014625	2.47
784	20	11	56	65	0.007296	2.82
785	20	10	30	40	0.147967	2.07
786	20	10	40	50	0.03367	2.25
787	20	10	50	60	0.013219	2.76
788	20	10	60	70	0.006662	3.63
789	21	20	22	23	0.943926	1.53
790	21	20	23	24	0.33773	1.89
791	21	20	24	25	0.115703	1.56
792	21	20	25	26	0.064889	1.69
793	21	20	26	27	0.032265	1.74
794	21	20	27	28	0.020266	1.74
795	21	19	23	25	0.681343	1.81
796	21	19	25	27	0.163885	1.75
797	21	19	27	29	0.064902	1.41
798	21	19	31	33	0.01876	1.88
799	21	19	33	35	0.012454	1.88
800	21	18	24	27	0.428764	1.64
801	21	18	27	30	0.113737	1.72
802	21	18	30	33	0.047337	1.8
803	21	18	33	36	0.022456	1.77
804	21	18	36	39	0.014907	2.03
805	21	18	39	42	0.008428	1.62
806	21	18	45	48	0.003602	2.31
807	21	17	25	29	0.333277	1.64
808	21	17	29	33	0.090411	2.28
809	21	17	33	37	0.034735	1.75
810	21	17	37	41	0.018565	2.11
811	21	17	41	45	0.009239	2.08
812	21	17	53	57	0.002616	2.73
813	21	16	26	31	0.268691	1.81
814	21	16	31	36	0.067334	1.84
815	21	16	36	41	0.030677	2.22
816	21	16	41	46	0.012993	2.29
817	21	16	46	51	0.00744	2.69
818	21	16	56	61	0.002998	3.39
819	21	15	27	33	0.232581	1.8
820	21	15	33	39	0.059695	2.01
821	21	15	39	45	0.022843	2.06
822	21	15	45	51	0.01078	2.61
823	21	15	51	57	0.005991	2.5
824	21	15	57	63	0.003786	3.06
825	21	15	63	69	0.002547	3.79
826	21	14	28	35	0.20787	1.91
827	21	14	35	42	0.051095	2.11
828	21	14	42	49	0.018269	2.49
829	21	14	49	56	0.009286	2.76
830	21	14	56	63	0.005134	3.57
831	21	14	63	70	0.003247	3.22
832	21	13	29	37	0.181157	2.19
833	21	13	37	45	0.04483	2.25
834	21	13	45	53	0.016142	2.59
835	21	13	53	61	0.008102	2.42
836	21	13	61	69	0.004598	2.7
837	21	12	30	39	0.159718	1.98
838	21	12	39	48	0.037958	2.15
839	21	12	48	57	0.014235	2.64
840	21	12	57	66	0.007138	2.88
841	21	11	31	41	0.141257	2.06
842	21	11	41	51	0.032976	2.29
843	21	11	51	61	0.012912	2.56
844	21	11	61	71	0.006495	3.0
845	22	21	23	24	1.470323	1.91
846	22	21	24	25	0.317271	1.32
847	22	21	25	26	0.143668	1.5
848	22	21	26	27	0.063067	1.64
849	22	21	27	28	0.036316	1.46
850	22	21	30	31	0.013167	1.71
851	22	20	24	26	0.64179	1.42
852	22	20	26	28	0.152025	1.67
853	22	20	28	30	0.072888	1.8
854	22	20	30	32	0.035887	1.72
855	22	20	32	34	0.019516	1.77
856	22	20	34	36	0.011115	1.67
857	22	20	36	38	0.009286	2.04
858	22	19	25	28	0.443164	1.62
859	22	19	28	31	0.124879	1.84
860	22	19	31	34	0.045959	1.75
861	22	19	34	37	0.02281	1.77
862	22	19	40	43	0.0081	1.6
863	22	19	43	46	0.004972	2.25
864	22	19	46	49	0.003523	1.88
865	22	18	26	30	0.330021	1.71
866	22	18	30	34	0.090511	1.75
867	22	18	34	38	0.035199	1.92
868	22	18	38	42	0.01845	2.01
869	22	17	27	32	0.279555	1.75
870	22	17	32	37	0.069213	1.81
871	22	17	37	42	0.029673	2.19
872	22	17	42	47	0.013083	2.07
873	22	17	47	52	0.007306	2.31
874	22	17	57	62	0.003009	3.01
875	22	17	62	67	0.002079	2.08
876	22	16	28	34	0.246192	1.86
877	22	16	34	40	0.060122	2.0
878	22	16	40	46	0.022057	2.1
879	22	16	46	52	0.010956	2.83
880	22	16	52	58	0.005932	2.66
881	22	16	64	70	0.002557	3.75
882	22	15	29	36	0.206732	2.16
883	22	15	36	43	0.054103	2.22
884	22	15	43	50	0.018307	2.43
885	22	15	50	57	0.009151	2.61
886	22	15	57	64	0.005207	3.31
887	22	14	30	38	0.179217	1.94
888	22	14	38	46	0.043853	2.17
889	22	14	46	54	0.016154	2.75
890	22	14	54	62	0.007967	3.46
891	22	14	62	70	0.004584	3.58
892	22	13	31	40	0.157524	1.95
893	22	13	40	49	0.036607	2.21
894	22	13	49	58	0.014527	2.92
895	22	13	58	67	0.007128	3.17
896	22	12	32	42	0.142528	2.0
897	22	12	42	52	0.032924	2.22
898	22	12	52	62	0.012723	2.5
899	23	22	24	25	1.03109	1.62
900	23	22	25	26	0.296312	1.53
901	23	22	26	27	0.106257	1.75
902	23	22	27	28	0.053939	1.56
903	23	22	28	29	0.036438	1.26
904	23	21	25	27	0.609573	1.56
905	23	21	27	29	0.153698	1.33
906	23	21	31	33	0.031573	1.47
907	23	21	33	35	0.019356	1.54
908	23	21	35	37	0.011753	1.84
909	23	20	26	29	0.391554	1.56
910	23	20	29	32	0.115435	2.15
911	23	20	32	35	0.043266	1.71
912	23	20	35	38	0.02241	1.94
913	23	20	38	41	0.01356	1.8
914	23	20	47	50	0.003284	2.62
915	23	19	27	31	0.3271	1.71
916	23	19	31	35	0.082179	1.72
917	23	19	35	39	0.034932	1.88
918	23	19	39	43	0.017239	1.89
919	23	19	43	47	0.008889	2.08
920	23	18	28	33	0.28026	1.8
921	23	18	33	38	0.069228	1.78
922	23	18	38	43	0.02848	1.88
923	23	18	48	53	0.006998	2.08
924	23	17	29	35	0.233493	2.11
925	23	17	35	41	0.058861	1.92
926	23	17	41	47	0.021429	2.31
927	23	17	47	53	0.010228	2.28
928	23	17	53	59	0.005841	1.88
929	23	17	59	65	0.003751	2.81
930	23	16	30	37	0.197373	1.78
931	23	16	37	44	0.050611	2.1
932	23	16	44	51	0.018523	2.55
933	23	16	65	72	0.003157	2.49
934	23	15	31	39	0.170353	1.86
935	23	15	47	55	0.015794	2.27
936	23	14	32	41	0.153666	1.98
937	23	14	50	59	0.01387	2.71
938	23	14	59	68	0.007048	2.47
939	24	23	25	26	1.645879	1.47
940	24	23	26	27	0.374866	1.77
941	24	23	27	28	0.150183	1.62
942	24	23	30	31	0.031119	1.83
943	24	23	31	32	0.018214	2.1
944	24	23	32	33	0.012407	1.92
945	24	22	26	28	0.684961	1.69
946	24	22	28	30	0.19589	1.72
947	24	22	30	32	0.075227	1.54
948	24	22	32	34	0.035664	1.46
949	24	22	34	36	0.018728	1.33
950	24	22	36	38	0.01477	1.65
951	24	22	38	40	0.009673	1.94
952	24	21	27	30	0.481705	1.64
953	24	21	30	33	0.122616	1.58
954	24	21	33	36	0.046825	1.54
955	24	21	36	39	0.0274	2.04
956	24	21	39	42	0.014236	1.84
957	24	21	42	45	0.008077	2.27
958	24	20	28	32	0.38002	1.75
959	24	20	32	36	0.085112	1.58
960	24	20	36	40	0.040137	1.83
961	24	20	40	44	0.016691	2.16
962	24	19	29	34	0.299176	2.08
963	24	19	34	39	0.072275	1.72
964	24	19	39	44	0.028197	1.88
965	24	19	44	49	0.013267	2.21
966	24	19	49	54	0.007511	2.69
967	24	19	64	69	0.002155	3.92
968	24	18	30	36	0.239173	1.65
969	24	18	36	42	0.065026	1.92
970	24	18	42	48	0.02222	2.15
971	24	17	45	52	0.018751	2.34
972	24	17	52	59	0.008839	2.03
973	24	16	32	40	0.180013	1.81
974	24	16	40	48	0.042118	1.81
975	24	16	48	56	0.016048	2.47
976	24	16	56	64	0.007906	3.6
977	24	15	33	42	0.162267	1.94
978	24	15	42	51	0.036687	2.39
979	24	15	60	69	0.007196	3.82
980	25	24	26	27	1.198197	1.95
981	25	24	27	28	0.329445	1.88
982	25	24	28	29	0.152801	1.59
983	25	24	30	31	0.04238	2.11
984	25	24	31	32	0.023073	1.75
985	25	24	32	33	0.014859	1.47
986	25	24	33	34	0.011799	1.91
987	25	23	27	29	0.719011	1.65
988	25	23	31	33	0.068633	1.6
989	25	23	33	35	0.036915	1.64
990	25	23	35	37	0.020532	1.4
991	25	23	37	39	0.014673	1.95
992	25	23	39	41	0.009345	1.81
993	25	23	41	43	0.006068	1.48
994	25	22	28	31	0.513483	1.92
995	25	22	31	34	0.113574	1.64
996	25	22	34	37	0.045629	1.64
997	25	22	37	40	0.026337	2.1
998	25	22	40	43	0.013248	1.83
999	25	21	33	37	0.088542	1.6
1000	25	21	37	41	0.038741	2.03
1001	25	21	41	45	0.016852	2.08
1002	25	21	45	49	0.009231	2.35
1003	25	21	53	57	0.003802	1.91
1004	25	20	30	35	0.284123	1.72
1005	25	20	35	40	0.073177	1.75
1006	25	20	45	50	0.012888	2.0
1007	25	20	50	55	0.007388	2.16
1008	25	20	60	65	0.003006	3.12
1009	25	19	31	37	0.227946	1.65
1010	25	19	37	43	0.062484	1.88
1011	25	19	43	49	0.021262	2.06
1012	25	19	49	55	0.011029	2.08
1013	25	19	55	61	0.005842	2.67
1014	25	18	32	39	0.201025	1.77
1015	25	18	39	46	0.049721	1.86
1016	25	18	46	53	0.018533	2.42
1017	25	18	53	60	0.00907	2.7
1018	25	17	33	41	0.18057	1.83
1019	25	17	41	49	0.040925	2.11
1020	25	17	49	57	0.016144	2.75
1021	25	17	57	65	0.007915	3.17
1022	25	16	34	43	0.15885	1.88
1023	25	16	43	52	0.03602	2.28
1024	26	25	27	28	1.515093	1.48
1025	26	25	30	31	0.087015	1.94
1026	26	25	31	32	0.042546	1.69
1027	26	25	32	33	0.025353	1.52
1028	26	25	33	34	0.019136	1.92
1029	26	25	34	35	0.012152	1.46
1030	26	24	28	30	0.874527	2.0
1031	26	24	30	32	0.195122	1.91
1032	26	24	32	34	0.071216	1.77
1033	26	24	34	36	0.032846	1.62
1034	26	24	36	38	0.023844	1.97
1035	26	24	40	42	0.008536	1.86
1036	26	23	29	32	0.550732	2.52
1037	26	23	32	35	0.120972	1.68
1038	26	23	35	38	0.050496	1.68
1039	26	23	38	41	0.027317	1.71
1040	26	23	47	50	0.005356	1.84
1041	26	23	50	53	0.003764	1.98
1042	26	22	30	34	0.37715	1.77
1043	26	22	34	38	0.090237	1.72
1044	26	22	38	42	0.038857	1.71
1045	26	22	42	46	0.017063	1.84
1046	26	22	46	50	0.009672	2.1
1047	26	21	31	36	0.278615	1.68
1048	26	21	36	41	0.081235	1.78
1049	26	21	41	46	0.027499	1.95
1050	26	21	46	51	0.013576	2.62
1051	26	21	51	56	0.007417	2.85
1052	26	21	56	61	0.004586	2.5
1053	26	21	61	66	0.003012	3.54
1054	26	21	66	71	0.002212	4.06
1055	26	20	32	38	0.237012	1.74
1056	26	20	38	44	0.061625	1.84
1057	26	20	44	50	0.022573	2.23
1058	26	20	50	56	0.010829	2.64
1059	26	20	56	62	0.005991	2.23
1060	26	20	62	68	0.003794	3.93
1061	26	19	33	40	0.211923	1.75
1062	26	19	40	47	0.049178	1.94
1063	26	19	47	54	0.018477	2.42
1064	26	19	54	61	0.009214	2.33
1065	26	19	61	68	0.005198	3.51
1066	26	18	34	42	0.182669	1.78
1067	26	18	42	50	0.041851	2.07
1068	26	18	58	66	0.007981	2.04
1069	26	17	35	44	0.162521	1.86
1070	26	17	44	53	0.03712	2.33
1071	26	17	53	62	0.014289	2.59
1072	26	17	62	71	0.007161	3.57
1073	27	26	29	30	0.382804	3.04
1074	27	26	30	31	0.14747	1.84
1075	27	26	31	32	0.06249	1.69
1076	27	26	32	33	0.033514	1.62
1077	27	26	33	34	0.02362	1.59
1078	27	26	34	35	0.01427	1.47
1079	27	26	35	36	0.008674	1.47
1080	27	25	31	33	0.163944	1.68
1081	27	25	33	35	0.069212	1.65
1082	27	25	35	37	0.033497	1.46
1083	27	25	37	39	0.022255	1.89
1084	27	25	39	41	0.01336	1.5
1085	27	24	30	33	0.47882	1.81
1086	27	24	33	36	0.110421	1.65
1087	27	24	36	39	0.052438	1.74
1088	27	24	39	42	0.024171	1.62
1089	27	24	42	45	0.012612	1.98
1090	27	24	45	48	0.007869	2.49
1091	27	23	31	35	0.338876	1.65
1092	27	23	35	39	0.09102	1.75
1093	27	23	39	43	0.037109	1.84
1094	27	23	43	47	0.016719	1.92
1095	27	23	47	51	0.009393	2.76
1096	27	23	51	55	0.005875	2.21
1097	27	22	32	37	0.269576	1.62
1098	27	22	37	42	0.07593	1.89
1099	27	22	42	47	0.026803	1.91
1100	27	22	47	52	0.012946	2.49
1101	27	22	57	62	0.004492	2.83
1102	27	21	33	39	0.236929	1.72
1103	27	21	39	45	0.059116	1.74
1104	27	21	45	51	0.021931	2.25
1105	27	21	51	57	0.010471	2.28
1106	27	21	57	63	0.00602	2.9
1107	27	21	63	69	0.003791	3.34
1108	27	20	34	41	0.201664	1.72
1109	27	20	41	48	0.047566	1.97
1110	27	20	48	55	0.018251	2.15
1111	27	20	55	62	0.008668	2.42
1112	27	19	35	43	0.180245	1.83
1113	27	19	43	51	0.040509	2.17
1114	27	19	51	59	0.015562	2.34
1115	27	19	59	67	0.00792	3.12
1116	27	18	36	45	0.167379	1.89
1117	27	18	45	54	0.035977	2.23
1118	27	18	54	63	0.014042	2.62
1119	28	27	30	31	0.377743	1.89
1120	28	27	31	32	0.128409	1.74
1121	28	27	32	33	0.059011	1.71
1122	28	27	33	34	0.037654	1.69
1123	28	27	34	35	0.021103	1.58
1124	28	27	35	36	0.012178	1.78
1125	28	27	36	37	0.012066	2.04
1126	28	26	30	32	0.715806	1.8
1127	28	26	32	34	0.153796	1.69
1128	28	26	34	36	0.056248	1.59
1129	28	26	36	38	0.03595	1.81
1130	28	26	38	40	0.020535	1.59
1131	28	26	40	42	0.011244	1.5
1132	28	26	42	44	0.007048	1.71
1133	28	26	44	46	0.005219	2.19
1134	28	25	31	34	0.431194	1.69
1135	28	25	34	37	0.10527	1.54
1136	28	25	37	40	0.050084	1.95
1137	28	25	40	43	0.022341	1.86
1138	28	25	43	46	0.011797	1.59
1139	28	25	46	49	0.007459	2.17
1140	28	25	49	52	0.005234	2.43
1141	28	24	32	36	0.313707	1.65
1142	28	24	36	40	0.095049	1.84
1143	28	24	40	44	0.03243	1.77
1144	28	24	52	56	0.005313	2.07
1145	28	23	33	38	0.271877	1.67
1146	28	23	38	43	0.073523	1.71
1147	28	23	43	48	0.025939	2.1
1148	28	23	48	53	0.012549	2.11
1149	28	23	53	58	0.007177	1.92
1150	28	23	58	63	0.004457	2.28
1151	28	22	34	40	0.227037	1.72
1152	28	22	40	46	0.055002	1.62
1153	28	22	46	52	0.02161	2.35
1154	28	22	52	58	0.010055	2.1
1155	28	21	35	42	0.200134	1.84
1156	28	21	42	49	0.046143	1.94
1157	28	20	36	44	0.184076	1.89
1158	28	20	44	52	0.040898	2.31
1159	28	20	60	68	0.007725	3.44
1160	29	28	30	31	1.813898	1.75
1161	29	28	31	32	0.401908	1.67
1162	29	28	32	33	0.145381	1.68
1163	29	28	33	34	0.079622	1.74
1164	29	28	34	35	0.039676	1.47
1165	29	28	35	36	0.021198	1.46
1166	29	28	36	37	0.019916	1.54
1167	29	27	31	33	0.732846	1.68
1168	29	27	33	35	0.177597	1.67
1169	29	27	35	37	0.065199	1.36
1170	29	27	37	39	0.038281	1.94
1171	29	27	39	41	0.02111	1.56
1172	29	27	41	43	0.012275	1.88
1173	29	26	32	35	0.452885	1.68
1174	29	26	35	38	0.111162	1.58
1175	29	26	38	41	0.049413	1.53
1176	29	26	41	44	0.021414	1.71
1177	29	26	44	47	0.012814	1.95
1178	29	26	47	50	0.007283	1.83
1179	29	26	50	53	0.004851	2.01
1180	29	26	53	56	0.003436	1.92
1181	29	25	33	37	0.34553	1.64
1182	29	25	37	41	0.095098	1.77
1183	29	25	41	45	0.033477	1.84
1184	29	25	45	49	0.016058	2.1
1185	29	25	61	65	0.002537	2.06
1186	29	24	34	39	0.272474	1.68
1187	29	24	39	44	0.070102	1.65
1188	29	24	44	49	0.02641	2.1
1189	29	24	49	54	0.012879	2.4
1190	29	23	35	41	0.238456	1.65
1191	29	23	41	47	0.056538	1.84
1192	29	23	47	53	0.021298	2.07
1193	29	23	65	71	0.003764	2.39
1194	29	22	36	43	0.218199	1.75
1195	29	22	43	50	0.046151	1.98
1196	29	22	50	57	0.018026	2.7
1197	29	21	37	45	0.184095	1.88
1198	29	21	45	53	0.040461	2.21
1199	29	21	61	69	0.007794	3.42
1200	30	29	31	32	1.80002	1.38
1201	30	29	32	33	0.422651	1.89
1202	30	29	33	34	0.185778	2.03
1203	30	29	34	35	0.078806	1.91
1204	30	29	35	36	0.037523	1.65
1205	30	29	36	37	0.0326	1.78
1206	30	29	38	39	0.014934	1.92
1207	30	28	32	34	0.834001	1.86
1208	30	28	34	36	0.17745	1.71
1209	30	28	36	38	0.086963	1.83
1210	30	28	38	40	0.043537	1.69
1211	30	28	40	42	0.021744	1.58
1212	30	28	42	44	0.012796	1.6
1213	30	28	44	46	0.009044	1.98
1214	30	27	33	36	0.513222	1.81
1215	30	27	36	39	0.138812	1.8
1216	30	27	39	42	0.051419	1.64
1217	30	27	42	45	0.023451	1.89
1218	30	27	45	48	0.013343	2.16
1219	30	26	34	38	0.356035	1.74
1220	30	26	38	42	0.096968	1.65
1221	30	26	42	46	0.034099	1.98
1222	30	26	46	50	0.016819	1.94
1223	30	26	50	54	0.009215	2.29
1224	30	26	54	58	0.005609	2.61
1225	30	25	35	40	0.296834	1.72
1226	30	25	40	45	0.070578	1.69
1227	30	25	45	50	0.027056	2.21
1228	30	25	50	55	0.013317	2.33
1229	30	25	60	65	0.00457	2.47
1230	30	24	36	42	0.266841	1.77
1231	30	24	42	48	0.057306	2.0
1232	30	24	48	54	0.021522	2.35
1233	30	24	54	60	0.010522	2.25
1234	30	24	60	66	0.005963	2.13
1235	30	23	37	44	0.220917	1.88
1236	30	23	51	58	0.018341	2.49
1237	30	23	65	72	0.005195	2.69
1238	30	22	38	46	0.186921	1.78
1239	30	22	46	54	0.041625	1.92
1240	30	22	54	62	0.015901	2.55
1241	31	30	32	33	1.776153	1.5
1242	31	30	33	34	0.529869	1.97
1243	31	30	34	35	0.178053	1.95
1244	31	30	35	36	0.072305	1.83
1245	31	30	36	37	0.056381	1.83
1246	31	30	38	39	0.022904	1.77
1247	31	30	39	40	0.015942	1.88
1248	31	29	33	35	0.972982	2.0
1249	31	29	35	37	0.198974	1.69
1250	31	29	37	39	0.092432	2.22
1251	31	29	39	41	0.044298	1.62
1252	31	29	43	45	0.013524	1.46
1253	31	29	47	49	0.00593	2.27
1254	31	28	34	37	0.536864	1.81
1255	31	28	37	40	0.150496	1.95
1256	31	28	40	43	0.053233	1.64
1257	31	28	43	46	0.024584	1.86
1258	31	28	46	49	0.014152	2.06
1259	31	27	35	39	0.394919	1.8
1260	31	27	39	43	0.10122	1.65
1261	31	27	43	47	0.036164	1.86
1262	31	27	47	51	0.017541	2.54
1263	31	27	51	55	0.009896	1.77
1264	31	26	36	41	0.344314	1.84
1265	31	26	41	46	0.072547	1.69
1266	31	26	46	51	0.028302	2.23
1267	31	26	51	56	0.013248	2.31
1268	31	26	56	61	0.007353	2.43
1269	31	25	37	43	0.275848	1.92
1270	31	25	43	49	0.057988	1.77
1271	31	25	49	55	0.023458	2.49
1272	31	25	55	61	0.010612	2.34
1273	31	24	38	45	0.226589	1.77
1274	31	24	45	52	0.050009	2.07
1275	31	24	59	66	0.009305	2.06
1276	31	23	39	47	0.19125	1.78
1277	31	23	47	55	0.042715	2.29
1278	31	23	63	71	0.008221	2.69
1279	32	31	34	35	0.40684	1.72
1280	32	31	35	36	0.13261	1.6
1281	32	31	36	37	0.089476	1.62
1282	32	31	38	39	0.030934	1.8
1283	32	31	40	41	0.01242	1.36
1284	32	30	34	36	0.789691	1.77
1285	32	30	36	38	0.227812	1.97
1286	32	30	38	40	0.090206	1.77
1287	32	30	40	42	0.039072	1.65
1288	32	30	42	44	0.021041	1.72
1289	32	30	46	48	0.00926	2.0
1290	32	30	48	50	0.005872	2.11
1291	32	29	35	38	0.523899	1.83
1292	32	29	38	41	0.145956	1.68
1293	32	29	41	44	0.05029	1.8
1294	32	29	44	47	0.026506	1.91
1295	32	29	47	50	0.013655	2.34
1296	32	29	50	53	0.008497	2.5
1297	32	28	36	40	0.448453	1.84
1298	32	28	40	44	0.094687	1.67
1299	32	28	44	48	0.038669	1.95
1300	32	28	48	52	0.017933	2.15
1301	32	28	52	56	0.009697	2.47
1302	32	28	56	60	0.005917	2.82
1303	32	28	60	64	0.004025	2.11
1304	32	27	37	42	0.336615	1.91
1305	32	27	42	47	0.073591	1.89
1306	32	27	47	52	0.02798	2.22
1307	32	27	52	57	0.013076	2.64
1308	32	27	57	62	0.007518	2.31
1309	32	27	62	67	0.00461	2.71
1310	32	27	67	72	0.003165	2.47
1311	32	26	38	44	0.266969	1.67
1312	32	26	44	50	0.060283	2.01
1313	32	26	50	56	0.022487	2.34
1314	32	26	56	62	0.010651	2.35
1315	32	26	62	68	0.006118	3.48
1316	32	25	39	46	0.21951	1.74
1317	32	25	46	53	0.049863	2.13
1318	32	25	53	60	0.018867	2.42
1319	32	24	40	48	0.182226	1.81
1320	32	24	48	56	0.041872	2.39
1321	32	24	56	64	0.015986	2.92
1322	32	24	64	72	0.0081	3.1
1323	33	32	34	35	1.670835	1.29
1324	33	32	35	36	0.35155	1.46
1325	33	32	36	37	0.189124	1.64
1326	33	32	38	39	0.051448	2.06
1327	33	31	35	37	0.763055	1.53
1328	33	31	37	39	0.220192	2.01
1329	33	31	39	41	0.082166	1.56
1330	33	31	41	43	0.037604	1.86
1331	33	31	43	45	0.019897	2.0
1332	33	30	36	39	0.611798	1.84
1333	33	30	39	42	0.137237	1.62
1334	33	30	42	45	0.049851	1.67
1335	33	30	45	48	0.024974	2.07
1336	33	30	48	51	0.013498	1.64
1337	33	29	37	41	0.43902	1.92
1338	33	29	41	45	0.094495	1.72
1339	33	29	45	49	0.036451	2.04
1340	33	29	49	53	0.018219	2.33
1341	33	29	53	57	0.009907	2.25
1342	33	29	65	69	0.002799	2.39
1343	33	28	38	43	0.337818	1.65
1344	33	28	43	48	0.072965	1.86
1345	33	28	48	53	0.027831	2.03
1346	33	28	53	58	0.013722	2.25
1347	33	28	58	63	0.007644	2.33
1348	33	27	39	45	0.261812	1.67
1349	33	27	45	51	0.059787	2.06
1350	33	27	51	57	0.022216	2.33
1351	33	27	57	63	0.010922	2.44
1352	33	27	63	69	0.006246	3.31
1353	33	26	40	47	0.210615	1.75
1354	33	26	47	54	0.048458	2.06
1355	33	26	54	61	0.01873	2.54
1356	34	33	35	36	1.428921	1.23
1357	34	33	36	37	0.519027	1.62
1358	34	33	37	38	0.201022	2.27
1359	34	33	38	39	0.101028	1.71
1360	34	33	39	40	0.055101	1.53
1361	34	33	40	41	0.029689	1.42
1362	34	33	41	42	0.019332	1.78
1363	34	33	42	43	0.013998	1.71
1364	34	32	36	38	0.998539	1.8
1365	34	32	38	40	0.238836	1.65
1366	34	32	40	42	0.079529	1.6
1367	34	32	42	44	0.03735	1.6
1368	34	32	44	46	0.022795	1.84
1369	34	32	46	48	0.014125	2.23
1370	34	31	37	40	0.628837	1.97
1371	34	31	40	43	0.131214	1.68
1372	34	31	43	46	0.048494	1.59
1373	34	31	46	49	0.024605	2.03
1374	34	31	52	55	0.008275	2.19
1375	34	31	58	61	0.003754	2.43
1376	34	30	38	42	0.447663	1.64
1377	34	30	42	46	0.095292	1.71
1378	34	30	46	50	0.037834	1.84
1379	34	30	50	54	0.017977	2.29
1380	34	30	58	62	0.006078	2.83
1381	34	30	62	66	0.003951	2.91
1382	34	30	66	70	0.002881	2.21
1383	34	29	39	44	0.330656	1.62
1384	34	29	44	49	0.077115	1.89
1385	34	29	49	54	0.029632	2.08
1386	34	29	54	59	0.013732	2.4
1387	34	29	59	64	0.007878	1.84
1388	34	29	64	69	0.004913	2.76
1389	34	28	40	46	0.257494	1.65
1390	34	28	46	52	0.062547	2.0
1391	34	28	52	58	0.022611	2.37
1392	34	28	58	64	0.011248	2.82
1393	34	28	64	70	0.006475	2.92
1394	34	27	41	48	0.215705	1.8
1395	34	27	48	55	0.050432	2.0
1396	34	27	55	62	0.018528	2.58
1397	34	27	62	69	0.009503	2.91
1398	35	34	37	38	0.510861	2.13
1399	35	34	38	39	0.210128	1.53
1400	35	34	39	40	0.096251	1.44
1401	35	34	40	41	0.046012	1.36
1402	35	34	41	42	0.02749	1.48
1403	35	34	42	43	0.018691	1.84
1404	35	34	43	44	0.010621	1.32
1405	35	33	37	39	1.023631	1.98
1406	35	33	39	41	0.227148	1.48
1407	35	33	41	43	0.079557	1.62
1408	35	33	43	45	0.036732	1.38
1409	35	33	45	47	0.022401	1.72
1410	35	33	49	51	0.009447	2.29
1411	35	33	51	53	0.005792	1.77
1412	35	32	38	41	0.639177	1.53
1413	35	32	41	44	0.125961	1.56
1414	35	32	44	47	0.05309	1.83
1415	35	32	47	50	0.023995	1.81
1416	35	32	50	53	0.013612	2.28
1417	35	32	53	56	0.008519	1.74
1418	35	32	56	59	0.005158	2.29
1419	35	32	59	62	0.003823	2.69
1420	35	31	39	43	0.426482	1.52
1421	35	31	43	47	0.092216	1.64
1422	35	31	47	51	0.035994	1.88
1423	35	31	51	55	0.017674	2.4
1424	35	31	55	59	0.009035	2.52
1425	35	31	63	67	0.003837	2.92
1426	35	30	40	45	0.311512	1.53
1427	35	30	45	50	0.074757	1.89
1428	35	30	50	55	0.02911	2.25
1429	35	30	60	65	0.007753	2.37
1430	35	29	41	47	0.255853	1.67
1431	35	29	47	53	0.059798	2.0
1432	35	29	59	65	0.011455	1.98
1433	35	29	65	71	0.006412	2.22
1434	35	28	42	49	0.214088	1.69
1435	35	28	49	56	0.05207	2.19
1436	35	28	56	63	0.019107	2.42
1437	36	35	38	39	0.501714	1.69
1438	36	35	39	40	0.181569	1.67
1439	36	35	40	41	0.074145	1.58
1440	36	35	41	42	0.039496	1.75
1441	36	35	42	43	0.02472	1.86
1442	36	35	43	44	0.013322	1.62
1443	36	35	44	45	0.011846	1.8
1444	36	34	38	40	0.989886	1.62
1445	36	34	40	42	0.187284	1.54
1446	36	34	42	44	0.067423	1.5
1447	36	34	44	46	0.036018	1.72
1448	36	34	46	48	0.02043	1.86
1449	36	34	50	52	0.008231	1.86
1450	36	34	52	54	0.005054	2.43
1451	36	33	39	42	0.569327	1.56
1452	36	33	42	45	0.119444	1.56
1453	36	33	45	48	0.048325	1.81
1454	36	33	48	51	0.023	1.89
1455	36	33	51	54	0.012655	1.59
1456	36	32	40	44	0.371494	1.53
1457	36	32	44	48	0.093415	1.8
1458	36	32	48	52	0.034718	1.77
1459	36	32	52	56	0.016365	1.88
1460	36	32	56	60	0.009054	2.88
1461	36	32	60	64	0.005726	2.35
1462	36	32	68	72	0.002634	1.53
1463	36	31	41	46	0.289943	1.6
1464	36	31	46	51	0.071831	1.97
1465	36	31	51	56	0.026762	1.53
1466	36	31	61	66	0.007117	2.66
1467	36	30	42	48	0.2426	1.69
1468	36	30	48	54	0.057312	1.88
1469	36	30	54	60	0.0221	2.49
1470	36	30	60	66	0.010789	2.67
1471	36	29	43	50	0.202702	1.68
1472	36	29	50	57	0.04915	2.17
1473	36	29	64	71	0.00943	2.21
1474	37	36	38	39	2.900551	1.59
1475	37	36	39	40	0.690254	1.72
1476	37	36	40	41	0.224177	1.86
1477	37	36	41	42	0.101984	2.06
1478	37	36	42	43	0.056758	2.1
1479	37	36	43	44	0.028301	1.68
1480	37	36	44	45	0.023771	1.86
1481	37	36	45	46	0.014714	2.1
1482	37	35	39	41	1.170193	1.71
1483	37	35	41	43	0.223061	1.97
1484	37	35	43	45	0.077268	1.65
1485	37	35	45	47	0.040773	1.97
1486	37	35	47	49	0.020823	1.94
1487	37	34	40	43	0.61354	1.78
1488	37	34	43	46	0.126874	1.54
1489	37	34	46	49	0.051555	1.64
1490	37	34	49	52	0.026601	2.27
1491	37	34	52	55	0.013749	2.33
1492	37	33	41	45	0.416571	1.77
1493	37	33	45	49	0.096612	1.68
1494	37	33	53	57	0.018154	2.23
1495	37	33	57	61	0.010003	2.75
1496	37	33	61	65	0.006041	2.27
1497	37	32	42	47	0.319331	1.71
1498	37	32	47	52	0.075029	1.81
1499	37	32	52	57	0.027761	2.19
1500	37	32	57	62	0.013712	2.33
1501	37	32	62	67	0.007607	2.33
1502	37	32	67	72	0.00485	2.0
1503	37	31	43	49	0.251467	1.65
1504	37	31	49	55	0.063233	2.08
1505	37	31	55	61	0.022182	2.47
1506	37	31	61	67	0.010953	2.54
1507	37	30	44	51	0.226444	1.92
1508	37	30	51	58	0.050453	2.03
1509	37	30	58	65	0.019523	2.64
1510	37	30	65	72	0.009529	2.94
1511	38	37	40	41	0.528168	1.64
1512	38	37	41	42	0.192682	1.94
1513	38	37	42	43	0.091536	2.0
1514	38	37	44	45	0.032852	1.92
1515	38	37	45	46	0.019346	2.27
1516	38	37	46	47	0.015186	1.8
1517	38	36	40	42	1.046639	1.75
1518	38	36	42	44	0.218201	1.74
1519	38	36	44	46	0.090722	1.86
1520	38	36	46	48	0.044664	1.98
1521	38	36	48	50	0.023075	1.48
1522	38	36	50	52	0.01548	2.16
1523	38	36	52	54	0.009092	1.91
1524	38	35	41	44	0.590084	1.84
1525	38	35	44	47	0.143825	1.8
1526	38	35	47	50	0.051077	1.97
1527	38	35	50	53	0.025623	2.01
1528	38	35	53	56	0.014665	1.71
1529	38	35	56	59	0.008275	2.22
1530	38	35	59	62	0.005811	1.86
1531	38	34	42	46	0.412266	1.72
1532	38	34	46	50	0.099833	1.71
1533	38	34	50	54	0.037913	2.06
1534	38	34	54	58	0.018188	2.25
1535	38	34	58	62	0.01004	2.23
1536	38	34	62	66	0.006071	3.18
1537	38	33	43	48	0.315567	1.68
1538	38	33	48	53	0.075203	1.84
1539	38	33	53	58	0.029498	2.23
1540	38	33	58	63	0.014099	2.19
1541	38	32	44	50	0.271973	1.81
1542	38	32	50	56	0.062477	2.03
1543	38	32	56	62	0.023086	2.4
1544	38	32	62	68	0.011419	2.39
1545	39	38	41	42	0.488071	1.86
1546	39	38	42	43	0.186738	1.97
1547	39	38	43	44	0.073605	1.4
1548	39	38	45	46	0.028496	1.84
1549	39	38	46	47	0.021084	1.88
1550	39	37	41	43	0.959068	1.92
1551	39	37	43	45	0.200215	1.62
1552	39	37	45	47	0.084165	1.83
1553	39	37	47	49	0.037345	1.68
1554	39	37	51	53	0.013492	2.17
1555	39	37	53	55	0.009986	2.25
1556	39	36	42	45	0.587083	1.8
1557	39	36	45	48	0.141577	1.94
1558	39	36	48	51	0.053882	1.92
1559	39	36	51	54	0.026228	1.8
1560	39	36	57	60	0.009024	2.61
1561	39	35	43	47	0.402228	1.68
1562	39	35	47	51	0.097404	1.97
1563	39	35	51	55	0.038674	1.98
1564	39	35	55	59	0.017267	2.4
1565	39	35	59	63	0.010499	2.4
1566	39	35	63	67	0.006193	2.92
1567	39	34	44	49	0.33247	1.81
1568	39	34	49	54	0.079226	2.0
1569	39	34	54	59	0.029108	2.46
1570	39	34	59	64	0.014354	2.64
1571	39	34	64	69	0.008089	2.13
1572	39	33	45	51	0.266713	1.89
1573	39	33	57	63	0.023796	2.58
1574	40	39	42	43	0.543782	1.59
1575	40	39	43	44	0.170045	1.12
1576	40	39	44	45	0.102598	1.83
1577	40	39	45	46	0.050058	1.6
1578	40	39	46	47	0.034219	1.72
1579	40	39	47	48	0.020186	2.04
1580	40	39	48	49	0.012283	1.24
1581	40	38	42	44	0.973911	1.56
1582	40	38	44	46	0.233295	1.84
1583	40	38	46	48	0.088678	1.89
1584	40	38	48	50	0.03989	1.48
1585	40	38	50	52	0.024427	1.97
1586	40	38	56	58	0.006203	2.23
1587	40	37	46	49	0.14046	1.62
1588	40	37	49	52	0.058047	2.01
1589	40	37	52	55	0.026379	2.0
1590	40	37	55	58	0.013799	1.84
1591	40	37	58	61	0.009115	2.31
1592	40	37	61	64	0.00575	2.81
1593	40	36	44	48	0.457269	1.84
1594	40	36	52	56	0.039158	2.03
1595	40	36	56	60	0.018884	2.47
1596	40	35	45	50	0.333475	1.78
1597	40	35	50	55	0.080642	2.04
1598	40	35	55	60	0.028611	2.21
1599	40	35	60	65	0.014699	3.0
1600	40	35	65	70	0.008141	2.56
1601	40	34	46	52	0.276511	1.81
1602	40	34	52	58	0.061796	1.91
1603	40	34	58	64	0.024059	2.35
1604	40	34	64	70	0.011921	1.91
1605	41	40	42	43	1.834401	1.06
1606	41	40	43	44	0.382866	0.83
1607	41	40	44	45	0.185265	1.47
1608	41	40	45	46	0.077766	1.59
1609	41	40	46	47	0.048076	1.62
1610	41	40	47	48	0.026531	1.44
1611	41	40	48	49	0.015339	1.09
1612	41	40	49	50	0.013577	1.58
1613	41	39	45	47	0.210295	1.56
1614	41	39	47	49	0.074445	1.48
1615	41	39	51	53	0.02128	1.44
1616	41	39	57	59	0.005928	1.95
1617	41	38	44	47	0.599694	1.64
1618	41	38	47	50	0.128789	1.62
1619	41	38	50	53	0.05202	2.06
1620	41	37	45	49	0.406084	1.64
1621	41	37	49	53	0.101678	1.97
1622	41	37	53	57	0.038685	1.97
1623	41	37	57	61	0.018546	2.61
1624	41	37	61	65	0.01021	3.0
1625	41	37	65	69	0.006361	2.64
1626	41	36	46	51	0.331817	1.81
1627	41	36	56	61	0.029689	2.25
1628	41	36	61	66	0.014281	2.85
1629	41	35	47	53	0.257374	1.83
1630	41	35	65	71	0.011742	2.44
1631	42	41	44	45	0.50384	1.44
1632	42	41	45	46	0.163951	1.44
1633	42	41	46	47	0.087133	1.44
1634	42	41	47	48	0.043011	1.67
1635	42	40	44	46	0.930987	1.46
1636	42	40	46	48	0.20483	1.53
1637	42	40	48	50	0.071804	1.22
1638	42	40	50	52	0.03848	1.81
1639	42	40	52	54	0.019407	1.08
1640	42	40	54	56	0.013178	0.75
1641	42	40	58	60	0.005654	2.06
1642	42	39	45	48	0.551056	1.56
1643	42	39	48	51	0.125863	1.48
1644	42	39	51	54	0.049293	1.42
1645	42	39	57	60	0.01358	1.78
1646	42	39	63	66	0.005359	2.61
1647	42	38	46	50	0.40511	1.54
1648	42	38	50	54	0.095822	1.83
1649	42	38	54	58	0.037207	2.0
1650	42	38	58	62	0.01791	2.22
1651	42	38	62	66	0.009872	2.75
1652	42	37	47	52	0.307705	1.64
1653	42	37	52	57	0.073068	1.84
1654	42	37	57	62	0.028899	2.35
1655	42	37	62	67	0.013929	2.96
1656	42	36	48	54	0.25509	1.6
1657	42	36	54	60	0.062449	2.01
1658	43	42	44	45	2.537871	1.3
1659	43	42	45	46	0.480226	1.4
1660	43	42	46	47	0.198219	1.48
1661	43	42	47	48	0.08233	1.74
1662	43	42	48	49	0.040234	1.05
1663	43	42	49	50	0.031651	1.95
1664	43	41	45	47	0.928902	1.4
1665	43	41	47	49	0.188778	1.36
1666	43	41	49	51	0.083892	1.92
1667	43	41	53	55	0.023149	1.02
1668	43	41	59	61	0.006248	2.34
1669	43	40	46	49	0.563884	1.4
1670	43	40	49	52	0.136508	1.72
1671	43	40	58	61	0.013587	2.39
1672	43	39	47	51	0.389395	1.64
1673	43	39	51	55	0.095795	1.41
1674	43	39	55	59	0.034397	1.52
1675	43	39	59	63	0.018249	1.89
1676	43	38	53	58	0.075956	1.59
1677	43	38	58	63	0.028756	2.17
1678	43	38	63	68	0.013913	2.28
1679	44	43	45	46	1.468761	1.3
1680	44	43	46	47	0.404689	1.38
1681	44	43	49	50	0.040676	1.74
1682	44	42	46	48	0.816691	1.48
1683	44	42	50	52	0.072124	1.74
1684	44	42	52	54	0.031974	1.65
1685	44	42	54	56	0.02005	1.8
1686	44	42	56	58	0.011495	1.74
1687	44	42	60	62	0.005464	1.52
1688	44	41	47	50	0.468927	1.46
1689	44	41	50	53	0.117063	1.72
1690	44	41	53	56	0.047632	1.36
1691	44	41	56	59	0.02154	1.68
1692	44	40	56	60	0.033001	2.16
1693	44	40	60	64	0.016499	2.59
1694	44	40	64	68	0.00924	1.97
1695	44	40	68	72	0.005655	2.01
1696	44	39	49	54	0.30065	1.77
1697	44	39	54	59	0.070027	1.8
1698	44	39	59	64	0.027528	2.42
1699	44	39	64	69	0.013409	2.28
1700	45	44	46	47	1.949903	1.02
1701	45	44	47	48	0.42774	1.62
1702	45	44	49	50	0.093975	1.81
1703	45	44	50	51	0.048768	2.29
1704	45	44	52	53	0.016239	1.5
1705	45	43	47	49	0.764981	1.4
1706	45	43	49	51	0.207115	2.06
1707	45	43	51	53	0.069981	1.23
1708	45	43	53	55	0.038743	1.38
1709	45	43	55	57	0.018343	1.62
1710	45	43	57	59	0.011976	1.29
1711	45	43	59	61	0.00857	1.72
1712	45	43	61	63	0.005428	2.11
1713	45	42	48	51	0.504259	1.4
1714	45	42	54	57	0.04868	1.69
1715	45	42	57	60	0.023253	1.5
1716	45	42	60	63	0.01324	1.77
1717	45	42	63	66	0.007802	2.15
1718	45	42	66	69	0.005494	1.03
1719	45	41	49	53	0.397467	1.84
1720	45	41	53	57	0.092268	1.56
1721	45	41	57	61	0.035176	1.98
1722	45	41	61	65	0.016792	2.13
1723	45	40	50	55	0.301819	1.75
1724	45	40	55	60	0.067223	1.8
1725	45	40	60	65	0.027504	2.25
1726	46	45	47	48	1.399694	1.42
1727	46	45	49	50	0.171896	1.94
1728	46	45	53	54	0.017364	1.67
1729	46	44	50	52	0.197116	1.86
1730	46	44	52	54	0.068932	1.67
1731	46	44	54	56	0.0382	2.0
1732	46	44	56	58	0.020077	2.0
1733	46	43	49	52	0.542574	1.88
1734	46	43	52	55	0.116365	1.64
1735	46	43	55	58	0.043467	1.67
1736	46	43	58	61	0.023023	1.78
1737	46	43	61	64	0.012408	2.15
1738	46	43	67	70	0.005316	3.34
1739	46	42	50	54	0.370039	1.78
1740	46	42	54	58	0.089895	1.68
1741	46	42	58	62	0.034544	2.13
1742	46	42	62	66	0.016539	2.34
1743	46	42	66	70	0.00965	1.23
1744	46	41	51	56	0.287106	1.26
1745	46	41	56	61	0.068973	1.89
1746	47	46	49	50	0.536619	1.72
1747	47	46	53	54	0.030112	0.9
1748	47	46	54	55	0.021953	1.71
1749	47	46	55	56	0.011756	1.46
1750	47	45	49	51	0.969619	2.01
1751	47	45	51	53	0.190753	1.14
1752	47	45	53	55	0.082887	1.29
1753	47	45	55	57	0.034344	1.59
1754	47	45	57	59	0.020622	1.54
1755	47	45	59	61	0.013919	1.65
1756	47	45	61	63	0.008427	1.89
1757	47	44	50	53	0.546278	1.94
1758	47	44	53	56	0.133155	1.3
1759	47	44	56	59	0.04819	2.06
1760	47	44	59	62	0.025418	1.95
1761	47	44	62	65	0.013852	2.29
1762	47	44	68	71	0.005664	2.97
1763	47	43	51	55	0.382363	1.22
1764	47	43	55	59	0.085356	1.67
1765	47	43	59	63	0.036416	2.0
1766	47	43	63	67	0.016889	2.35
1767	47	43	67	71	0.009959	3.19
1768	47	42	52	57	0.289667	1.68
1769	47	42	57	62	0.07196	1.78
1770	47	42	62	67	0.027419	2.13
1771	48	47	54	55	0.032094	1.77
1772	48	47	55	56	0.01629	1.2
1773	48	46	50	52	0.902963	1.81
1774	48	46	52	54	0.188156	1.64
1775	48	46	54	56	0.08219	1.69
1776	48	46	56	58	0.03734	1.8
1777	48	46	58	60	0.021592	1.84
1778	48	46	60	62	0.013675	1.54
1779	48	46	62	64	0.00874	1.54
1780	48	45	54	57	0.130139	1.81
1781	48	45	57	60	0.049397	1.67
1782	48	45	60	63	0.024671	2.23
1783	48	45	63	66	0.013274	1.98
1784	48	45	66	69	0.008722	2.52
1785	48	45	69	72	0.005329	2.21
1786	48	44	52	56	0.37745	1.65
1787	48	44	56	60	0.091814	1.88
1788	48	44	60	64	0.03678	2.31
1789	48	44	64	68	0.017897	2.4
1790	48	44	68	72	0.009973	2.58
1791	49	48	56	57	0.014829	1.52
1792	49	48	57	58	0.010875	1.77
1793	49	47	51	53	0.719323	0.57
1794	49	47	53	55	0.197642	1.22
1795	49	47	55	57	0.064267	1.33
1796	49	47	57	59	0.033912	1.58
1797	49	47	59	61	0.020881	1.69
1798	49	47	61	63	0.011886	1.84
1799	49	47	63	65	0.008034	2.04
1800	49	46	52	55	0.47982	1.65
1801	49	46	55	58	0.112405	1.44
1802	49	46	58	61	0.048099	1.92
1803	49	46	64	67	0.012974	1.69
1804	49	46	67	70	0.008403	2.9
1805	49	45	53	57	0.379178	1.3
1806	49	45	57	61	0.089405	1.67
1807	49	45	61	65	0.034371	2.22
1808	49	45	65	69	0.016938	2.75
1809	50	49	56	57	0.027815	1.94
1810	50	49	57	58	0.019384	1.48
1811	50	49	58	59	0.012739	1.4
1812	50	48	52	54	0.749298	1.42
1813	50	48	54	56	0.206633	1.69
1814	50	48	56	58	0.072966	1.84
1815	50	48	58	60	0.036737	1.64
1816	50	48	60	62	0.021371	2.01
1817	50	48	62	64	0.012746	2.44
1818	50	48	64	66	0.008346	2.49
1819	50	48	66	68	0.00607	1.94
1820	50	47	53	56	0.562746	1.11
1821	50	47	56	59	0.120731	1.8
1822	50	47	59	62	0.050823	1.92
1823	50	47	62	65	0.024206	2.03
1824	50	47	68	71	0.008447	2.17
1825	50	46	54	58	0.399198	1.75
1826	50	46	58	62	0.093438	1.81
1827	50	46	62	66	0.035856	2.23
1828	50	46	66	70	0.018247	2.33
1829	51	50	57	58	0.029481	1.62
1830	51	50	58	59	0.018397	1.58
1831	51	50	59	60	0.014321	1.46
1832	51	49	53	55	0.967671	0.7
1833	51	49	57	59	0.08007	1.58
1834	51	49	59	61	0.042973	1.8
1835	51	49	61	63	0.022333	1.88
1836	51	49	63	65	0.014161	1.86
1837	51	49	65	67	0.00875	1.16
1838	51	48	54	57	0.573727	1.69
1839	51	48	57	60	0.129336	1.5
1840	51	48	60	63	0.05168	1.97
1841	51	48	63	66	0.024232	2.21
1842	51	48	66	69	0.014537	2.28
1843	51	48	69	72	0.008262	1.89
1844	51	47	55	59	0.369762	1.36
1845	51	47	59	63	0.098125	1.74
1846	51	47	63	67	0.036191	1.95
1847	51	47	67	71	0.018689	2.67
1848	52	51	54	55	0.514663	1.81
1849	52	51	56	57	0.081272	1.92
1850	52	51	57	58	0.047864	1.33
1851	52	51	58	59	0.027974	1.72
1852	52	51	59	60	0.020622	1.68
1853	52	50	54	56	0.948353	1.52
1854	52	50	56	58	0.204194	1.71
1855	52	50	58	60	0.08138	1.53
1856	52	50	60	62	0.041348	1.94
1857	52	50	62	64	0.022557	1.84
1858	52	50	64	66	0.013848	1.29
1859	52	49	58	61	0.137315	1.68
1860	52	49	61	64	0.051998	2.13
1861	52	49	64	67	0.025893	1.41
1862	52	49	67	70	0.015305	2.66
1863	52	48	56	60	0.395109	1.69
1864	52	48	60	64	0.098059	2.03
1865	52	48	64	68	0.037917	1.77
1866	52	48	68	72	0.018352	1.95
1867	53	52	56	57	0.135835	1.71
1868	53	52	57	58	0.070026	1.14
1869	53	52	58	59	0.037412	1.59
1870	53	52	59	60	0.025861	1.52
1871	53	52	61	62	0.010679	1.3
1872	53	51	57	59	0.183331	1.36
1873	53	51	59	61	0.078302	1.6
1874	53	51	61	63	0.035597	1.75
1875	53	51	63	65	0.020665	1.65
1876	53	51	65	67	0.012015	2.11
1877	53	50	56	59	0.493777	1.64
1878	53	50	59	62	0.130207	1.59
1879	53	50	62	65	0.049675	1.83
1880	53	50	65	68	0.023822	2.27
1881	53	50	68	71	0.013961	2.34
1882	54	53	56	57	0.376187	1.6
1883	54	53	57	58	0.158809	1.08
1884	54	53	58	59	0.075097	1.52
1885	54	53	59	60	0.047751	1.26
1886	54	53	61	62	0.017634	1.3
1887	54	52	56	58	0.740725	1.47
1888	54	52	58	60	0.186223	1.42
1889	54	52	60	62	0.075356	1.72
1890	54	52	62	64	0.035884	2.01
1891	54	52	64	66	0.02016	1.35
1892	54	52	66	68	0.01314	1.86
1893	54	52	68	70	0.008498	2.4
1894	54	51	57	60	0.511403	1.29
1895	54	51	60	63	0.127712	1.86
1896	54	51	63	66	0.04802	1.83
1897	54	51	66	69	0.025321	1.98
1898	55	54	56	57	1.865187	1.03
1899	55	54	57	58	0.491175	0.63
1900	55	54	58	59	0.185839	1.17
1901	55	54	59	60	0.102509	1.12
1902	55	54	61	62	0.031669	1.46
1903	55	54	62	63	0.021863	2.03
1904	55	53	59	61	0.237471	1.41
1905	55	53	61	63	0.084122	1.62
1906	55	53	63	65	0.042187	1.46
1907	55	53	65	67	0.022377	1.48
1908	55	53	67	69	0.015694	2.19
1909	55	53	69	71	0.009586	2.47
1910	55	52	58	61	0.578813	1.38
1911	55	52	61	64	0.132317	1.74
1912	55	52	64	67	0.05207	1.17
1913	55	52	67	70	0.026813	2.19
1914	56	55	58	59	0.367986	1.26
1915	56	55	59	60	0.166691	1.29
1916	56	55	61	62	0.041182	1.6
1917	56	55	62	63	0.026456	1.92
1918	56	55	63	64	0.016634	2.23
1919	56	54	58	60	0.823032	1.23
1920	56	54	60	62	0.212059	1.84
1921	56	54	62	64	0.079487	1.98
1922	56	54	64	66	0.038779	1.33
1923	56	54	66	68	0.023061	2.03
1924	56	54	68	70	0.013976	2.08
1925	56	54	70	72	0.008885	2.16
1926	56	53	59	62	0.576232	1.52
1927	56	53	62	65	0.132594	1.68
1928	56	53	65	68	0.05049	2.03
1929	56	53	68	71	0.025967	2.04
1930	57	56	58	59	1.365751	1.03
1931	57	56	59	60	0.419426	1.38
1932	57	56	61	62	0.076155	1.81
1933	57	56	62	63	0.044844	2.08
1934	57	56	63	64	0.026225	2.22
1935	57	55	59	61	0.838818	1.62
1936	57	55	61	63	0.188675	1.88
1937	57	55	63	65	0.074143	1.72
1938	57	55	65	67	0.034075	1.84
1939	57	55	69	71	0.012462	2.19
1940	57	54	60	63	0.552353	2.0
1941	57	54	63	66	0.125985	1.83
1942	57	54	66	69	0.052702	1.77
1943	57	54	69	72	0.024129	1.94
1944	58	57	60	61	0.4566	2.1
1945	58	57	61	62	0.168168	1.72
1946	58	57	62	63	0.087318	2.06
1947	58	56	60	62	0.872138	2.03
1948	58	56	62	64	0.204977	2.19
1949	58	56	64	66	0.077956	1.47
1950	58	56	66	68	0.039863	1.83
1951	58	56	68	70	0.021938	2.85
1952	59	58	60	61	1.421338	1.88
1953	59	58	61	62	0.371877	1.54
1954	59	58	62	63	0.162568	1.95
1955	59	57	61	63	0.789752	1.69
1956	59	57	63	65	0.201372	1.71
1957	59	57	65	67	0.073056	1.89
1958	59	57	67	69	0.040676	2.52
1959	59	57	69	71	0.021186	2.01
1960	60	59	62	63	0.438672	1.72
1961	60	59	63	64	0.171952	2.16
1962	60	59	68	69	0.014678	2.29
1963	60	58	62	64	0.850486	1.89
1964	60	58	64	66	0.209689	1.32
1965	60	58	66	68	0.084055	1.6
1966	60	58	68	70	0.040053	1.97
1967	61	60	63	64	0.445615	1.86
1968	61	60	68	69	0.021816	1.52
1969	61	60	69	70	0.013508	1.71
1970	61	59	63	65	0.908856	1.5
1971	61	59	65	67	0.210882	1.86
1972	61	59	67	69	0.092393	2.44
1973	61	59	69	71	0.041442	2.1
1974	62	61	68	69	0.029287	1.8
1975	62	61	69	70	0.017293	1.91
1976	62	61	70	71	0.013036	1.68
1977	62	60	64	66	0.848077	1.01
1978	62	60	68	70	0.081953	1.94
1979	62	60	70	72	0.03899	1.78
1980	63	62	68	69	0.050514	1.77
1981	63	62	69	70	0.027765	2.0
1982	63	62	70	71	0.019983	1.84
1983	63	62	71	72	0.012201	1.38
1984	64	63	68	69	0.086171	1.74
1985	64	63	69	70	0.043473	2.0
1986	64	63	70	71	0.029184	1.8
1987	64	63	71	72	0.016832	1.16
1988	65	64	68	69	0.190039	1.65
1989	65	64	69	70	0.084397	1.91
1990	65	64	70	71	0.052818	1.54
1991	65	64	71	72	0.028751	1.38
1992	66	65	68	69	0.379499	1.6
1993	66	65	69	70	0.140702	1.94
1994	66	65	70	71	0.078366	1.62
1995	66	65	71	72	0.039061	1.71
1996	67	66	69	70	0.3706	1.59
1997	67	66	70	71	0.174666	1.36
1998	67	66	71	72	0.077924	1.5
