2069
1	2	1	3	4	0.99944	1.71
2	2	1	4	5	0.231967	1.83
3	2	1	5	6	0.093674	2.04
4	2	1	6	7	0.044976	2.03
5	2	1	7	8	0.026065	2.33
6	2	1	8	9	0.01554	2.58
7	2	1	9	10	0.00989	1.89
8	2	1	10	11	0.006902	2.29
9	3	2	4	5	0.951152	1.88
10	3	2	5	6	0.238813	2.04
11	3	2	6	7	0.093777	1.91
12	3	2	7	8	0.048301	2.07
13	3	2	8	9	0.026573	2.25
14	3	2	9	10	0.015993	2.22
15	3	2	10	11	0.010693	1.89
16	3	2	11	12	0.007269	3.06
17	3	1	5	7	0.47116	2.04
18	3	1	7	9	0.116503	2.25
19	3	1	9	11	0.043491	2.23
20	3	1	11	13	0.020584	2.52
21	3	1	13	15	0.01054	2.98
22	3	1	15	17	0.006041	3.3
23	3	1	17	19	0.003648	3.44
24	4	3	5	6	0.994065	2.29
25	4	3	6	7	0.239159	1.78
26	4	3	7	8	0.100404	1.97
27	4	3	8	9	0.049331	2.13
28	4	3	9	10	0.02773	1.97
29	4	3	10	11	0.017671	2.39
30	4	3	11	12	0.011532	2.79
31	4	3	12	13	0.00761	2.5
32	4	2	6	8	0.48162	1.88
33	4	2	8	10	0.11965	2.13
34	4	2	10	12	0.047182	2.33
35	4	2	12	14	0.021132	2.52
36	4	2	14	16	0.011166	2.88
37	4	2	16	18	0.006451	3.33
38	4	2	18	20	0.003757	3.22
39	4	1	7	10	0.319926	2.11
40	4	1	10	13	0.075064	2.52
41	4	1	13	16	0.025538	2.7
42	4	1	16	19	0.011361	3.31
43	4	1	19	22	0.005664	4.77
44	4	1	22	25	0.00329	5.21
45	4	1	25	28	0.002189	4.23
46	4	1	28	31	0.001439	4.89
47	5	4	6	7	1.018663	1.62
48	5	4	7	8	0.257764	1.86
49	5	4	8	9	0.10321	2.01
50	5	4	9	10	0.052494	1.83
51	5	4	10	11	0.03135	1.97
52	5	4	11	12	0.019513	2.47
53	5	4	12	13	0.012423	2.56
54	5	4	13	14	0.008064	2.13
55	5	3	7	9	0.510369	1.92
56	5	3	9	11	0.129238	1.95
57	5	3	11	13	0.051092	2.31
58	5	3	13	15	0.023118	2.56
59	5	3	15	17	0.012033	2.47
60	5	3	17	19	0.006665	3.0
61	5	3	19	21	0.004106	4.25
62	5	3	21	23	0.002634	3.99
63	5	2	8	11	0.334904	2.04
64	5	2	11	14	0.079962	2.43
65	5	2	14	17	0.02813	2.83
66	5	2	17	20	0.011705	3.42
67	5	2	20	23	0.005985	4.37
68	5	1	9	13	0.244385	2.19
69	5	1	13	17	0.051765	2.69
70	5	1	17	21	0.016851	3.84
71	5	1	21	25	0.007392	5.03
72	5	1	25	29	0.004145	6.04
73	6	5	7	8	0.960451	1.97
74	6	5	8	9	0.229833	2.01
75	6	5	9	10	0.096996	1.8
76	6	5	10	11	0.052608	2.07
77	6	5	11	12	0.030781	2.27
78	6	5	12	13	0.018761	2.5
79	6	5	13	14	0.011786	2.03
80	6	5	14	15	0.008536	3.07
81	6	4	8	10	0.482337	1.95
82	6	4	10	12	0.13428	2.1
83	6	4	12	14	0.051055	2.33
84	6	4	14	16	0.024107	2.47
85	6	4	16	18	0.012682	2.62
86	6	4	18	20	0.006843	3.0
87	6	4	20	22	0.004282	4.4
88	6	4	22	24	0.002773	2.73
89	6	3	9	12	0.340581	1.98
90	6	3	12	15	0.082251	2.44
91	6	3	15	18	0.028626	2.52
92	6	3	18	21	0.012178	3.44
93	6	3	21	24	0.006219	3.92
94	6	3	24	27	0.003798	3.54
95	6	3	27	30	0.002445	5.19
96	6	3	30	33	0.001646	6.01
97	6	2	10	14	0.253577	2.22
98	6	2	14	18	0.054429	2.79
99	6	2	18	22	0.017413	3.63
100	6	2	22	26	0.00772	4.17
101	6	2	26	30	0.004367	5.66
102	6	2	30	34	0.002657	6.04
103	6	1	11	16	0.190629	2.42
104	6	1	16	21	0.037444	3.27
105	6	1	21	26	0.012244	4.8
106	6	1	26	31	0.005911	6.62
107	6	1	36	41	0.002502	3.94
108	7	6	8	9	0.891664	1.97
109	7	6	9	10	0.223664	1.77
110	7	6	10	11	0.098821	2.0
111	7	6	11	12	0.052187	2.16
112	7	6	12	13	0.02969	2.31
113	7	6	13	14	0.01782	2.27
114	7	6	14	15	0.012408	2.82
115	7	6	15	16	0.007798	2.19
116	7	5	9	11	0.471981	1.84
117	7	5	11	13	0.131464	2.29
118	7	5	13	15	0.050558	2.35
119	7	5	15	17	0.023534	2.04
120	7	5	17	19	0.011917	3.17
121	7	5	19	21	0.006835	3.33
122	7	5	21	23	0.004143	3.68
123	7	5	23	25	0.002841	3.87
124	7	4	10	13	0.346035	2.1
125	7	4	13	16	0.081993	2.29
126	7	4	16	19	0.029212	2.79
127	7	4	19	22	0.012385	3.72
128	7	4	22	25	0.00641	4.37
129	7	4	25	28	0.003955	4.81
130	7	4	28	31	0.002471	4.98
131	7	4	31	34	0.001828	6.75
132	7	3	11	15	0.256203	2.31
133	7	3	15	19	0.054172	2.47
134	7	3	19	23	0.017743	3.82
135	7	3	23	27	0.008184	4.51
136	7	3	27	31	0.004434	5.66
137	7	3	31	35	0.002882	5.05
138	7	3	39	43	0.001756	-0.8
139	7	2	12	17	0.192261	2.4
140	7	2	17	22	0.037217	3.45
141	7	2	22	27	0.01274	4.65
142	7	2	27	32	0.006022	6.12
143	7	1	13	19	0.148067	2.55
144	7	1	19	25	0.027774	4.0
145	7	1	25	31	0.010073	5.66
146	7	1	49	55	0.001494	-5.46
147	8	7	9	10	0.945035	1.56
148	8	7	10	11	0.244559	1.95
149	8	7	11	12	0.105292	2.1
150	8	7	12	13	0.053763	2.23
151	8	7	13	14	0.030251	1.94
152	8	7	14	15	0.020022	2.82
153	8	7	15	16	0.012129	1.52
154	8	7	16	17	0.008815	2.67
155	8	6	10	12	0.501061	1.98
156	8	6	12	14	0.131613	2.16
157	8	6	14	16	0.052411	2.43
158	8	6	16	18	0.024392	2.64
159	8	6	18	20	0.011993	2.82
160	8	6	20	22	0.006966	3.76
161	8	6	22	24	0.004239	3.69
162	8	5	11	14	0.350518	2.13
163	8	5	14	17	0.085529	2.42
164	8	5	17	20	0.028488	3.07
165	8	5	20	23	0.012478	4.08
166	8	5	23	26	0.006622	4.63
167	8	5	26	29	0.004152	5.29
168	8	4	12	16	0.259106	2.27
169	8	4	16	20	0.055932	2.86
170	8	4	20	24	0.018278	3.85
171	8	4	24	28	0.00858	5.5
172	8	4	32	36	0.003159	4.54
173	8	4	36	40	0.002324	4.02
174	8	4	40	44	0.001811	1.83
175	8	3	13	18	0.196884	2.35
176	8	3	18	23	0.037951	3.53
177	8	3	23	28	0.013486	5.0
178	8	3	28	33	0.006258	4.96
179	8	3	33	38	0.004101	4.72
180	8	3	38	43	0.002954	-1.08
181	8	2	14	20	0.153763	2.75
182	8	2	20	26	0.028634	4.17
183	8	2	26	32	0.010562	5.79
184	8	2	32	38	0.005745	5.07
185	8	2	38	44	0.003852	-0.55
186	8	2	44	50	0.002188	-3.68
187	8	1	15	22	0.119672	2.81
188	8	1	22	29	0.023104	5.1
189	8	1	36	43	0.005471	2.83
190	8	1	57	64	0.001405	7.61
191	9	8	10	11	0.987987	1.84
192	9	8	11	12	0.245182	2.0
193	9	8	12	13	0.102318	2.16
194	9	8	13	14	0.051832	1.72
195	9	8	15	16	0.01845	1.5
196	9	8	16	17	0.012918	2.29
197	9	8	17	18	0.008105	2.79
198	9	7	11	13	0.506316	2.07
199	9	7	13	15	0.134286	2.15
200	9	7	15	17	0.052327	1.84
201	9	7	17	19	0.023367	2.7
202	9	7	19	21	0.012154	2.92
203	9	7	21	23	0.006837	2.9
204	9	7	23	25	0.004434	3.62
205	9	7	25	27	0.003015	4.63
206	9	6	12	15	0.350417	2.21
207	9	6	15	18	0.083852	2.16
208	9	6	18	21	0.028383	3.13
209	9	6	21	24	0.012419	3.79
210	9	6	24	27	0.00683	4.75
211	9	6	27	30	0.004091	6.15
212	9	6	30	33	0.002613	5.61
213	9	6	33	36	0.002105	6.18
214	9	5	13	17	0.260758	2.15
215	9	5	17	21	0.054327	2.98
216	9	5	21	25	0.018297	4.19
217	9	5	25	29	0.008758	4.63
218	9	5	29	33	0.004619	5.15
219	9	5	33	37	0.003349	5.35
220	9	4	14	19	0.201495	2.5
221	9	4	19	24	0.038473	3.71
222	9	4	24	29	0.013947	4.84
223	9	4	29	34	0.006583	5.85
224	9	3	15	21	0.153026	2.56
225	9	3	21	27	0.029284	4.33
226	9	3	27	33	0.010797	5.56
227	9	3	39	45	0.004116	-0.09
228	9	3	45	51	0.002244	-3.85
229	9	2	16	23	0.121827	3.01
230	9	2	23	30	0.023902	5.03
231	9	2	30	37	0.009506	4.26
232	9	2	37	44	0.005805	-0.32
233	9	2	51	58	0.002138	-3.36
234	9	1	25	33	0.01995	5.47
235	9	1	33	41	0.00913	3.76
236	9	1	49	57	0.002909	-0.32
237	10	9	11	12	0.931966	1.94
238	10	9	12	13	0.229913	2.19
239	10	9	13	14	0.095754	1.65
240	10	9	14	15	0.053671	2.7
241	10	9	15	16	0.02866	1.47
242	10	9	16	17	0.019043	2.28
243	10	9	17	18	0.011456	2.62
244	10	9	18	19	0.007476	2.54
245	10	8	12	14	0.479751	2.01
246	10	8	14	16	0.133002	2.27
247	10	8	16	18	0.051532	2.39
248	10	8	18	20	0.022133	2.42
249	10	8	20	22	0.011667	3.04
250	10	8	22	24	0.00661	3.56
251	10	8	24	26	0.004277	4.81
252	10	8	26	28	0.003045	3.72
253	10	7	13	16	0.342903	2.0
254	10	7	16	19	0.083124	2.44
255	10	7	19	22	0.027796	3.07
256	10	7	22	25	0.012308	3.97
257	10	6	14	18	0.261205	2.37
258	10	6	18	22	0.052777	2.92
259	10	6	22	26	0.018035	4.29
260	10	6	26	30	0.008767	5.45
261	10	6	34	38	0.003397	4.71
262	10	6	38	42	0.00258	1.58
263	10	5	15	20	0.193752	2.21
264	10	5	20	25	0.038014	3.72
265	10	5	25	30	0.013848	5.38
266	10	5	30	35	0.006797	5.32
267	10	5	35	40	0.004556	5.03
268	10	4	16	22	0.152511	2.78
269	10	4	22	28	0.02954	4.47
270	10	4	28	34	0.011084	6.06
271	10	4	34	40	0.00642	3.46
272	10	4	40	46	0.004121	-0.04
273	10	4	58	64	0.001277	5.91
274	10	3	17	24	0.118031	3.19
275	10	3	24	31	0.024197	5.29
276	10	3	31	38	0.010085	5.1
277	10	3	38	45	0.006067	0.17
278	10	2	18	26	0.095933	3.44
279	10	2	26	34	0.020676	5.24
280	10	2	34	42	0.009571	2.46
281	10	2	42	50	0.004951	-4.33
282	10	2	50	58	0.00303	-2.27
283	10	1	19	28	0.080864	4.11
284	10	1	28	37	0.018117	6.2
285	10	1	37	46	0.008927	1.12
286	11	10	12	13	0.897796	2.28
287	11	10	13	14	0.229465	1.54
288	11	10	14	15	0.105504	2.67
289	11	10	15	16	0.050866	1.5
290	11	10	16	17	0.031315	2.04
291	11	10	17	18	0.017816	2.59
292	11	10	18	19	0.01118	2.1
293	11	9	13	15	0.484377	1.94
294	11	9	15	17	0.129933	1.67
295	11	9	17	19	0.047942	2.61
296	11	9	19	21	0.021764	2.61
297	11	9	21	23	0.011073	2.76
298	11	9	23	25	0.006654	4.17
299	11	9	25	27	0.004283	4.83
300	11	8	14	17	0.352634	2.22
301	11	8	17	20	0.078208	2.61
302	11	8	20	23	0.026919	3.1
303	11	8	23	26	0.012237	3.79
304	11	8	26	29	0.006906	4.51
305	11	8	29	32	0.003874	5.31
306	11	8	35	38	0.002181	4.23
307	11	7	15	19	0.253493	1.98
308	11	7	19	23	0.051857	3.01
309	11	7	31	35	0.005052	5.0
310	11	6	16	21	0.193796	2.5
311	11	6	21	26	0.037299	3.76
312	11	6	26	31	0.013929	4.29
313	11	6	31	36	0.007137	5.97
314	11	6	51	56	0.001471	-2.56
315	11	5	17	23	0.146054	2.91
316	11	5	23	29	0.029948	4.49
317	11	5	29	35	0.011212	5.38
318	11	5	35	41	0.006719	2.4
319	11	5	41	47	0.004176	-1.52
320	11	4	18	25	0.116633	3.12
321	11	4	25	32	0.02438	4.96
322	11	4	32	39	0.010562	3.84
323	11	3	19	27	0.096166	3.56
324	11	3	27	35	0.020947	4.96
325	11	3	35	43	0.010177	0.27
326	11	3	51	59	0.00317	-3.04
327	11	2	20	29	0.081255	4.06
328	11	2	29	38	0.018731	5.1
329	11	2	38	47	0.009221	-0.98
330	11	2	47	56	0.004495	-1.16
331	11	1	31	41	0.017849	3.17
332	12	11	14	15	0.259736	2.73
333	12	11	15	16	0.100741	1.22
334	12	11	16	17	0.055671	2.06
335	12	11	17	18	0.029394	2.67
336	12	11	18	19	0.017256	2.03
337	12	11	19	20	0.011038	2.27
338	12	11	20	21	0.007476	2.82
339	12	10	14	16	0.516773	2.31
340	12	10	16	18	0.13422	2.28
341	12	10	18	20	0.046972	2.29
342	12	10	20	22	0.021511	2.82
343	12	10	22	24	0.010963	3.27
344	12	10	24	26	0.006572	3.57
345	12	9	15	18	0.345138	1.77
346	12	9	18	21	0.076251	2.44
347	12	9	21	24	0.026097	3.09
348	12	9	24	27	0.01226	3.93
349	12	9	27	30	0.00662	4.65
350	12	9	30	33	0.003944	5.26
351	12	8	16	20	0.25491	2.33
352	12	8	20	24	0.050794	3.09
353	12	8	24	28	0.018338	4.17
354	12	8	28	32	0.008383	5.25
355	12	8	32	36	0.005268	3.87
356	12	8	36	40	0.00365	1.98
357	12	7	17	22	0.185805	2.7
358	12	7	22	27	0.037263	3.84
359	12	7	27	32	0.01369	5.28
360	12	7	32	37	0.007457	4.81
361	12	7	37	42	0.004936	0.89
362	12	7	42	47	0.003119	-2.19
363	12	7	47	52	0.00197	-4.05
364	12	6	18	24	0.143104	2.81
365	12	6	24	30	0.029815	4.54
366	12	6	30	36	0.011674	5.18
367	12	6	42	48	0.004069	-1.06
368	12	6	54	60	0.001966	-0.55
369	12	5	19	26	0.115179	3.29
370	12	5	26	33	0.02467	5.25
371	12	5	33	40	0.011156	4.12
372	12	5	47	54	0.00337	-0.36
373	12	4	28	36	0.021395	5.55
374	12	4	36	44	0.010541	0.77
375	12	4	44	52	0.005044	-3.03
376	12	4	60	68	0.001915	8.82
377	12	3	21	30	0.080811	4.08
378	12	3	30	39	0.019531	4.65
379	12	3	39	48	0.0095	-2.04
380	12	3	48	57	0.004718	-2.39
381	12	3	57	66	0.002849	6.42
382	12	2	52	62	0.004531	5.32
383	12	2	62	72	0.002398	6.55
384	12	1	23	34	0.062334	4.81
385	12	1	34	45	0.017894	0.95
386	12	1	56	67	0.003976	10.17
387	13	12	15	16	0.241553	1.03
388	13	12	16	17	0.107692	2.04
389	13	12	17	18	0.050648	2.58
390	13	12	18	19	0.027512	2.0
391	13	12	19	20	0.016586	2.28
392	13	12	20	21	0.010698	2.92
393	13	12	21	22	0.006941	2.31
394	13	11	15	17	0.505412	1.38
395	13	11	17	19	0.124806	2.49
396	13	11	19	21	0.045803	2.49
397	13	11	21	23	0.020184	2.91
398	13	11	23	25	0.010921	3.58
399	13	11	25	27	0.006503	4.51
400	13	11	27	29	0.004232	5.05
401	13	11	29	31	0.002672	4.63
402	13	10	16	19	0.348615	2.22
403	13	10	19	22	0.074305	2.58
404	13	10	22	25	0.02549	3.19
405	13	10	25	28	0.012112	3.85
406	13	10	28	31	0.006345	4.68
407	13	10	31	34	0.00414	5.28
408	13	9	17	21	0.24033	2.5
409	13	9	21	25	0.048866	3.13
410	13	9	25	29	0.017979	4.28
411	13	9	29	33	0.008174	5.34
412	13	9	33	37	0.005375	4.44
413	13	9	37	41	0.003704	1.65
414	13	9	41	45	0.002741	-1.6
415	13	9	45	49	0.001617	-4.84
416	13	8	18	23	0.178514	2.52
417	13	8	23	28	0.037081	3.97
418	13	8	28	33	0.01337	5.31
419	13	8	33	38	0.007638	3.56
420	13	8	38	43	0.005064	-0.38
421	13	8	43	48	0.002952	-2.94
422	13	7	19	25	0.139875	2.96
423	13	7	25	31	0.029313	4.79
424	13	7	31	37	0.012036	4.98
425	13	7	37	43	0.007254	1.48
426	13	6	20	27	0.113038	3.42
427	13	6	27	34	0.0245	5.4
428	13	6	41	48	0.006187	-0.75
429	13	6	48	55	0.003426	0.81
430	13	5	21	29	0.093878	3.71
431	13	5	29	37	0.021554	4.74
432	13	5	37	45	0.010799	-0.77
433	13	5	45	53	0.005039	-6.13
434	13	5	53	61	0.00343	0.45
435	13	4	22	31	0.079946	4.12
436	13	4	31	40	0.020468	4.0
437	13	4	40	49	0.009421	-2.94
438	13	4	49	58	0.004918	-2.29
439	13	4	58	67	0.002873	10.89
440	13	3	23	33	0.070218	4.6
441	13	3	43	53	0.008092	-2.22
442	13	2	35	46	0.018454	0.68
443	13	2	57	68	0.003996	9.88
444	14	13	16	17	0.250946	2.04
445	14	13	17	18	0.096366	2.62
446	14	13	18	19	0.046241	1.91
447	14	13	19	20	0.025844	2.29
448	14	13	20	21	0.015719	2.75
449	14	13	21	22	0.009692	2.7
450	14	13	22	23	0.006253	3.0
451	14	12	16	18	0.505658	2.22
452	14	12	18	20	0.116222	2.11
453	14	12	20	22	0.043068	2.58
454	14	12	22	24	0.018956	2.79
455	14	12	24	26	0.010231	3.54
456	14	12	26	28	0.006355	3.99
457	14	12	30	32	0.002588	4.7
458	14	11	17	20	0.32075	2.42
459	14	11	20	23	0.070047	2.69
460	14	11	23	26	0.024651	3.25
461	14	11	26	29	0.011846	4.06
462	14	11	29	32	0.006005	4.35
463	14	11	32	35	0.004123	4.44
464	14	11	35	38	0.002983	3.41
465	14	10	18	22	0.227814	2.28
466	14	10	22	26	0.046757	3.13
467	14	10	26	30	0.017479	4.26
468	14	10	30	34	0.008325	5.01
469	14	10	34	38	0.005283	3.54
470	14	10	42	46	0.002552	-4.32
471	14	10	46	50	0.001616	-6.27
472	14	9	19	24	0.170825	2.61
473	14	9	24	29	0.035945	3.74
474	14	9	29	34	0.013167	4.68
475	14	9	34	39	0.007428	3.01
476	14	9	54	59	0.001608	-1.12
477	14	8	20	26	0.133865	3.01
478	14	8	26	32	0.028664	4.7
479	14	8	32	38	0.012194	3.68
480	14	8	38	44	0.00724	-0.61
481	14	8	44	50	0.003795	-3.69
482	14	8	50	56	0.002593	-2.4
483	14	7	21	28	0.108719	3.34
484	14	7	28	35	0.024051	4.88
485	14	7	35	42	0.011623	0.93
486	14	6	30	38	0.02189	4.41
487	14	6	38	46	0.010752	-1.97
488	14	6	54	62	0.003449	5.76
489	14	5	23	32	0.07885	4.12
490	14	5	32	41	0.020962	3.24
491	14	5	50	59	0.004996	-2.22
492	14	5	59	68	0.00281	11.45
493	14	3	25	36	0.062392	4.72
494	14	3	36	47	0.018598	-0.66
495	14	3	47	58	0.007632	-2.5
496	14	3	58	69	0.004036	9.3
497	15	14	16	17	1.048516	2.19
498	15	14	17	18	0.250147	2.75
499	15	14	18	19	0.098003	1.92
500	15	14	19	20	0.04878	2.21
501	15	14	20	21	0.027282	2.43
502	15	14	21	22	0.015857	2.35
503	15	14	22	23	0.00969	2.61
504	15	14	23	24	0.006741	2.86
505	15	13	17	19	0.490747	2.47
506	15	13	19	21	0.117657	2.31
507	15	13	21	23	0.041517	2.49
508	15	13	23	25	0.019335	2.85
509	15	13	25	27	0.01032	3.74
510	15	13	27	29	0.006188	4.23
511	15	13	29	31	0.003699	4.12
512	15	13	31	33	0.002652	4.96
513	15	12	18	21	0.316731	2.1
514	15	12	21	24	0.067919	2.58
515	15	12	24	27	0.024557	3.13
516	15	12	27	30	0.011275	3.74
517	15	12	30	33	0.006047	4.33
518	15	12	33	36	0.004242	4.4
519	15	11	19	23	0.22506	2.44
520	15	11	23	27	0.047085	3.29
521	15	11	27	31	0.016798	4.4
522	15	11	31	35	0.008458	4.54
523	15	11	35	39	0.005334	3.29
524	15	11	47	51	0.001635	-3.38
525	15	10	20	25	0.168501	2.71
526	15	10	25	30	0.035294	3.93
527	15	10	30	35	0.013359	4.74
528	15	10	35	40	0.007759	1.98
529	15	10	45	50	0.002746	-6.79
530	15	10	50	55	0.002005	-3.04
531	15	9	21	27	0.130845	3.03
532	15	9	27	33	0.02791	4.6
533	15	9	33	39	0.012353	3.76
534	15	9	39	45	0.007384	-1.27
535	15	9	57	63	0.001866	3.6
536	15	8	22	29	0.10709	3.34
537	15	8	29	36	0.024048	4.67
538	15	8	36	43	0.011811	0.54
539	15	8	43	50	0.005759	-4.37
540	15	8	50	57	0.003609	-2.21
541	15	8	57	64	0.002402	5.87
542	15	8	64	71	0.001537	8.43
543	15	7	23	31	0.090879	3.78
544	15	7	31	39	0.02239	4.17
545	15	7	39	47	0.010901	-1.81
546	15	7	47	55	0.005165	-3.29
547	15	7	55	63	0.003422	5.05
548	15	7	63	71	0.002008	7.88
549	15	6	24	33	0.07826	4.21
550	15	6	33	42	0.021696	2.47
551	15	6	42	51	0.009218	-3.96
552	15	6	51	60	0.005102	-0.17
553	15	6	60	69	0.002776	10.8
554	15	5	25	35	0.069325	4.4
555	15	5	45	55	0.00806	-4.38
556	15	5	55	65	0.004672	5.4
557	15	4	26	37	0.063155	4.7
558	15	4	37	48	0.018882	-1.33
559	15	4	48	59	0.007895	-1.38
560	15	4	59	70	0.004049	7.44
561	16	15	18	19	0.230268	1.89
562	16	15	19	20	0.093963	2.22
563	16	15	20	21	0.047125	2.4
564	16	15	21	22	0.025135	2.46
565	16	15	22	23	0.014497	2.42
566	16	15	23	24	0.009596	2.29
567	16	15	24	25	0.006442	3.3
568	16	14	18	20	0.471026	2.0
569	16	14	20	22	0.115428	2.43
570	16	14	22	24	0.040552	2.47
571	16	14	24	26	0.018844	3.04
572	16	14	26	28	0.010468	3.42
573	16	14	28	30	0.005883	3.54
574	16	14	32	34	0.002809	4.8
575	16	13	19	22	0.309456	2.31
576	16	13	22	25	0.065851	2.58
577	16	13	25	28	0.02395	3.33
578	16	13	28	31	0.010712	4.12
579	16	13	31	34	0.006248	4.75
580	16	13	34	37	0.004124	4.29
581	16	13	37	40	0.002994	2.25
582	16	12	20	24	0.217844	2.49
583	16	12	24	28	0.04589	3.15
584	16	12	28	32	0.016043	4.17
585	16	12	32	36	0.008586	4.41
586	16	11	21	26	0.161131	2.73
587	16	11	26	31	0.034529	4.21
588	16	11	31	36	0.013571	4.88
589	16	10	22	28	0.127321	2.98
590	16	10	28	34	0.027458	4.59
591	16	10	34	40	0.012378	2.62
592	16	10	40	46	0.007054	-3.25
593	16	10	52	58	0.002658	-1.19
594	16	10	64	70	0.001201	10.75
595	16	9	23	30	0.105333	3.38
596	16	9	30	37	0.024198	4.28
597	16	9	37	44	0.011822	-0.58
598	16	9	51	58	0.003588	-2.21
599	16	8	32	40	0.022898	3.44
600	16	8	40	48	0.010448	-3.22
601	16	8	56	64	0.003339	6.86
602	16	8	64	72	0.002013	11.48
603	16	7	25	34	0.077152	4.28
604	16	7	34	43	0.021792	1.53
605	16	7	43	52	0.008898	-4.91
606	16	7	61	70	0.002733	12.48
607	16	6	26	36	0.069171	4.51
608	16	6	46	56	0.00812	-3.22
609	16	5	27	38	0.062245	4.35
610	16	5	38	49	0.018744	-2.33
611	16	5	49	60	0.008097	-1.03
612	16	5	60	71	0.003973	9.9
613	17	16	18	19	1.011149	1.48
614	17	16	19	20	0.252383	2.16
615	17	16	20	21	0.102675	2.4
616	17	16	21	22	0.048926	2.37
617	17	16	22	23	0.025877	2.28
618	17	16	23	24	0.016121	2.37
619	17	16	24	25	0.010297	2.43
620	17	16	25	26	0.00665	2.5
621	17	15	19	21	0.495982	2.23
622	17	15	21	23	0.114438	2.37
623	17	15	23	25	0.04247	2.52
624	17	15	25	27	0.019351	2.78
625	17	15	27	29	0.010389	3.09
626	17	15	29	31	0.005753	4.37
627	17	14	20	23	0.317069	2.42
628	17	14	23	26	0.068307	2.55
629	17	14	26	29	0.024956	3.3
630	17	14	29	32	0.010724	4.02
631	17	14	32	35	0.00655	3.88
632	17	14	41	44	0.002396	-0.84
633	17	13	21	25	0.217847	2.44
634	17	13	25	29	0.046287	3.12
635	17	13	29	33	0.016	4.19
636	17	13	33	37	0.00888	3.69
637	17	13	49	53	0.001647	-5.7
638	17	12	22	27	0.162123	2.67
639	17	12	27	32	0.033853	3.84
640	17	12	32	37	0.013992	4.35
641	17	12	37	42	0.007936	1.17
642	17	12	42	47	0.004609	-2.55
643	17	12	47	52	0.002728	-2.85
644	17	11	23	29	0.129721	3.0
645	17	11	29	35	0.027428	4.21
646	17	11	35	41	0.012699	1.84
647	17	11	41	47	0.006946	-2.88
648	17	11	47	53	0.003703	-5.38
649	17	11	53	59	0.002709	-0.93
650	17	11	59	65	0.001743	7.67
651	17	10	24	31	0.10532	3.39
652	17	10	31	38	0.024951	3.93
653	17	10	38	45	0.011935	-1.65
654	17	10	52	59	0.003675	-1.38
655	17	9	41	49	0.01029	-3.45
656	17	9	49	57	0.00537	-2.37
657	17	9	57	65	0.003241	6.04
658	17	8	26	35	0.077898	4.06
659	17	8	35	44	0.022285	0.66
660	17	8	44	53	0.008759	-5.31
661	17	7	27	37	0.068994	4.26
662	17	7	37	47	0.02058	-0.83
663	17	7	47	57	0.008318	-2.34
664	17	7	57	67	0.004521	5.55
665	17	6	28	39	0.062416	4.2
666	17	6	39	50	0.019029	-3.09
667	17	6	50	61	0.008171	0.01
668	17	6	61	72	0.003989	7.37
669	18	17	19	20	0.986673	1.94
670	18	17	20	21	0.242541	2.4
671	18	17	21	22	0.094139	2.34
672	18	17	22	23	0.043889	2.21
673	18	17	23	24	0.025231	2.27
674	18	17	24	25	0.015104	2.31
675	18	17	25	26	0.009318	2.81
676	18	17	26	27	0.006667	2.88
677	18	16	20	22	0.48829	2.39
678	18	16	22	24	0.111169	2.25
679	18	16	24	26	0.041393	2.67
680	18	16	26	28	0.019714	3.13
681	18	16	28	30	0.009918	3.51
682	18	16	30	32	0.005788	3.88
683	18	15	21	24	0.303466	2.29
684	18	15	24	27	0.067232	2.64
685	18	15	27	30	0.023602	3.15
686	18	15	30	33	0.010721	3.9
687	18	15	36	39	0.004182	3.0
688	18	14	22	26	0.211866	2.42
689	18	14	26	30	0.045983	3.18
690	18	14	30	34	0.016465	4.0
691	18	14	34	38	0.008772	3.41
692	18	14	38	42	0.005616	0.35
693	18	13	23	28	0.161752	2.64
694	18	13	28	33	0.032918	3.72
695	18	13	33	38	0.014139	3.82
696	18	13	38	43	0.007996	0.01
697	18	13	43	48	0.004277	-4.19
698	18	13	48	53	0.002713	-5.7
699	18	13	58	63	0.001487	5.97
700	18	12	30	36	0.027732	4.09
701	18	12	36	42	0.012737	1.47
702	18	12	42	48	0.006511	-3.24
703	18	12	48	54	0.00367	-4.67
704	18	12	60	66	0.001626	6.64
705	18	11	25	32	0.102838	3.41
706	18	11	39	46	0.011847	-1.89
707	18	11	46	53	0.005404	-5.08
708	18	11	53	60	0.003719	-0.29
709	18	10	26	34	0.088237	3.78
710	18	10	34	42	0.023468	2.0
711	18	10	50	58	0.005328	-1.84
712	18	10	58	66	0.003156	8.76
713	18	9	27	36	0.076193	4.02
714	18	9	54	63	0.005123	4.2
715	18	9	63	72	0.002812	11.45
716	18	8	28	38	0.068091	3.97
717	18	8	58	68	0.004445	12.04
718	19	18	20	21	1.01054	2.58
719	19	18	21	22	0.239389	2.37
720	19	18	22	23	0.090886	2.17
721	19	18	23	24	0.046574	2.13
722	19	18	24	25	0.02569	2.35
723	19	18	25	26	0.014783	2.39
724	19	18	26	27	0.010109	2.22
725	19	18	27	28	0.006538	2.46
726	19	17	21	23	0.468081	2.29
727	19	17	23	25	0.112598	2.25
728	19	17	25	27	0.040898	2.43
729	19	17	27	29	0.018827	2.69
730	19	17	29	31	0.009388	3.3
731	19	17	31	33	0.005801	3.25
732	19	17	33	35	0.004073	4.37
733	19	16	22	25	0.299695	2.25
734	19	16	25	28	0.067164	2.61
735	19	16	28	31	0.023062	3.19
736	19	16	31	34	0.011276	3.94
737	19	16	34	37	0.006569	3.53
738	19	16	43	46	0.00204	0.9
739	19	15	23	27	0.215318	2.39
740	19	15	27	31	0.044391	3.03
741	19	15	31	35	0.01671	4.11
742	19	15	35	39	0.00878	3.44
743	19	15	39	43	0.005738	0.93
744	19	15	51	55	0.001591	-1.22
745	19	14	24	29	0.161268	2.64
746	19	14	29	34	0.033032	3.79
747	19	14	34	39	0.013904	3.01
748	19	14	39	44	0.008098	-0.17
749	19	14	44	49	0.004047	-2.33
750	19	14	54	59	0.002109	2.52
751	19	13	31	37	0.028223	3.85
752	19	13	37	43	0.012849	0.77
753	19	13	43	49	0.006061	-3.92
754	19	13	49	55	0.00371	-3.1
755	19	13	55	61	0.002716	2.92
756	19	12	26	33	0.102839	3.29
757	19	12	40	47	0.011263	-2.13
758	19	12	47	54	0.005327	-4.09
759	19	12	54	61	0.003703	1.48
760	19	12	61	68	0.002065	10.15
761	19	11	27	35	0.086378	3.57
762	19	11	35	43	0.023821	1.36
763	19	11	51	59	0.005313	-1.97
764	19	10	28	37	0.075461	3.82
765	19	10	46	55	0.008475	-3.75
766	19	10	55	64	0.005022	5.5
767	19	9	29	39	0.067539	3.79
768	19	9	49	59	0.008458	-0.8
769	20	19	21	22	0.980595	2.46
770	20	19	22	23	0.226021	2.23
771	20	19	23	24	0.094464	2.17
772	20	19	24	25	0.046233	2.33
773	20	19	25	26	0.024569	2.34
774	20	19	26	27	0.015829	2.33
775	20	19	27	28	0.009733	2.17
776	20	19	28	29	0.006493	2.31
777	20	18	22	24	0.457716	2.19
778	20	18	24	26	0.111262	2.35
779	20	18	26	28	0.042225	2.37
780	20	18	28	30	0.018357	2.46
781	20	18	30	32	0.009604	3.13
782	20	18	32	34	0.006234	3.21
783	20	18	34	36	0.004066	2.46
784	20	18	36	38	0.002831	3.12
785	20	17	23	26	0.301712	2.25
786	20	17	26	29	0.067676	2.5
787	20	17	29	32	0.022315	3.0
788	20	17	32	35	0.011373	3.62
789	20	17	35	38	0.006608	4.5
790	20	17	38	41	0.00423	3.3
791	20	17	41	44	0.003053	2.07
792	20	17	44	47	0.001863	1.46
793	20	16	24	28	0.21455	2.43
794	20	16	28	32	0.043696	3.01
795	20	16	32	36	0.017325	3.0
796	20	16	36	40	0.008874	2.88
797	20	16	40	44	0.005511	0.32
798	20	16	52	56	0.001626	0.52
799	20	15	25	30	0.15885	2.58
800	20	15	30	35	0.033485	3.51
801	20	15	35	40	0.014247	3.27
802	20	15	40	45	0.007695	-0.15
803	20	15	45	50	0.003856	-2.85
804	20	15	50	55	0.002669	-1.92
805	20	15	55	60	0.002098	3.19
806	20	14	26	32	0.125656	2.88
807	20	14	32	38	0.028904	3.66
808	20	14	44	50	0.005849	-2.71
809	20	14	50	56	0.003691	-0.98
810	20	14	56	62	0.002634	5.78
811	20	14	62	68	0.001541	9.17
812	20	13	48	55	0.005337	-2.88
813	20	13	55	62	0.003612	4.28
814	20	12	28	36	0.085681	3.58
815	20	12	44	52	0.009006	-3.38
816	20	12	52	60	0.005345	0.27
817	20	12	60	68	0.002882	10.54
818	20	11	29	38	0.075062	3.65
819	20	11	56	65	0.004855	6.86
820	20	10	30	40	0.068855	3.34
821	20	10	50	60	0.008454	-0.14
822	21	20	22	23	0.942467	2.17
823	21	20	23	24	0.243597	2.03
824	21	20	24	25	0.095423	2.31
825	21	20	25	26	0.045137	2.22
826	21	20	26	27	0.026731	2.28
827	21	20	27	28	0.015445	2.21
828	21	20	28	29	0.009817	2.4
829	21	20	29	30	0.006192	3.21
830	21	19	23	25	0.479621	2.11
831	21	19	25	27	0.112265	2.29
832	21	19	27	29	0.041496	2.17
833	21	19	29	31	0.017981	2.82
834	21	19	31	33	0.009921	2.64
835	21	19	33	35	0.006384	1.88
836	21	19	35	37	0.004177	2.83
837	21	19	37	39	0.002798	2.54
838	21	18	24	27	0.304355	2.29
839	21	18	27	30	0.066098	2.37
840	21	18	30	33	0.023045	2.91
841	21	18	33	36	0.011884	3.22
842	21	18	36	39	0.006426	3.5
843	21	18	39	42	0.004412	3.04
844	21	18	45	48	0.001733	1.23
845	21	17	25	29	0.213451	2.31
846	21	17	29	33	0.043115	3.01
847	21	17	33	37	0.017541	3.9
848	21	17	37	41	0.008779	3.07
849	21	17	41	45	0.005357	1.2
850	21	17	53	57	0.001632	3.06
851	21	16	26	31	0.161438	2.54
852	21	16	31	36	0.034667	3.44
853	21	16	36	41	0.014129	2.97
854	21	16	41	46	0.0075	0.27
855	21	16	46	51	0.003848	-1.88
856	21	16	51	56	0.002688	0.69
857	21	16	61	66	0.001244	10.95
858	21	15	33	39	0.029206	3.24
859	21	15	45	51	0.005635	-2.71
860	21	15	51	57	0.003698	1.08
861	21	15	57	63	0.002487	7.05
862	21	15	63	69	0.001525	11.12
863	21	14	28	35	0.100918	3.1
864	21	14	49	56	0.005425	-1.62
865	21	14	56	63	0.003489	5.12
866	21	14	63	70	0.002049	10.71
867	21	13	29	37	0.085558	3.48
868	21	13	53	61	0.005334	2.79
869	21	12	30	39	0.076196	3.44
870	21	12	48	57	0.008498	-1.44
871	21	12	57	66	0.004663	7.53
872	21	11	51	61	0.008386	0.26
873	21	11	61	71	0.00408	11.23
874	22	21	23	24	1.018374	1.69
875	22	21	24	25	0.237922	2.34
876	22	21	25	26	0.089888	2.16
877	22	21	26	27	0.047013	2.1
878	22	21	27	28	0.024982	1.95
879	22	21	28	29	0.015042	1.97
880	22	21	29	30	0.009075	2.01
881	22	21	30	31	0.006224	2.67
882	22	20	24	26	0.468401	2.28
883	22	20	26	28	0.114196	2.15
884	22	20	28	30	0.040155	2.29
885	22	20	30	32	0.018261	2.67
886	22	20	34	36	0.006241	3.57
887	22	20	36	38	0.004039	3.65
888	22	19	25	28	0.29923	2.21
889	22	19	28	31	0.064666	2.4
890	22	19	31	34	0.024012	2.9
891	22	19	34	37	0.011499	3.01
892	22	19	37	40	0.006559	3.45
893	22	19	40	43	0.004267	3.42
894	22	19	46	49	0.001663	0.93
895	22	18	26	30	0.21483	2.25
896	22	18	30	34	0.044668	3.06
897	22	18	34	38	0.017194	3.33
898	22	18	38	42	0.008811	3.46
899	22	18	42	46	0.004926	2.44
900	22	17	27	32	0.156195	2.43
901	22	17	32	37	0.035134	3.13
902	22	17	37	42	0.014109	3.31
903	22	17	42	47	0.006884	1.16
904	22	17	52	57	0.002693	2.06
905	22	17	57	62	0.001947	7.43
906	22	17	62	67	0.001196	12.55
907	22	16	34	40	0.028989	3.34
908	22	16	40	46	0.01209	1.69
909	22	16	46	52	0.005514	-0.99
910	22	16	52	58	0.003693	3.04
911	22	16	58	64	0.002418	8.46
912	22	16	64	70	0.001536	10.44
913	22	15	29	36	0.100438	3.07
914	22	15	50	57	0.005371	1.12
915	22	14	30	38	0.087108	3.25
916	22	14	54	62	0.005289	5.03
917	22	14	62	70	0.002768	11.45
918	22	13	31	40	0.077632	3.3
919	22	13	49	58	0.00852	0.01
920	22	12	52	62	0.008281	2.01
921	23	22	24	25	1.017616	2.67
922	23	22	25	26	0.234096	2.27
923	23	22	26	27	0.094804	2.11
924	23	22	27	28	0.043817	1.94
925	23	22	28	29	0.02421	2.01
926	23	22	29	30	0.013849	2.56
927	23	22	30	31	0.009082	2.54
928	23	22	31	32	0.006146	2.69
929	23	21	25	27	0.465805	2.21
930	23	21	27	29	0.10809	1.97
931	23	21	29	31	0.038251	2.31
932	23	21	31	33	0.018233	2.5
933	23	21	33	35	0.010351	2.49
934	23	21	35	37	0.006169	3.38
935	23	21	37	39	0.00385	2.46
936	23	20	26	29	0.301607	2.08
937	23	20	29	32	0.062594	2.46
938	23	20	32	35	0.024107	2.88
939	23	20	35	38	0.011489	3.36
940	23	20	38	41	0.006369	4.49
941	23	20	41	44	0.00417	3.85
942	23	20	44	47	0.002414	3.94
943	23	20	47	50	0.001639	3.58
944	23	19	27	31	0.205779	2.16
945	23	19	31	35	0.044934	2.82
946	23	19	35	39	0.017011	3.51
947	23	19	39	43	0.008904	4.12
948	23	19	43	47	0.004515	1.48
949	23	19	55	59	0.001618	5.15
950	23	18	28	33	0.15315	2.42
951	23	18	33	38	0.035302	3.15
952	23	18	38	43	0.013963	3.69
953	23	18	43	48	0.006331	1.44
954	23	18	48	53	0.003685	0.85
955	23	18	53	58	0.002667	4.21
956	23	17	29	35	0.120422	2.82
957	23	17	35	41	0.028711	3.41
958	23	17	41	47	0.011529	2.01
959	23	17	47	53	0.005368	0.69
960	23	17	59	65	0.002253	9.48
961	23	16	30	37	0.101531	3.13
962	23	15	31	39	0.087432	3.13
963	23	15	39	47	0.022426	1.67
964	23	15	47	55	0.00847	-0.26
965	23	15	55	63	0.005074	6.03
966	23	15	63	71	0.002765	11.37
967	23	14	32	41	0.078196	3.41
968	23	14	59	68	0.004336	9.38
969	24	23	25	26	1.065777	2.4
970	24	23	26	27	0.257686	2.19
971	24	23	27	28	0.092154	1.8
972	24	23	28	29	0.044736	1.91
973	24	23	29	30	0.023762	2.25
974	24	23	30	31	0.01476	2.37
975	24	23	31	32	0.009535	2.61
976	24	23	32	33	0.006539	2.42
977	24	22	26	28	0.488478	2.07
978	24	22	28	30	0.106585	2.07
979	24	22	30	32	0.039529	2.29
980	24	22	32	34	0.019384	2.9
981	24	22	34	36	0.010128	2.59
982	24	22	36	38	0.005984	3.63
983	24	22	38	40	0.003961	5.0
984	24	22	40	42	0.002783	3.75
985	24	21	27	30	0.291582	1.95
986	24	21	30	33	0.064393	2.43
987	24	21	33	36	0.024707	2.98
988	24	21	36	39	0.010989	3.46
989	24	21	39	42	0.006594	4.8
990	24	21	42	45	0.003932	4.77
991	24	21	45	48	0.002249	4.0
992	24	21	48	51	0.001666	3.57
993	24	20	28	32	0.20449	2.21
994	24	20	32	36	0.046348	2.96
995	24	20	36	40	0.016877	3.65
996	24	20	40	44	0.008543	4.0
997	24	20	44	48	0.004275	3.3
998	24	20	52	56	0.002039	4.5
999	24	20	56	60	0.001629	8.4
1000	24	19	29	34	0.153863	2.44
1001	24	19	34	39	0.03424	3.21
1002	24	19	39	44	0.014018	3.81
1003	24	19	44	49	0.005997	1.74
1004	24	19	54	59	0.002715	4.51
1005	24	18	30	36	0.124037	2.71
1006	24	18	36	42	0.028452	3.69
1007	24	18	42	48	0.010803	2.46
1008	24	18	48	54	0.005342	0.95
1009	24	18	60	66	0.002101	12.93
1010	24	18	66	72	0.001543	13.47
1011	24	17	31	38	0.103181	3.01
1012	24	17	45	52	0.00885	0.78
1013	24	17	52	59	0.005307	4.59
1014	24	17	59	66	0.003026	10.32
1015	24	16	32	40	0.089397	3.25
1016	24	16	40	48	0.021393	1.68
1017	24	16	48	56	0.008525	-0.26
1018	24	16	56	64	0.004939	8.6
1019	24	16	64	72	0.002749	11.91
1020	24	15	33	42	0.079117	3.25
1021	24	15	51	60	0.00842	3.46
1022	24	15	60	69	0.004129	10.65
1023	25	24	26	27	1.191558	2.25
1024	25	24	27	28	0.249114	1.78
1025	25	24	28	29	0.094331	1.92
1026	25	24	29	30	0.044338	2.22
1027	25	24	30	31	0.025477	2.1
1028	25	24	31	32	0.015477	2.15
1029	25	24	32	33	0.010072	2.4
1030	25	24	33	34	0.007231	2.81
1031	25	23	27	29	0.480383	1.83
1032	25	23	29	31	0.108357	2.21
1033	25	23	31	33	0.04164	2.35
1034	25	23	33	35	0.019985	3.09
1035	25	23	35	37	0.010523	3.17
1036	25	23	37	39	0.005975	3.51
1037	25	23	39	41	0.004143	4.29
1038	25	23	41	43	0.002964	4.94
1039	25	22	28	31	0.294582	2.07
1040	25	22	31	34	0.06789	2.56
1041	25	22	34	37	0.024026	2.86
1042	25	22	37	40	0.011308	4.53
1043	25	22	40	43	0.006505	4.8
1044	25	22	43	46	0.003665	4.5
1045	25	21	29	33	0.206379	2.31
1046	25	21	33	37	0.047072	3.19
1047	25	21	37	41	0.016813	4.14
1048	25	21	41	45	0.008511	4.37
1049	25	21	45	49	0.004039	3.6
1050	25	21	49	53	0.002806	2.81
1051	25	20	30	35	0.159546	2.54
1052	25	20	35	40	0.03505	3.44
1053	25	20	40	45	0.013562	4.08
1054	25	20	45	50	0.005827	2.13
1055	25	20	50	55	0.003716	1.78
1056	25	20	55	60	0.002743	7.59
1057	25	20	65	70	0.001197	15.5
1058	25	19	31	37	0.127447	2.82
1059	25	19	37	43	0.02867	4.0
1060	25	19	49	55	0.00545	1.78
1061	25	19	55	61	0.003692	7.95
1062	25	19	61	67	0.002032	11.19
1063	25	18	32	39	0.105315	3.1
1064	25	18	46	53	0.008774	1.26
1065	25	18	53	60	0.005376	5.01
1066	25	17	33	41	0.090203	3.25
1067	25	17	41	49	0.02073	1.98
1068	25	17	57	65	0.004726	10.17
1069	25	16	34	43	0.078225	3.24
1070	26	25	27	28	0.957626	1.46
1071	26	25	28	29	0.227071	1.86
1072	26	25	29	30	0.085639	2.08
1073	26	25	30	31	0.04398	2.06
1074	26	25	31	32	0.024651	2.06
1075	26	25	32	33	0.015152	2.43
1076	26	25	34	35	0.006174	2.94
1077	26	24	28	30	0.451331	1.94
1078	26	24	30	32	0.109595	2.1
1079	26	24	32	34	0.042815	2.54
1080	26	24	34	36	0.018938	2.55
1081	26	24	36	38	0.00989	3.38
1082	26	24	38	40	0.006	4.67
1083	26	24	40	42	0.003963	4.77
1084	26	24	42	44	0.002733	4.96
1085	26	23	29	32	0.287616	2.1
1086	26	23	32	35	0.068296	2.69
1087	26	23	35	38	0.024086	3.04
1088	26	23	38	41	0.011058	4.0
1089	26	23	41	44	0.006464	4.72
1090	26	23	44	47	0.003469	3.76
1091	26	23	47	50	0.002235	4.33
1092	26	23	50	53	0.001701	3.65
1093	26	22	30	34	0.211319	2.27
1094	26	22	34	38	0.044954	2.9
1095	26	22	38	42	0.016725	4.16
1096	26	22	42	46	0.007896	3.94
1097	26	22	46	50	0.004017	2.43
1098	26	22	54	58	0.002115	4.17
1099	26	21	31	36	0.160906	2.49
1100	26	21	36	41	0.033659	3.71
1101	26	21	41	46	0.013101	4.74
1102	26	21	46	51	0.005769	2.82
1103	26	21	51	56	0.003705	4.59
1104	26	21	56	61	0.002692	8.89
1105	26	21	66	71	0.001208	13.23
1106	26	20	32	38	0.128022	2.82
1107	26	20	38	44	0.028105	4.14
1108	26	20	44	50	0.009791	2.81
1109	26	20	50	56	0.005437	3.71
1110	26	20	56	62	0.003592	9.24
1111	26	20	62	68	0.001983	13.86
1112	26	19	33	40	0.105399	3.17
1113	26	19	54	61	0.005387	7.94
1114	26	18	34	42	0.087674	3.34
1115	26	18	50	58	0.008546	3.63
1116	26	17	35	44	0.077539	3.44
1117	26	17	44	53	0.017069	1.24
1118	27	26	28	29	1.056772	1.89
1119	27	26	29	30	0.244571	1.91
1120	27	26	30	31	0.100468	1.78
1121	27	26	31	32	0.049361	1.89
1122	27	26	32	33	0.027707	2.08
1123	27	26	33	34	0.017469	3.13
1124	27	26	34	35	0.009882	2.27
1125	27	26	35	36	0.007057	2.92
1126	27	25	29	31	0.474645	1.89
1127	27	25	31	33	0.116921	2.01
1128	27	25	33	35	0.043888	2.39
1129	27	25	35	37	0.019417	2.64
1130	27	25	37	39	0.009759	2.92
1131	27	25	39	41	0.006173	4.2
1132	27	25	41	43	0.004173	5.28
1133	27	25	43	45	0.00261	3.96
1134	27	24	30	33	0.312399	1.95
1135	27	24	33	36	0.070976	2.75
1136	27	24	36	39	0.023278	3.25
1137	27	24	39	42	0.011665	4.63
1138	27	24	42	45	0.006245	5.13
1139	27	24	45	48	0.003333	4.72
1140	27	24	48	51	0.00233	3.07
1141	27	24	51	54	0.0017	3.54
1142	27	23	31	35	0.222429	2.25
1143	27	23	35	39	0.045702	3.1
1144	27	23	39	43	0.017497	4.57
1145	27	23	43	47	0.007578	4.09
1146	27	23	47	51	0.004177	3.29
1147	27	22	32	37	0.166938	2.58
1148	27	22	37	42	0.034221	3.85
1149	27	22	42	47	0.012546	3.58
1150	27	22	57	62	0.00265	8.82
1151	27	21	33	39	0.129973	2.92
1152	27	21	39	45	0.02847	4.6
1153	27	21	45	51	0.009613	3.31
1154	27	20	34	41	0.103424	3.12
1155	27	20	41	48	0.023093	3.71
1156	27	20	48	55	0.008869	2.1
1157	27	20	55	62	0.005368	8.34
1158	27	19	35	43	0.089071	3.54
1159	27	19	43	51	0.018969	3.13
1160	27	19	51	59	0.00866	4.81
1161	27	19	59	67	0.004433	11.05
1162	27	18	36	45	0.076437	3.74
1163	27	18	45	54	0.016734	2.01
1164	27	18	54	63	0.0083	8.19
1165	28	27	29	30	1.053295	1.78
1166	28	27	30	31	0.271567	1.64
1167	28	27	31	32	0.104699	1.75
1168	28	27	32	33	0.051224	2.15
1169	28	27	33	34	0.029078	2.67
1170	28	27	34	35	0.015241	2.19
1171	28	27	35	36	0.010232	2.78
1172	28	27	36	37	0.006243	3.33
1173	28	26	30	32	0.526024	1.69
1174	28	26	32	34	0.12557	2.28
1175	28	26	34	36	0.042445	2.37
1176	28	26	36	38	0.018513	2.76
1177	28	26	38	40	0.009977	3.56
1178	28	26	40	42	0.006079	4.37
1179	28	26	42	44	0.003987	4.0
1180	28	26	44	46	0.00249	4.2
1181	28	25	31	34	0.329815	2.07
1182	28	25	34	37	0.067261	2.59
1183	28	25	37	40	0.023322	4.06
1184	28	25	40	43	0.011308	5.35
1185	28	24	32	36	0.229717	2.4
1186	28	24	36	40	0.044396	3.34
1187	28	24	40	44	0.016776	4.74
1188	28	24	44	48	0.007234	4.7
1189	28	24	48	52	0.004197	3.45
1190	28	23	33	38	0.16813	2.75
1191	28	23	38	43	0.0342	4.08
1192	28	23	43	48	0.011883	4.05
1193	28	23	48	53	0.00595	3.17
1194	28	23	53	58	0.00396	6.27
1195	28	23	58	63	0.002594	10.62
1196	28	22	40	46	0.027239	4.37
1197	28	22	46	52	0.009604	2.94
1198	28	22	58	64	0.003434	11.8
1199	28	21	35	42	0.103672	3.33
1200	28	21	42	49	0.021878	3.82
1201	28	21	56	63	0.005233	9.33
1202	28	20	36	44	0.086586	3.82
1203	28	20	44	52	0.018476	3.29
1204	29	28	30	31	1.202045	1.02
1205	29	28	31	32	0.281391	1.26
1206	29	28	32	33	0.107809	1.83
1207	29	28	33	34	0.052478	2.4
1208	29	28	34	35	0.024905	2.1
1209	29	28	35	36	0.015401	2.39
1210	29	28	36	37	0.008834	2.4
1211	29	28	37	38	0.005838	3.38
1212	29	27	31	33	0.545027	1.52
1213	29	27	33	35	0.121754	2.35
1214	29	27	35	37	0.040733	2.46
1215	29	27	37	39	0.017049	2.98
1216	29	27	39	41	0.00967	3.75
1217	29	27	41	43	0.006093	4.29
1218	29	27	43	45	0.003618	3.33
1219	29	26	32	35	0.335838	2.15
1220	29	26	35	38	0.065927	2.58
1221	29	26	38	41	0.02239	3.66
1222	29	26	41	44	0.011243	4.3
1223	29	26	44	47	0.005488	3.48
1224	29	26	47	50	0.003285	3.15
1225	29	26	50	53	0.002381	2.61
1226	29	26	53	56	0.001828	4.47
1227	29	25	33	37	0.225781	2.46
1228	29	25	37	41	0.04267	3.41
1229	29	25	41	45	0.016512	4.51
1230	29	25	45	49	0.006773	3.09
1231	29	25	49	53	0.004264	1.78
1232	29	25	53	57	0.003008	5.22
1233	29	25	61	65	0.00136	16.14
1234	29	24	34	39	0.157056	2.54
1235	29	24	39	44	0.034021	4.25
1236	29	24	44	49	0.011289	3.54
1237	29	24	49	54	0.006039	2.61
1238	29	24	54	59	0.004074	6.01
1239	29	24	59	64	0.002514	11.97
1240	29	23	35	41	0.123426	3.01
1241	29	23	41	47	0.026681	4.25
1242	29	23	47	53	0.009612	2.79
1243	29	23	53	59	0.005784	6.68
1244	29	23	59	65	0.003316	11.43
1245	29	23	65	71	0.00209	13.83
1246	29	22	36	43	0.099287	3.5
1247	29	22	43	50	0.020827	3.57
1248	29	22	50	57	0.009178	4.21
1249	29	22	57	64	0.005109	10.98
1250	29	22	64	71	0.002827	13.8
1251	29	21	37	45	0.084469	3.92
1252	29	21	45	53	0.017896	3.21
1253	30	29	31	32	1.090122	0.87
1254	30	29	32	33	0.26565	1.74
1255	30	29	33	34	0.101963	2.35
1256	30	29	34	35	0.042062	2.03
1257	30	29	35	36	0.02342	2.23
1258	30	29	36	37	0.01228	2.16
1259	30	29	37	38	0.00761	2.23
1260	30	29	38	39	0.004751	3.74
1261	30	28	32	34	0.527632	1.94
1262	30	28	34	36	0.105778	2.07
1263	30	28	36	38	0.034565	2.37
1264	30	28	38	40	0.015598	3.27
1265	30	28	40	42	0.008574	3.97
1266	30	28	44	46	0.003142	4.04
1267	30	28	46	48	0.002044	3.72
1268	30	27	33	36	0.314709	2.33
1269	30	27	36	39	0.056784	2.69
1270	30	27	39	42	0.021452	3.88
1271	30	27	42	45	0.009982	4.3
1272	30	27	45	48	0.004852	3.74
1273	30	27	48	51	0.003162	3.19
1274	30	27	54	57	0.001813	5.16
1275	30	26	34	38	0.201244	2.31
1276	30	26	38	42	0.040243	3.69
1277	30	26	42	46	0.014911	4.2
1278	30	26	46	50	0.00657	3.21
1279	30	26	50	54	0.00411	2.92
1280	30	25	35	40	0.148175	2.75
1281	30	25	40	45	0.031227	4.11
1282	30	25	45	50	0.010539	3.31
1283	30	25	50	55	0.005881	3.58
1284	30	25	55	60	0.00405	8.18
1285	30	24	36	42	0.113145	3.24
1286	30	24	42	48	0.024439	4.14
1287	30	24	48	54	0.009448	3.41
1288	30	24	60	66	0.003065	15.25
1289	30	23	37	44	0.093954	3.71
1290	30	23	44	51	0.019809	3.53
1291	30	23	51	58	0.009062	5.58
1292	30	23	58	65	0.004926	11.25
1293	30	22	38	46	0.07976	4.05
1294	30	22	46	54	0.017467	3.12
1295	30	22	62	70	0.004097	12.52
1296	31	30	32	33	1.152456	1.54
1297	31	30	33	34	0.283058	2.27
1298	31	30	34	35	0.093411	1.84
1299	31	30	35	36	0.044667	2.13
1300	31	30	36	37	0.020775	2.22
1301	31	30	37	38	0.011728	2.61
1302	31	30	38	39	0.006876	3.18
1303	31	30	39	40	0.005179	3.92
1304	31	29	33	35	0.5204	2.21
1305	31	29	35	37	0.101166	2.21
1306	31	29	37	39	0.03097	2.71
1307	31	29	39	41	0.014687	3.34
1308	31	29	41	43	0.008335	3.94
1309	31	29	43	45	0.004627	3.65
1310	31	29	47	49	0.001852	2.29
1311	31	28	34	37	0.285678	2.03
1312	31	28	37	40	0.052852	2.97
1313	31	28	40	43	0.019498	3.68
1314	31	28	43	46	0.00873	3.78
1315	31	28	49	52	0.003084	3.82
1316	31	28	52	55	0.002179	2.59
1317	31	27	35	39	0.189845	2.4
1318	31	27	39	43	0.038799	3.84
1319	31	27	43	47	0.013252	3.88
1320	31	27	47	51	0.006294	2.04
1321	31	27	51	55	0.003956	3.29
1322	31	27	55	59	0.002915	6.98
1323	31	26	36	41	0.134259	2.86
1324	31	26	41	46	0.029746	4.19
1325	31	26	46	51	0.010278	2.86
1326	31	26	51	56	0.005812	4.28
1327	31	26	56	61	0.003936	8.05
1328	31	26	61	66	0.002159	14.31
1329	31	26	66	71	0.001599	13.54
1330	31	25	43	49	0.02226	3.9
1331	31	25	49	55	0.009443	3.44
1332	31	25	55	61	0.005713	7.89
1333	31	24	38	45	0.088903	3.81
1334	31	24	45	52	0.018724	3.18
1335	31	24	52	59	0.00907	5.94
1336	31	23	39	47	0.077049	4.02
1337	31	23	47	55	0.017239	3.07
1338	31	23	63	71	0.004125	14.43
1339	32	31	33	34	1.256659	2.21
1340	32	31	34	35	0.276706	1.81
1341	32	31	35	36	0.105758	2.04
1342	32	31	36	37	0.041654	2.1
1343	32	31	37	38	0.020868	2.59
1344	32	31	38	39	0.011235	3.07
1345	32	31	39	40	0.007862	3.99
1346	32	31	40	41	0.004619	3.48
1347	32	30	34	36	0.52065	1.86
1348	32	30	36	38	0.095059	2.27
1349	32	30	38	40	0.03119	3.07
1350	32	30	40	42	0.014218	3.33
1351	32	30	42	44	0.007901	3.92
1352	32	30	44	46	0.004389	3.13
1353	32	30	46	48	0.002716	3.58
1354	32	30	48	50	0.001931	3.65
1355	32	29	35	38	0.28869	2.17
1356	32	29	38	41	0.050077	3.1
1357	32	29	41	44	0.01908	3.93
1358	32	29	44	47	0.008078	4.04
1359	32	29	47	50	0.004373	3.65
1360	32	29	50	53	0.002973	3.94
1361	32	29	56	59	0.00171	6.0
1362	32	28	36	40	0.176328	2.54
1363	32	28	40	44	0.035972	3.68
1364	32	28	44	48	0.012303	3.46
1365	32	28	48	52	0.00619	3.45
1366	32	27	37	42	0.128809	2.96
1367	32	27	42	47	0.027282	3.31
1368	32	26	38	44	0.102751	3.6
1369	32	26	44	50	0.021249	3.96
1370	32	25	39	46	0.08677	3.92
1371	32	25	46	53	0.018347	2.75
1372	32	25	60	67	0.004396	14.87
1373	32	24	40	48	0.072208	3.82
1374	32	24	48	56	0.017264	3.27
1375	32	24	64	72	0.004088	13.62
1376	33	32	34	35	1.347171	1.83
1377	33	32	35	36	0.322278	1.86
1378	33	32	36	37	0.09668	1.75
1379	33	32	37	38	0.040825	2.43
1380	33	32	38	39	0.019698	2.94
1381	33	32	39	40	0.012672	3.33
1382	33	32	40	41	0.006976	2.81
1383	33	32	41	42	0.005289	4.06
1384	33	31	35	37	0.566441	1.86
1385	33	31	37	39	0.09264	2.52
1386	33	31	39	41	0.032142	3.15
1387	33	31	41	43	0.015293	3.79
1388	33	31	43	45	0.00764	3.57
1389	33	31	45	47	0.004212	4.04
1390	33	30	36	39	0.270252	2.17
1391	33	30	39	42	0.052228	3.21
1392	33	30	42	45	0.018482	3.69
1393	33	30	45	48	0.007735	3.36
1394	33	30	48	51	0.004539	2.27
1395	33	29	37	41	0.170381	2.76
1396	33	29	41	45	0.035923	3.81
1397	33	29	45	49	0.011509	3.63
1398	33	29	49	53	0.00627	3.6
1399	33	29	57	61	0.002833	7.35
1400	33	28	38	43	0.125505	3.21
1401	33	28	43	48	0.02535	3.62
1402	33	28	48	53	0.009913	3.03
1403	33	28	53	58	0.005868	6.21
1404	33	28	63	68	0.002098	11.82
1405	33	27	39	45	0.102091	3.58
1406	33	27	45	51	0.020315	3.01
1407	33	27	51	57	0.009387	4.09
1408	33	27	57	63	0.005317	9.09
1409	33	27	63	69	0.002871	13.86
1410	33	26	40	47	0.082255	3.69
1411	33	26	47	54	0.018234	2.62
1412	33	26	54	61	0.00929	7.27
1413	34	33	35	36	2.342612	2.25
1414	34	33	36	37	0.375913	1.64
1415	34	33	37	38	0.11347	2.22
1416	34	33	38	39	0.045687	2.59
1417	34	33	39	40	0.025979	3.07
1418	34	33	40	41	0.012946	3.63
1419	34	32	36	38	0.626768	1.77
1420	34	32	38	40	0.104051	2.78
1421	34	32	40	42	0.034442	3.21
1422	34	32	42	44	0.016194	3.62
1423	34	32	44	46	0.008078	3.31
1424	34	32	46	48	0.004595	3.54
1425	34	32	48	50	0.003048	2.31
1426	34	31	37	40	0.29814	2.52
1427	34	31	40	43	0.055162	3.19
1428	34	31	43	46	0.018815	3.41
1429	34	31	46	49	0.008197	3.69
1430	34	31	49	52	0.005057	3.09
1431	34	31	52	55	0.003346	3.18
1432	34	30	38	42	0.183785	2.94
1433	34	30	42	46	0.03658	3.53
1434	34	30	46	50	0.012271	3.3
1435	34	30	50	54	0.006626	2.55
1436	34	30	54	58	0.004463	4.2
1437	34	30	58	62	0.002967	7.54
1438	34	30	62	66	0.001719	10.9
1439	34	29	39	44	0.135496	3.34
1440	34	29	44	49	0.025412	2.85
1441	34	29	49	54	0.010494	1.88
1442	34	28	40	46	0.102138	3.5
1443	34	28	46	52	0.020854	2.59
1444	34	28	64	70	0.002928	14.28
1445	34	27	41	48	0.085019	3.79
1446	35	34	36	37	1.757593	1.2
1447	35	34	37	38	0.296802	1.56
1448	35	34	38	39	0.091875	1.95
1449	35	34	39	40	0.044406	2.61
1450	35	34	40	41	0.019665	2.34
1451	35	34	41	42	0.013	2.7
1452	35	34	42	43	0.008078	3.03
1453	35	34	43	44	0.005012	2.21
1454	35	33	37	39	0.547567	1.83
1455	35	33	39	41	0.10303	2.7
1456	35	33	41	43	0.036397	3.27
1457	35	33	43	45	0.015469	3.0
1458	35	33	45	47	0.007655	2.88
1459	35	33	47	49	0.004489	2.58
1460	35	32	38	41	0.279772	2.47
1461	35	32	41	44	0.056882	3.25
1462	35	32	44	47	0.018398	3.24
1463	35	32	47	50	0.008378	3.0
1464	35	32	50	53	0.005152	2.06
1465	35	32	53	56	0.003559	3.68
1466	35	32	56	59	0.002668	6.44
1467	35	31	39	43	0.186765	3.01
1468	35	31	43	47	0.035019	3.03
1469	35	31	47	51	0.012571	2.46
1470	35	31	51	55	0.006841	2.91
1471	35	31	55	59	0.004647	5.28
1472	35	31	67	71	0.001384	10.67
1473	35	30	40	45	0.129389	3.22
1474	35	30	45	50	0.0249	3.15
1475	35	30	50	55	0.010781	2.33
1476	35	30	55	60	0.006546	5.16
1477	35	30	60	65	0.003477	9.71
1478	35	30	65	70	0.002238	11.85
1479	35	29	41	47	0.102357	3.6
1480	35	29	47	53	0.020922	2.73
1481	35	29	53	59	0.010141	6.03
1482	35	29	59	65	0.005217	9.15
1483	35	28	42	49	0.080856	3.46
1484	35	28	56	63	0.009276	8.89
1485	35	28	63	70	0.004435	13.26
1486	36	35	37	38	1.763083	1.4
1487	36	35	38	39	0.302712	1.41
1488	36	35	39	40	0.110976	2.33
1489	36	35	40	41	0.040999	1.8
1490	36	35	41	42	0.024456	2.49
1491	36	35	42	43	0.014069	2.46
1492	36	35	43	44	0.008273	2.44
1493	36	35	44	45	0.005589	2.66
1494	36	34	38	40	0.549767	1.78
1495	36	34	40	42	0.098194	2.37
1496	36	34	42	44	0.035469	3.04
1497	36	34	44	46	0.015175	2.46
1498	36	34	46	48	0.007698	2.55
1499	36	34	48	50	0.004661	3.01
1500	36	34	52	54	0.002329	1.78
1501	36	33	39	42	0.301568	2.61
1502	36	33	42	45	0.05766	3.19
1503	36	33	45	48	0.01836	2.92
1504	36	33	51	54	0.005357	2.83
1505	36	32	40	44	0.184202	2.86
1506	36	32	44	48	0.035597	3.06
1507	36	32	48	52	0.013308	3.25
1508	36	32	52	56	0.007437	4.19
1509	36	32	56	60	0.005003	6.27
1510	36	32	64	68	0.001861	11.91
1511	36	32	68	72	0.001472	9.25
1512	36	31	41	46	0.13747	3.25
1513	36	31	46	51	0.026158	1.71
1514	36	31	51	56	0.011443	3.01
1515	36	30	42	48	0.102107	3.29
1516	36	30	48	54	0.021992	1.68
1517	36	30	54	60	0.010939	4.94
1518	36	29	43	50	0.079817	3.75
1519	36	29	57	64	0.009348	6.76
1520	37	36	38	39	1.592121	1.22
1521	37	36	39	40	0.319736	1.91
1522	37	36	40	41	0.087672	1.71
1523	37	36	41	42	0.045307	2.55
1524	37	36	42	43	0.023494	2.44
1525	37	36	43	44	0.012829	2.4
1526	37	36	44	45	0.008292	2.82
1527	37	36	45	46	0.005026	2.06
1528	37	35	39	41	0.559143	1.98
1529	37	35	41	43	0.107409	2.76
1530	37	35	43	45	0.035079	2.9
1531	37	35	45	47	0.01488	3.24
1532	37	35	47	49	0.007707	2.44
1533	37	35	49	51	0.00516	3.18
1534	37	34	40	43	0.276722	2.37
1535	37	34	43	46	0.054699	2.64
1536	37	33	41	45	0.194248	2.96
1537	37	33	45	49	0.034792	2.69
1538	37	33	49	53	0.014156	1.95
1539	37	33	53	57	0.007958	4.14
1540	37	33	57	61	0.005122	7.54
1541	37	32	42	47	0.135181	3.27
1542	37	32	47	52	0.026836	2.71
1543	37	32	52	57	0.012238	4.88
1544	37	32	57	62	0.006975	7.23
1545	37	31	43	49	0.099801	3.25
1546	37	31	49	55	0.023395	3.07
1547	37	31	55	61	0.011408	7.08
1548	37	30	44	51	0.080315	3.04
1549	37	30	58	65	0.009475	10.5
1550	37	30	65	72	0.004745	10.35
1551	38	37	39	40	1.745622	1.44
1552	38	37	40	41	0.251325	0.87
1553	38	37	41	42	0.103031	2.19
1554	38	37	42	43	0.046276	2.4
1555	38	37	43	44	0.023118	2.59
1556	38	37	44	45	0.014042	2.08
1557	38	37	45	46	0.008084	2.78
1558	38	36	40	42	0.487296	1.46
1559	38	36	42	44	0.105804	2.58
1560	38	36	44	46	0.03551	2.75
1561	38	36	46	48	0.015361	3.22
1562	38	36	48	50	0.00808	2.58
1563	38	36	50	52	0.005318	2.46
1564	38	35	41	44	0.300888	2.46
1565	38	35	44	47	0.056517	2.78
1566	38	35	47	50	0.018965	2.78
1567	38	35	50	53	0.009873	2.49
1568	38	34	42	46	0.191855	2.71
1569	38	34	46	50	0.035853	2.39
1570	38	34	50	54	0.014521	2.54
1571	38	34	58	62	0.005194	8.37
1572	38	33	43	48	0.134537	2.92
1573	38	33	48	53	0.028246	2.58
1574	38	33	53	58	0.013081	5.31
1575	38	33	58	63	0.007124	7.21
1576	38	33	63	68	0.003775	11.02
1577	38	32	44	50	0.102172	3.01
1578	38	32	50	56	0.024718	2.78
1579	38	32	62	68	0.005362	11.88
1580	39	38	41	42	0.258162	1.8
1581	39	38	42	43	0.089901	2.16
1582	39	38	43	44	0.039708	2.4
1583	39	38	44	45	0.022329	2.73
1584	39	38	46	47	0.007843	3.21
1585	39	38	47	48	0.005047	2.23
1586	39	37	41	43	0.497204	2.0
1587	39	37	43	45	0.099267	2.34
1588	39	37	45	47	0.033668	3.21
1589	39	37	47	49	0.014748	1.83
1590	39	37	49	51	0.008659	2.49
1591	39	37	53	55	0.00369	3.72
1592	39	36	42	45	0.280067	2.39
1593	39	36	45	48	0.053681	2.75
1594	39	36	48	51	0.019285	2.81
1595	39	36	51	54	0.009776	2.31
1596	39	36	54	57	0.006447	4.02
1597	39	35	43	47	0.182823	2.71
1598	39	35	47	51	0.03639	2.21
1599	39	35	51	55	0.014943	3.41
1600	39	35	55	59	0.008817	6.3
1601	39	35	59	63	0.005038	8.42
1602	39	34	44	49	0.131446	2.64
1603	39	34	49	54	0.029191	1.83
1604	39	34	54	59	0.013642	6.46
1605	39	34	64	69	0.00374	10.02
1606	39	33	45	51	0.100276	3.0
1607	39	33	57	63	0.011767	7.54
1608	40	39	41	42	1.568485	1.27
1609	40	39	42	43	0.279431	1.8
1610	40	39	43	44	0.096619	1.98
1611	40	39	44	45	0.048302	2.27
1612	40	38	42	44	0.505429	1.91
1613	40	38	44	46	0.107075	2.42
1614	40	38	46	48	0.036793	2.78
1615	40	38	48	50	0.016173	2.28
1616	40	38	50	52	0.009477	2.76
1617	40	38	52	54	0.005803	3.25
1618	40	37	43	46	0.288587	2.29
1619	40	37	46	49	0.057744	2.78
1620	40	37	49	52	0.021718	2.44
1621	40	37	52	55	0.010924	3.38
1622	40	37	58	61	0.004818	5.42
1623	40	37	61	64	0.002834	10.43
1624	40	36	44	48	0.19473	2.59
1625	40	36	48	52	0.039051	2.76
1626	40	36	52	56	0.016446	3.0
1627	40	36	56	60	0.009645	6.15
1628	40	36	64	68	0.00308	9.29
1629	40	36	68	72	0.002316	6.88
1630	40	35	45	50	0.136844	2.73
1631	40	35	50	55	0.031755	2.64
1632	40	35	60	65	0.007059	10.75
1633	40	35	65	70	0.004099	11.38
1634	40	34	46	52	0.106882	2.67
1635	40	34	58	64	0.012326	7.92
1636	40	34	64	70	0.005795	9.21
1637	41	40	42	43	1.135484	1.08
1638	41	40	43	44	0.224562	1.46
1639	41	40	44	45	0.09083	1.65
1640	41	40	45	46	0.040454	2.35
1641	41	40	46	47	0.022768	2.13
1642	41	40	47	48	0.013	2.67
1643	41	40	48	49	0.007763	3.39
1644	41	39	43	45	0.460204	1.65
1645	41	39	45	47	0.102366	2.37
1646	41	39	47	49	0.035549	3.09
1647	41	39	51	53	0.009557	2.28
1648	41	38	44	47	0.283744	2.21
1649	41	38	47	50	0.056731	2.33
1650	41	38	50	53	0.022024	2.19
1651	41	38	53	56	0.011401	2.96
1652	41	38	56	59	0.007351	6.31
1653	41	38	59	62	0.004732	2.75
1654	41	38	62	65	0.002804	15.45
1655	41	38	65	68	0.001986	15.75
1656	41	37	45	49	0.186214	1.95
1657	41	37	49	53	0.04103	1.74
1658	41	37	57	61	0.009805	4.59
1659	41	36	56	61	0.015415	5.43
1660	41	36	61	66	0.006948	11.07
1661	41	35	47	53	0.107538	3.12
1662	41	35	65	71	0.00607	13.41
1663	42	41	45	46	0.092886	2.59
1664	42	41	46	47	0.046355	1.88
1665	42	41	48	49	0.013485	1.75
1666	42	40	44	46	0.482961	1.74
1667	42	40	46	48	0.106382	2.52
1668	42	40	54	56	0.006607	2.79
1669	42	39	45	48	0.287811	2.59
1670	42	39	48	51	0.059997	1.59
1671	42	39	54	57	0.012789	2.08
1672	42	38	46	50	0.195307	2.75
1673	42	38	58	62	0.010214	3.44
1674	42	37	47	52	0.142254	3.1
1675	42	37	52	57	0.034949	2.61
1676	42	37	57	62	0.016037	3.57
1677	42	36	48	54	0.112008	2.4
1678	43	42	45	46	0.252215	1.92
1679	43	42	46	47	0.100626	1.24
1680	43	41	45	47	0.492202	2.08
1681	43	41	47	49	0.106423	2.52
1682	43	41	49	51	0.039409	2.85
1683	43	41	57	59	0.004881	2.67
1684	43	40	49	52	0.062682	2.92
1685	43	40	55	58	0.013026	3.0
1686	43	40	61	64	0.004508	9.42
1687	43	40	64	67	0.002913	13.37
1688	43	39	47	51	0.198906	2.56
1689	43	39	51	55	0.04418	2.61
1690	43	39	55	59	0.019952	2.96
1691	43	39	67	71	0.003663	9.21
1692	43	38	48	53	0.145913	2.81
1693	43	38	53	58	0.036674	2.98
1694	44	43	45	46	1.125432	1.69
1695	44	43	46	47	0.263962	1.77
1696	44	43	47	48	0.093796	1.64
1697	44	43	48	49	0.04141	3.41
1698	44	43	49	50	0.022903	2.86
1699	44	43	50	51	0.014229	3.09
1700	44	43	51	52	0.008686	2.1
1701	44	42	46	48	0.504219	1.72
1702	44	42	48	50	0.101889	2.91
1703	44	42	50	52	0.038711	2.34
1704	44	42	54	56	0.0104	2.31
1705	44	41	47	50	0.288159	2.21
1706	44	41	50	53	0.062875	3.36
1707	44	41	53	56	0.023787	2.76
1708	44	41	59	62	0.007827	4.75
1709	44	40	48	52	0.194445	2.97
1710	44	40	52	56	0.043863	2.15
1711	44	40	56	60	0.020113	3.63
1712	44	40	60	64	0.009488	9.72
1713	44	39	49	54	0.149239	2.52
1714	44	39	54	59	0.038262	3.65
1715	44	39	64	69	0.007429	10.05
1716	45	44	46	47	1.261157	1.19
1717	45	44	47	48	0.257791	1.33
1718	45	44	48	49	0.090217	3.15
1719	45	44	49	50	0.043084	2.64
1720	45	44	50	51	0.024459	2.08
1721	45	44	51	52	0.013876	2.25
1722	45	44	52	53	0.008498	2.56
1723	45	44	53	54	0.005526	1.6
1724	45	43	47	49	0.483062	1.84
1725	45	43	49	51	0.10479	2.47
1726	45	43	51	53	0.036807	2.07
1727	45	43	53	55	0.016906	1.92
1728	45	42	48	51	0.283628	2.88
1729	45	42	51	54	0.060099	3.24
1730	45	42	54	57	0.024366	3.29
1731	45	42	60	63	0.006915	3.66
1732	45	41	49	53	0.199485	2.39
1733	45	41	57	61	0.019884	3.31
1734	45	40	50	55	0.149459	2.42
1735	45	40	55	60	0.038657	3.13
1736	45	40	60	65	0.01476	10.5
1737	45	40	65	70	0.007424	9.88
1738	46	45	48	49	0.231147	2.56
1739	46	45	49	50	0.086554	1.97
1740	46	45	50	51	0.043205	2.54
1741	46	45	51	52	0.022575	2.64
1742	46	45	52	53	0.012632	1.72
1743	46	45	53	54	0.007635	1.71
1744	46	44	48	50	0.450858	2.5
1745	46	44	50	52	0.104191	2.78
1746	46	44	52	54	0.034326	2.0
1747	46	44	54	56	0.017	2.16
1748	46	44	56	58	0.009942	2.13
1749	46	44	58	60	0.006664	2.7
1750	46	43	49	52	0.279799	2.31
1751	46	43	52	55	0.056963	2.16
1752	46	43	55	58	0.02333	3.18
1753	46	43	58	61	0.012521	4.14
1754	46	43	61	64	0.006303	10.11
1755	46	43	64	67	0.003807	10.67
1756	46	43	67	70	0.002765	11.85
1757	46	42	50	54	0.194366	2.42
1758	46	42	54	58	0.044227	2.31
1759	46	42	58	62	0.018926	4.91
1760	46	41	51	56	0.144097	2.49
1761	46	41	56	61	0.037953	3.66
1762	46	41	66	71	0.007426	6.6
1763	47	46	48	49	1.121636	2.49
1764	47	46	49	50	0.242167	1.33
1765	47	46	50	51	0.096888	2.08
1766	47	46	51	52	0.045018	1.94
1767	47	46	52	53	0.022567	0.92
1768	47	45	49	51	0.468763	1.86
1769	47	45	51	53	0.102849	2.28
1770	47	45	53	55	0.034182	2.27
1771	47	45	55	57	0.017281	2.69
1772	47	45	57	59	0.009764	3.17
1773	47	45	59	61	0.006425	4.68
1774	47	45	61	63	0.00363	6.48
1775	47	44	50	53	0.289652	2.46
1776	47	44	53	56	0.05704	2.39
1777	47	44	56	59	0.023434	3.85
1778	47	44	59	62	0.011898	4.32
1779	47	44	62	65	0.005999	8.27
1780	47	44	65	68	0.003753	8.04
1781	47	43	51	55	0.190701	2.4
1782	47	43	55	59	0.044071	3.3
1783	47	43	59	63	0.017582	4.49
1784	47	43	63	67	0.008046	9.5
1785	47	42	52	57	0.14224	2.49
1786	47	42	57	62	0.036466	4.32
1787	47	42	62	67	0.013098	9.87
1788	48	47	50	51	0.274259	2.16
1789	48	47	51	52	0.106378	2.28
1790	48	47	52	53	0.04658	2.13
1791	48	47	53	54	0.023124	2.42
1792	48	47	54	55	0.014385	2.91
1793	48	47	56	57	0.006413	2.55
1794	48	46	50	52	0.522272	2.21
1795	48	46	52	54	0.104809	2.21
1796	48	46	54	56	0.037846	2.29
1797	48	46	56	58	0.01816	3.24
1798	48	46	58	60	0.010798	3.41
1799	48	46	60	62	0.006042	6.62
1800	48	46	62	64	0.003728	6.96
1801	48	45	51	54	0.298992	2.34
1802	48	45	54	57	0.061275	2.17
1803	48	45	57	60	0.024003	3.13
1804	48	45	60	63	0.010828	6.98
1805	48	45	63	66	0.005883	11.38
1806	48	45	66	69	0.003737	9.24
1807	48	45	69	72	0.002627	8.58
1808	48	44	52	56	0.193905	2.29
1809	48	44	56	60	0.045603	3.22
1810	48	44	64	68	0.007719	7.59
1811	48	44	68	72	0.004845	7.61
1812	49	48	50	51	1.161305	1.98
1813	49	48	51	52	0.298391	2.13
1814	49	48	52	53	0.108591	2.1
1815	49	48	53	54	0.047489	2.73
1816	49	48	54	55	0.026798	2.06
1817	49	48	55	56	0.015657	3.31
1818	49	48	56	57	0.010319	3.45
1819	49	48	57	58	0.006587	2.91
1820	49	47	51	53	0.559604	2.13
1821	49	47	53	55	0.11182	2.4
1822	49	47	55	57	0.041552	2.9
1823	49	47	57	59	0.019383	3.04
1824	49	47	59	61	0.01129	3.5
1825	49	47	63	65	0.003886	6.72
1826	49	47	65	67	0.00254	8.75
1827	49	46	52	55	0.310387	2.22
1828	49	46	55	58	0.065721	2.69
1829	49	46	58	61	0.025851	3.57
1830	49	46	61	64	0.010865	6.36
1831	49	46	64	67	0.005799	8.94
1832	49	46	67	70	0.003847	8.27
1833	49	45	53	57	0.204813	2.71
1834	49	45	61	65	0.015959	7.25
1835	49	45	65	69	0.007753	9.45
1836	50	49	51	52	1.231057	1.92
1837	50	49	52	53	0.299962	2.07
1838	50	49	53	54	0.11089	2.54
1839	50	49	54	55	0.056878	2.47
1840	50	49	55	56	0.030667	2.75
1841	50	49	56	57	0.018762	3.69
1842	50	49	57	58	0.01141	3.5
1843	50	49	58	59	0.008354	2.76
1844	50	48	52	54	0.566757	2.19
1845	50	48	54	56	0.130041	2.46
1846	50	48	56	58	0.047121	3.18
1847	50	48	58	60	0.023553	3.01
1848	50	48	60	62	0.011668	4.49
1849	50	47	53	56	0.33498	2.5
1850	50	47	56	59	0.074736	3.0
1851	50	47	59	62	0.027999	3.79
1852	50	47	62	65	0.011593	6.51
1853	50	47	65	68	0.006319	8.18
1854	50	46	54	58	0.233139	2.37
1855	50	46	62	66	0.016723	10.57
1856	51	50	52	53	1.085157	1.6
1857	51	50	53	54	0.250049	2.17
1858	51	50	54	55	0.104498	1.69
1859	51	50	55	56	0.049839	2.19
1860	51	50	56	57	0.027955	3.12
1861	51	50	57	58	0.016137	1.72
1862	51	50	59	60	0.008142	2.4
1863	51	49	53	55	0.52213	2.15
1864	51	49	55	57	0.12727	2.64
1865	51	49	57	59	0.047288	2.49
1866	51	49	59	61	0.023869	3.17
1867	51	49	63	65	0.006883	6.17
1868	51	49	65	67	0.004229	8.16
1869	51	49	67	69	0.003063	8.73
1870	51	48	54	57	0.341363	2.33
1871	51	48	57	60	0.077259	2.66
1872	51	48	60	63	0.026563	4.92
1873	51	48	66	69	0.006744	7.41
1874	51	47	55	59	0.235388	2.62
1875	51	47	63	67	0.017583	9.39
1876	51	47	67	71	0.00884	8.64
1877	52	51	53	54	1.089619	2.29
1878	52	51	54	55	0.287213	1.26
1879	52	51	55	56	0.108068	1.88
1880	52	51	56	57	0.052442	2.54
1881	52	51	57	58	0.027464	1.58
1882	52	51	58	59	0.017976	2.35
1883	52	51	59	60	0.012235	1.75
1884	52	50	54	56	0.549512	1.58
1885	52	50	56	58	0.124029	2.28
1886	52	50	58	60	0.049717	2.42
1887	52	50	60	62	0.02135	3.41
1888	52	50	62	64	0.010858	5.82
1889	52	50	64	66	0.006193	6.79
1890	52	50	66	68	0.004213	7.19
1891	52	50	68	70	0.003007	8.96
1892	52	49	55	58	0.342708	2.22
1893	52	49	58	61	0.081335	2.42
1894	52	49	61	64	0.026272	6.25
1895	52	49	64	67	0.011824	7.79
1896	52	49	67	70	0.006967	8.77
1897	52	48	56	60	0.244361	2.42
1898	52	48	60	64	0.050479	6.12
1899	53	52	54	55	1.311177	1.08
1900	53	52	55	56	0.305439	1.83
1901	53	52	56	57	0.11782	2.39
1902	53	52	57	58	0.054536	1.3
1903	53	52	58	59	0.03282	1.89
1904	53	52	59	60	0.020814	1.29
1905	53	52	60	61	0.012142	1.8
1906	53	51	55	57	0.583644	1.97
1907	53	51	57	59	0.132823	1.48
1908	53	51	59	61	0.052733	1.69
1909	53	51	61	63	0.020979	4.79
1910	53	51	63	65	0.011592	5.8
1911	53	51	65	67	0.006492	7.44
1912	53	51	67	69	0.004394	8.04
1913	53	50	56	59	0.358482	2.08
1914	53	50	59	62	0.082399	2.52
1915	53	50	62	65	0.026196	5.79
1916	53	50	65	68	0.012029	7.77
1917	53	50	68	71	0.007061	7.75
1918	54	53	55	56	1.21469	2.49
1919	54	53	56	57	0.28614	2.69
1920	54	53	57	58	0.10896	1.3
1921	54	53	58	59	0.058591	1.88
1922	54	53	59	60	0.034078	1.35
1923	54	53	60	61	0.01873	1.89
1924	54	52	56	58	0.567255	2.19
1925	54	52	58	60	0.146333	1.64
1926	54	52	60	62	0.049832	2.7
1927	54	52	62	64	0.021778	4.68
1928	54	52	66	68	0.006897	7.06
1929	54	52	68	70	0.004596	6.23
1930	54	51	57	60	0.36745	1.5
1931	54	51	69	72	0.007205	6.15
1932	55	54	56	57	1.212417	3.19
1933	55	54	57	58	0.286629	1.23
1934	55	54	58	59	0.126307	1.56
1935	55	54	59	60	0.065337	1.05
1936	55	54	60	61	0.033059	1.47
1937	55	54	61	62	0.018801	3.03
1938	55	54	62	63	0.011344	3.6
1939	55	54	63	64	0.008634	3.81
1940	55	53	57	59	0.580261	1.36
1941	55	53	59	61	0.151253	1.24
1942	55	53	61	63	0.048564	3.53
1943	55	53	63	65	0.023334	3.93
1944	55	53	65	67	0.011641	5.62
1945	55	53	67	69	0.007252	4.86
1946	55	53	69	71	0.004828	5.07
1947	55	52	58	61	0.401779	1.54
1948	55	52	67	70	0.01336	5.5
1949	56	55	57	58	1.204319	1.83
1950	56	55	58	59	0.326013	1.6
1951	56	55	59	60	0.135692	0.99
1952	56	55	60	61	0.060374	1.38
1953	56	55	61	62	0.031694	2.81
1954	56	55	62	63	0.018129	3.22
1955	56	55	63	64	0.013261	2.78
1956	56	55	64	65	0.007925	3.63
1957	56	54	58	60	0.653199	1.41
1958	56	54	60	62	0.143928	1.98
1959	56	54	62	64	0.051404	3.41
1960	56	54	66	68	0.012603	5.34
1961	56	54	68	70	0.007713	6.07
1962	56	54	70	72	0.004998	4.7
1963	56	53	59	62	0.408898	1.44
1964	56	53	62	65	0.081156	3.6
1965	56	53	65	68	0.028328	5.07
1966	56	53	68	71	0.013934	5.24
1967	57	56	58	59	1.50647	1.59
1968	57	56	59	60	0.356043	1.09
1969	57	56	60	61	0.126287	1.24
1970	57	56	61	62	0.058805	2.83
1971	57	56	62	63	0.031005	2.98
1972	57	56	63	64	0.021278	2.9
1973	57	56	64	65	0.012207	3.81
1974	57	56	65	66	0.007937	4.81
1975	57	55	59	61	0.678184	1.11
1976	57	55	61	63	0.139694	3.03
1977	57	55	63	65	0.054708	3.22
1978	57	55	65	67	0.023352	4.53
1979	57	55	67	69	0.01307	5.56
1980	57	55	69	71	0.008022	5.46
1981	57	54	60	63	0.389369	2.06
1982	57	54	63	66	0.085942	3.65
1983	57	54	66	69	0.03028	5.1
1984	57	54	69	72	0.014629	5.08
1985	58	57	59	60	1.437223	1.17
1986	58	57	60	61	0.298148	1.41
1987	58	57	61	62	0.112551	2.79
1988	58	57	62	63	0.05309	2.5
1989	58	57	63	64	0.033821	1.95
1990	58	57	64	65	0.018185	3.38
1991	58	57	65	66	0.011228	3.75
1992	58	57	66	67	0.007939	3.51
1993	58	56	60	62	0.595801	1.78
1994	58	56	62	64	0.139237	2.61
1995	58	56	64	66	0.049584	3.78
1996	58	56	66	68	0.023787	4.16
1997	58	56	70	72	0.007834	4.92
1998	59	58	61	62	0.291177	2.81
1999	59	58	62	63	0.113502	2.31
2000	59	58	63	64	0.064912	1.67
2001	59	58	64	65	0.032196	2.7
2002	59	58	65	66	0.018675	2.78
2003	59	58	66	67	0.012639	2.27
2004	59	57	61	63	0.570016	2.7
2005	59	57	65	67	0.050518	3.01
2006	59	57	67	69	0.024368	4.0
2007	59	57	69	71	0.0134	3.48
2008	60	59	62	63	0.333613	2.58
2009	60	59	63	64	0.151391	1.58
2010	60	59	64	65	0.066305	2.29
2011	60	59	65	66	0.035182	2.23
2012	60	59	66	67	0.022144	2.21
2013	60	59	67	68	0.014298	2.39
2014	60	58	62	64	0.663198	2.25
2015	60	58	64	66	0.152424	2.42
2016	60	58	66	68	0.057666	2.54
2017	60	58	68	70	0.027288	3.12
2018	61	60	63	64	0.39785	1.71
2019	61	60	64	65	0.13648	2.23
2020	61	60	65	66	0.063171	2.16
2021	61	60	66	67	0.036285	1.94
2022	61	60	67	68	0.021958	2.37
2023	61	60	68	69	0.014155	2.59
2024	61	60	69	70	0.009769	1.81
2025	61	59	63	65	0.751722	1.84
2026	61	59	65	67	0.1568	2.31
2027	61	59	67	69	0.060131	2.17
2028	61	59	69	71	0.028411	2.61
2029	62	61	63	64	1.870039	1.3
2030	62	61	64	65	0.363001	2.49
2031	62	61	65	66	0.132226	2.15
2032	62	61	66	67	0.065909	2.03
2033	62	61	67	68	0.036404	2.29
2034	62	61	68	69	0.021958	1.91
2035	62	61	69	70	0.014473	2.15
2036	62	61	70	71	0.009397	2.85
2037	62	60	64	66	0.694313	2.35
2038	62	60	66	68	0.16054	1.89
2039	62	60	68	70	0.060415	2.31
2040	62	60	70	72	0.027494	2.58
2041	63	62	64	65	1.399194	2.54
2042	63	62	65	66	0.320945	2.08
2043	63	62	66	67	0.127823	1.65
2044	63	62	67	68	0.062288	1.92
2045	63	62	68	69	0.034742	2.19
2046	63	62	69	70	0.021598	1.83
2047	63	62	70	71	0.013367	2.71
2048	63	62	71	72	0.008998	2.7
2049	64	63	65	66	1.638358	2.04
2050	64	63	66	67	0.377309	2.03
2051	64	63	67	68	0.145512	2.07
2052	64	63	68	69	0.071828	2.07
2053	64	63	69	70	0.041	1.83
2054	64	63	70	71	0.023965	2.19
2055	64	63	71	72	0.015316	2.73
2056	65	64	66	67	1.723082	2.22
2057	65	64	67	68	0.370295	2.23
2058	65	64	68	69	0.143797	2.1
2059	65	64	69	70	0.072045	1.94
2060	65	64	70	71	0.038491	2.1
2061	65	64	71	72	0.023171	2.83
2062	66	65	67	68	1.613395	2.47
2063	66	65	68	69	0.370391	2.03
2064	66	65	69	70	0.148234	2.0
2065	66	65	70	71	0.069535	2.03
2066	66	65	71	72	0.038527	3.18
2067	67	66	68	69	1.754659	2.04
2068	67	66	69	70	0.412988	2.13
2069	67	66	70	71	0.154486	2.01
