2226
1	2	1	3	4	0.515118	1.24
2	2	1	4	5	0.106025	1.27
3	2	1	5	6	0.039758	0.61
4	2	1	6	7	0.017281	1.48
5	2	1	7	8	0.011558	1.78
6	2	1	8	9	0.007034	1.06
7	2	1	9	10	0.00529	3.01
8	2	1	10	11	0.003576	2.71
9	3	2	4	5	0.570846	0.92
10	3	2	5	6	0.104348	0.38
11	3	2	6	7	0.036205	0.89
12	3	2	7	8	0.021366	1.69
13	3	2	8	9	0.011968	1.72
14	3	2	9	10	0.008444	1.64
15	3	2	10	11	0.005471	1.52
16	3	2	11	12	0.003586	4.75
17	3	1	5	7	0.197516	0.54
18	3	1	7	9	0.051953	1.36
19	3	1	9	11	0.022811	2.27
20	3	1	11	13	0.010909	2.56
21	3	1	13	15	0.00665	1.56
22	3	1	15	17	0.004371	4.46
23	3	1	17	19	0.003319	1.05
24	3	1	19	21	0.002145	1.44
25	4	3	5	6	0.524107	0.01
26	4	3	6	7	0.094579	1.19
27	4	3	7	8	0.04416	1.02
28	4	3	8	9	0.021474	1.19
29	4	3	9	10	0.013736	1.26
30	4	3	10	11	0.00835	1.81
31	4	3	11	12	0.005148	-1.09
32	4	2	6	8	0.196245	1.14
33	4	2	8	10	0.055651	1.64
34	4	2	10	12	0.022615	1.91
35	4	2	12	14	0.011649	2.94
36	4	2	14	16	0.007181	2.9
37	4	2	16	18	0.00495	2.39
38	4	2	18	20	0.003229	1.52
39	4	1	7	10	0.145025	1.3
40	4	1	10	13	0.037519	2.15
41	4	1	13	16	0.015785	2.44
42	4	1	16	19	0.009172	2.67
43	4	1	19	22	0.005251	2.94
44	4	1	22	25	0.004087	1.92
45	4	1	25	28	0.002607	0.21
46	5	4	6	7	0.581822	0.54
47	5	4	7	8	0.132769	0.98
48	5	4	8	9	0.048166	1.03
49	5	4	9	10	0.026209	1.83
50	5	4	10	11	0.014387	2.1
51	5	4	11	12	0.00827	2.08
52	5	4	12	13	0.006017	2.39
53	5	4	13	14	0.003978	4.19
54	5	3	7	9	0.246475	1.01
55	5	3	9	11	0.062712	1.8
56	5	3	11	13	0.023471	1.62
57	5	3	13	15	0.012409	2.0
58	5	3	15	17	0.007429	2.28
59	5	3	17	19	0.005346	2.54
60	5	3	19	21	0.003276	0.39
61	5	3	21	23	0.002813	4.02
62	5	2	8	11	0.158196	1.46
63	5	2	11	14	0.038732	1.86
64	5	2	14	17	0.01739	2.39
65	5	2	17	20	0.009557	2.79
66	5	2	20	23	0.006041	1.6
67	5	2	23	26	0.004185	1.29
68	5	2	26	29	0.002842	-2.79
69	5	1	9	13	0.119892	1.74
70	5	1	13	17	0.03089	2.35
71	5	1	17	21	0.014124	2.96
72	5	1	21	25	0.008518	1.86
73	5	1	25	29	0.004904	-2.42
74	5	1	33	37	0.002061	5.35
75	5	1	37	41	0.001727	5.28
76	6	5	7	8	0.954508	0.65
77	6	5	8	9	0.149065	0.73
78	6	5	9	10	0.05808	1.6
79	6	5	10	11	0.026659	1.65
80	6	5	11	12	0.013591	1.52
81	6	5	12	13	0.009121	1.77
82	6	5	13	14	0.005694	3.01
83	6	5	14	15	0.004493	1.78
84	6	4	8	10	0.281376	0.99
85	6	4	10	12	0.062949	1.6
86	6	4	12	14	0.024845	1.94
87	6	4	14	16	0.013156	2.11
88	6	4	16	18	0.008308	2.17
89	6	4	18	20	0.005112	2.58
90	6	4	20	22	0.00367	-0.6
91	6	4	22	24	0.002978	2.42
92	6	3	9	12	0.174455	1.48
93	6	3	12	15	0.041777	2.13
94	6	3	15	18	0.018143	3.39
95	6	3	18	21	0.009529	2.62
96	6	3	21	24	0.006533	3.04
97	6	3	24	27	0.00415	1.5
98	6	3	27	30	0.002979	-0.3
99	6	2	10	14	0.122011	1.62
100	6	2	14	18	0.033655	2.34
101	6	2	18	22	0.014542	3.12
102	6	2	22	26	0.008798	2.71
103	6	2	26	30	0.005171	0.2
104	6	2	34	38	0.002204	11.38
105	6	2	38	42	0.001821	1.88
106	6	1	11	16	0.095774	1.83
107	6	1	16	21	0.028169	2.22
108	6	1	21	26	0.013599	1.54
109	6	1	26	31	0.006943	0.96
110	7	6	8	9	0.733662	0.49
111	7	6	9	10	0.143084	1.84
112	7	6	10	11	0.048475	1.71
113	7	6	11	12	0.020254	1.24
114	7	6	12	13	0.0121	1.83
115	7	6	13	14	0.006941	2.01
116	7	6	14	15	0.005166	1.74
117	7	6	15	16	0.003322	3.72
118	7	5	9	11	0.276192	1.69
119	7	5	11	13	0.055094	1.53
120	7	5	13	15	0.022307	1.91
121	7	5	15	17	0.011621	2.92
122	7	5	17	19	0.007719	2.75
123	7	5	19	21	0.004398	2.66
124	7	5	21	23	0.003578	3.07
125	7	5	23	25	0.002695	4.89
126	7	4	10	13	0.158867	1.65
127	7	4	13	16	0.038296	2.67
128	7	4	16	19	0.017945	3.68
129	7	4	19	22	0.008919	4.54
130	7	4	22	25	0.006341	5.07
131	7	4	25	28	0.003801	2.7
132	7	4	31	34	0.001511	8.48
133	7	3	11	15	0.113279	1.52
134	7	3	15	19	0.032164	2.06
135	7	3	19	23	0.014088	0.87
136	7	3	23	27	0.008243	0.98
137	7	3	27	31	0.004817	-0.36
138	7	3	31	35	0.002574	7.1
139	7	3	35	39	0.002237	6.6
140	7	2	12	17	0.094214	2.29
141	7	2	17	22	0.027766	2.4
142	7	2	22	27	0.01326	1.32
143	7	2	27	32	0.006555	3.65
144	7	2	32	37	0.003672	4.91
145	7	2	37	42	0.002924	5.19
146	7	2	42	47	0.001975	2.08
147	7	1	13	19	0.081237	1.84
148	7	1	19	25	0.024635	1.97
149	7	1	25	31	0.010907	1.27
150	7	1	31	37	0.005136	7.1
151	7	1	37	43	0.003892	3.65
152	7	1	43	49	0.002471	6.17
153	7	1	49	55	0.00178	6.5
154	8	7	9	10	0.945095	2.19
155	8	7	10	11	0.171416	1.88
156	8	7	11	12	0.051835	1.23
157	8	7	12	13	0.025507	2.69
158	8	7	13	14	0.012797	2.49
159	8	7	14	15	0.008763	1.95
160	8	7	15	16	0.005312	3.69
161	8	7	16	17	0.004153	2.58
162	8	6	10	12	0.291955	1.64
163	8	6	12	14	0.05737	2.25
164	8	6	14	16	0.0226	2.0
165	8	6	16	18	0.012427	2.11
166	8	6	18	20	0.006985	2.56
167	8	6	22	24	0.00354	2.29
168	8	6	24	26	0.002469	2.94
169	8	5	11	14	0.15788	1.47
170	8	5	14	17	0.039601	2.34
171	8	5	17	20	0.017544	2.49
172	8	5	20	23	0.009461	2.92
173	8	5	23	26	0.006002	2.47
174	8	5	26	29	0.003785	-3.01
175	8	5	32	35	0.001537	9.52
176	8	4	12	16	0.117971	1.83
177	8	4	16	20	0.032927	2.06
178	8	4	20	24	0.014886	1.44
179	8	4	24	28	0.008083	-0.87
180	8	4	28	32	0.004411	2.42
181	8	4	32	36	0.002639	9.64
182	8	4	36	40	0.002279	7.81
183	8	3	13	18	0.095539	2.16
184	8	3	18	23	0.027758	2.44
185	8	3	23	28	0.013057	0.9
186	8	3	28	33	0.006094	5.85
187	8	3	33	38	0.003807	6.35
188	8	3	38	43	0.002938	7.02
189	8	2	14	20	0.084057	2.23
190	8	2	20	26	0.025684	2.11
191	8	2	26	32	0.010683	2.34
192	8	2	38	44	0.003945	1.78
193	8	1	15	22	0.073675	1.91
194	8	1	22	29	0.023563	-0.27
195	8	1	29	36	0.008568	8.88
196	8	1	36	43	0.005687	5.7
197	9	8	10	11	0.843447	2.04
198	9	8	11	12	0.136996	1.22
199	9	8	12	13	0.05048	2.17
200	9	8	13	14	0.02106	2.08
201	9	8	14	15	0.012864	2.23
202	9	8	15	16	0.007257	2.75
203	9	8	16	17	0.005443	2.82
204	9	8	17	18	0.004216	2.29
205	9	7	11	13	0.264715	1.46
206	9	7	13	15	0.05552	2.0
207	9	7	15	17	0.022182	2.21
208	9	7	17	19	0.013065	1.97
209	9	7	19	21	0.006706	2.69
210	9	7	21	23	0.005042	1.22
211	9	7	23	25	0.003622	2.43
212	9	7	25	27	0.002303	1.84
213	9	6	12	15	0.155683	2.04
214	9	6	15	18	0.038017	2.4
215	9	6	18	21	0.016117	2.52
216	9	6	21	24	0.009444	2.15
217	9	6	24	27	0.005482	1.4
218	9	6	27	30	0.003668	-2.79
219	9	6	33	36	0.001532	4.49
220	9	5	13	17	0.111603	2.04
221	9	5	17	21	0.031911	2.35
222	9	5	21	25	0.014955	1.67
223	9	5	25	29	0.007529	-2.15
224	9	5	33	37	0.002712	7.33
225	9	5	37	41	0.002187	5.12
226	9	5	41	45	0.001563	3.22
227	9	4	14	19	0.096484	2.03
228	9	4	19	24	0.027122	1.64
229	9	4	24	29	0.012598	-1.38
230	9	4	29	34	0.005535	7.12
231	9	4	34	39	0.003905	5.42
232	9	4	39	44	0.002819	6.64
233	9	4	44	49	0.001862	4.37
234	9	3	15	21	0.081796	2.27
235	9	3	21	27	0.025656	1.22
236	9	3	27	33	0.010136	2.21
237	9	3	33	39	0.005555	4.84
238	9	3	39	45	0.003779	6.92
239	9	3	45	51	0.002412	5.34
240	9	3	51	57	0.001709	5.34
241	9	3	57	63	0.001303	8.91
242	9	2	16	23	0.075596	2.39
243	9	2	23	30	0.023047	0.18
244	9	2	37	44	0.005628	3.82
245	9	2	44	51	0.003314	3.21
246	9	2	51	58	0.002283	6.84
247	9	2	58	65	0.001627	3.84
248	9	1	17	25	0.069489	2.29
249	9	1	25	33	0.01903	2.31
250	9	1	33	41	0.008721	5.19
251	9	1	41	49	0.005021	5.01
252	9	1	49	57	0.003125	7.35
253	9	1	57	65	0.002135	5.45
254	10	9	11	12	0.894952	0.46
255	10	9	12	13	0.175567	2.31
256	10	9	13	14	0.051782	1.97
257	10	9	14	15	0.025752	1.48
258	10	9	15	16	0.0128	1.54
259	10	9	16	17	0.009009	2.33
260	10	9	17	18	0.006676	2.17
261	10	9	18	19	0.004628	3.27
262	10	8	12	14	0.298782	2.1
263	10	8	14	16	0.058686	1.89
264	10	8	16	18	0.025335	2.34
265	10	8	18	20	0.012569	1.89
266	10	8	20	22	0.007412	2.39
267	10	8	22	24	0.005329	1.6
268	10	8	24	26	0.003549	2.31
269	10	8	26	28	0.002451	0.65
270	10	7	13	16	0.158374	1.81
271	10	7	16	19	0.043016	2.49
272	10	7	19	22	0.016653	2.19
273	10	7	22	25	0.010227	1.65
274	10	7	25	28	0.005546	1.27
275	10	7	28	31	0.003512	2.71
276	10	6	14	18	0.119024	2.1
277	10	6	18	22	0.031655	2.31
278	10	6	22	26	0.014911	2.75
279	10	6	26	30	0.007588	-0.39
280	10	6	34	38	0.002777	8.22
281	10	5	15	20	0.096583	1.97
282	10	5	20	25	0.028683	2.47
283	10	5	25	30	0.012208	-0.9
284	10	5	30	35	0.005166	13.11
285	10	5	35	40	0.003989	5.45
286	10	5	45	50	0.001815	8.52
287	10	5	50	55	0.001373	6.27
288	10	4	16	22	0.086544	2.01
289	10	4	22	28	0.025971	1.23
290	10	4	28	34	0.009618	5.49
291	10	4	34	40	0.005774	5.75
292	10	4	40	46	0.003704	7.74
293	10	4	46	52	0.002346	5.52
294	10	3	17	24	0.078177	2.13
295	10	3	24	31	0.022416	1.06
296	10	3	31	38	0.008457	6.78
297	10	3	38	45	0.00565	5.35
298	10	3	45	52	0.003258	4.43
299	10	3	52	59	0.002316	4.53
300	10	2	18	26	0.069928	1.95
301	10	2	26	34	0.018886	2.79
302	10	2	34	42	0.009059	4.08
303	10	2	50	58	0.003172	5.19
304	10	2	58	66	0.002101	4.57
305	10	1	19	28	0.063511	1.32
306	10	1	28	37	0.016858	5.12
307	10	1	37	46	0.00869	5.05
308	10	1	46	55	0.004654	4.25
309	10	1	55	64	0.002988	4.7
310	11	10	12	13	0.992129	2.69
311	11	10	13	14	0.149574	2.11
312	11	10	14	15	0.05274	1.64
313	11	10	15	16	0.02139	2.31
314	11	10	16	17	0.013681	2.46
315	11	10	17	18	0.009597	3.68
316	11	10	18	19	0.006326	2.31
317	11	10	19	20	0.003819	5.45
318	11	9	13	15	0.279719	1.84
319	11	9	15	17	0.056887	2.08
320	11	9	17	19	0.027281	2.17
321	11	9	19	21	0.012064	2.35
322	11	9	21	23	0.008169	1.48
323	11	9	23	25	0.005487	2.42
324	11	9	25	27	0.003329	1.77
325	11	8	14	17	0.160907	1.6
326	11	8	17	20	0.043277	2.44
327	11	8	20	23	0.01784	2.37
328	11	8	23	26	0.00985	2.07
329	11	8	26	29	0.005685	-2.21
330	11	8	32	35	0.002037	10.41
331	11	8	35	38	0.001735	7.86
332	11	7	15	19	0.119391	1.95
333	11	7	19	23	0.032024	2.25
334	11	7	23	27	0.014766	1.83
335	11	7	27	31	0.007463	2.35
336	11	7	31	35	0.003592	8.97
337	11	7	35	39	0.002958	7.54
338	11	7	39	43	0.002201	7.59
339	11	6	16	21	0.100254	2.46
340	11	6	21	26	0.028959	1.84
341	11	6	26	31	0.011681	1.08
342	11	6	31	36	0.005139	6.58
343	11	6	36	41	0.003993	7.47
344	11	6	41	46	0.002592	3.34
345	11	6	46	51	0.001737	6.79
346	11	6	51	56	0.001334	9.23
347	11	5	17	23	0.08806	2.08
348	11	5	23	29	0.025348	-0.6
349	11	5	29	35	0.008918	10.14
350	11	5	35	41	0.005797	4.47
351	11	5	41	47	0.003529	3.51
352	11	5	47	53	0.002317	2.0
353	11	5	59	65	0.001212	2.64
354	11	4	18	25	0.077611	1.84
355	11	4	25	32	0.021071	2.1
356	11	4	32	39	0.008747	5.52
357	11	4	39	46	0.005469	4.21
358	11	4	60	67	0.001513	-0.09
359	11	3	19	27	0.069082	1.48
360	11	3	27	35	0.018454	3.03
361	11	3	35	43	0.009146	4.94
362	11	3	43	51	0.004857	9.57
363	11	3	59	67	0.002041	-0.95
364	11	2	20	29	0.065722	0.77
365	11	2	29	38	0.016302	8.46
366	11	2	38	47	0.008689	5.13
367	11	2	47	56	0.004668	6.68
368	11	2	56	65	0.002959	4.74
369	11	1	21	31	0.061165	1.36
370	11	1	31	41	0.015697	6.21
371	11	1	41	51	0.007877	8.22
372	11	1	51	61	0.00452	1.92
373	11	1	61	71	0.002571	9.35
374	12	11	13	14	0.784287	2.06
375	12	11	14	15	0.144686	1.78
376	12	11	15	16	0.0407	2.03
377	12	11	16	17	0.022383	1.81
378	12	11	17	18	0.014396	3.25
379	12	11	18	19	0.008955	1.22
380	12	11	19	20	0.00512	3.22
381	12	11	20	21	0.003767	2.55
382	12	10	14	16	0.259478	1.77
383	12	10	16	18	0.060123	2.06
384	12	10	18	20	0.024257	2.23
385	12	10	20	22	0.012136	1.41
386	12	10	22	24	0.007951	3.24
387	12	10	24	26	0.004953	0.48
388	12	10	26	28	0.003267	-0.54
389	12	10	28	30	0.002412	-1.86
390	12	9	15	18	0.150617	1.97
391	12	9	18	21	0.040921	2.19
392	12	9	21	24	0.018468	2.29
393	12	9	24	27	0.009388	1.24
394	12	9	27	30	0.00571	-2.22
395	12	9	33	36	0.002118	8.62
396	12	9	36	39	0.001821	7.77
397	12	8	16	20	0.122261	2.16
398	12	8	20	24	0.032932	2.35
399	12	8	24	28	0.01423	0.48
400	12	8	28	32	0.006677	5.59
401	12	8	32	36	0.003652	5.73
402	12	8	36	40	0.002989	4.25
403	12	8	40	44	0.002099	5.22
404	12	8	44	48	0.001426	6.54
405	12	7	17	22	0.101509	2.27
406	12	7	22	27	0.028734	1.68
407	12	7	27	32	0.011191	2.59
408	12	7	32	37	0.005426	5.7
409	12	7	37	42	0.003983	6.3
410	12	7	42	47	0.00252	3.33
411	12	7	47	52	0.001736	4.38
412	12	7	52	57	0.001336	2.4
413	12	6	18	24	0.084929	2.25
414	12	6	24	30	0.024262	-0.33
415	12	6	36	42	0.00574	5.61
416	12	6	42	48	0.003345	3.41
417	12	6	48	54	0.002262	6.93
418	12	6	54	60	0.001625	4.46
419	12	6	60	66	0.001153	2.88
420	12	5	19	26	0.074659	1.92
421	12	5	26	33	0.019973	2.56
422	12	5	33	40	0.008916	5.66
423	12	5	40	47	0.005188	5.21
424	12	5	47	54	0.003143	6.45
425	12	5	54	61	0.002185	4.92
426	12	5	61	68	0.001436	5.97
427	12	4	20	28	0.070089	1.36
428	12	4	36	44	0.009093	4.65
429	12	4	44	52	0.004691	5.4
430	12	4	52	60	0.003096	5.78
431	12	4	60	68	0.001942	6.33
432	12	3	21	30	0.06585	1.05
433	12	3	30	39	0.015692	8.8
434	12	3	39	48	0.008391	3.94
435	12	3	48	57	0.004576	2.78
436	12	3	57	66	0.002864	2.58
437	12	2	22	32	0.059756	2.08
438	12	2	32	42	0.016025	5.58
439	12	2	42	52	0.007692	5.91
440	12	2	62	72	0.002491	8.23
441	12	1	23	34	0.053732	1.81
442	12	1	34	45	0.016115	4.4
443	12	1	45	56	0.007315	4.29
444	12	1	56	67	0.00415	2.62
445	13	12	14	15	0.932414	1.8
446	13	12	15	16	0.122318	2.31
447	13	12	16	17	0.049351	1.81
448	13	12	17	18	0.027583	2.43
449	13	12	18	19	0.015694	1.77
450	13	12	19	20	0.008371	2.34
451	13	12	20	21	0.005783	1.19
452	13	12	21	22	0.004372	2.04
453	13	11	15	17	0.234726	2.15
454	13	11	17	19	0.066675	2.13
455	13	11	19	21	0.02307	2.35
456	13	11	21	23	0.013269	2.19
457	13	11	23	25	0.00812	1.19
458	13	11	25	27	0.004585	1.2
459	13	10	16	19	0.168068	2.06
460	13	10	19	22	0.039697	2.13
461	13	10	22	25	0.019015	1.95
462	13	10	25	28	0.008965	0.22
463	13	10	28	31	0.005153	1.81
464	13	10	31	34	0.002644	7.95
465	13	10	34	37	0.002241	4.29
466	13	9	17	21	0.129041	1.95
467	13	9	21	25	0.035071	1.91
468	13	9	25	29	0.014023	-3.22
469	13	9	33	37	0.003963	6.44
470	13	9	37	41	0.003024	3.58
471	13	8	18	23	0.101602	2.19
472	13	8	23	28	0.028479	0.92
473	13	8	28	33	0.01039	6.07
474	13	8	33	38	0.005669	6.54
475	13	8	38	43	0.004031	4.33
476	13	8	43	48	0.002456	4.84
477	13	8	48	53	0.001755	6.31
478	13	7	19	25	0.085591	2.16
479	13	7	25	31	0.023235	1.52
480	13	7	31	37	0.008592	8.75
481	13	7	37	43	0.005797	6.15
482	13	7	43	49	0.003361	3.5
483	13	7	49	55	0.002273	7.05
484	13	7	55	61	0.001653	5.42
485	13	7	61	67	0.00114	8.97
486	13	6	20	27	0.076916	1.95
487	13	6	34	41	0.009089	5.43
488	13	6	41	48	0.00502	3.9
489	13	6	48	55	0.003086	5.78
490	13	6	55	62	0.00212	7.86
491	13	6	62	69	0.001356	6.29
492	13	5	21	29	0.071594	0.52
493	13	5	29	37	0.01662	9.04
494	13	5	37	45	0.008894	4.2
495	13	5	45	53	0.004643	2.25
496	13	5	53	61	0.003005	1.6
497	13	4	22	31	0.065238	1.68
498	13	4	31	40	0.016014	7.0
499	13	4	40	49	0.008185	4.72
500	13	4	49	58	0.004516	5.29
501	13	4	58	67	0.00278	2.83
502	13	3	23	33	0.058021	2.1
503	13	3	33	43	0.016478	5.24
504	13	3	43	53	0.007597	5.15
505	13	3	53	63	0.004387	6.35
506	13	2	24	35	0.052557	2.66
507	13	2	35	46	0.01627	4.47
508	13	2	46	57	0.007273	5.28
509	13	2	57	68	0.004054	6.31
510	14	13	15	16	0.622741	2.69
511	14	13	16	17	0.127841	1.8
512	14	13	17	18	0.054484	2.06
513	14	13	18	19	0.026934	1.69
514	14	13	19	20	0.013048	2.23
515	14	13	20	21	0.008243	2.25
516	14	13	21	22	0.00588	1.16
517	14	13	22	23	0.004412	2.23
518	14	12	16	18	0.259207	1.95
519	14	12	18	20	0.064092	1.89
520	14	12	20	22	0.02429	1.56
521	14	12	22	24	0.013709	1.88
522	14	12	24	26	0.007772	0.2
523	14	12	26	28	0.004777	-1.4
524	14	11	17	20	0.174624	2.11
525	14	11	20	23	0.041377	2.22
526	14	11	23	26	0.018126	1.54
527	14	11	26	29	0.009085	-3.9
528	14	11	32	35	0.002727	10.19
529	14	11	35	38	0.002261	7.81
530	14	11	38	41	0.001812	4.28
531	14	10	18	22	0.124814	2.03
532	14	10	22	26	0.034407	1.78
533	14	10	26	30	0.013838	-1.91
534	14	10	34	38	0.004031	5.85
535	14	10	38	42	0.002985	3.75
536	14	10	42	46	0.001958	3.36
537	14	10	46	50	0.001397	7.98
538	14	9	19	24	0.098863	1.94
539	14	9	24	29	0.027998	-1.24
540	14	9	29	34	0.009468	12.16
541	14	9	34	39	0.005934	6.15
542	14	9	39	44	0.00392	4.51
543	14	9	44	49	0.002427	4.11
544	14	9	49	54	0.001726	7.79
545	14	9	54	59	0.001302	2.58
546	14	8	20	26	0.087203	2.06
547	14	8	26	32	0.022273	2.49
548	14	8	32	38	0.008816	7.11
549	14	8	38	44	0.005746	5.45
550	14	8	44	50	0.003257	4.41
551	14	8	56	62	0.001622	4.98
552	14	8	62	68	0.001081	6.51
553	14	7	21	28	0.078641	1.4
554	14	7	28	35	0.018351	5.58
555	14	7	35	42	0.009287	5.93
556	14	7	42	49	0.004952	6.39
557	14	7	49	56	0.003075	7.21
558	14	7	63	70	0.001328	5.42
559	14	6	22	30	0.070752	0.65
560	14	6	38	46	0.008697	3.78
561	14	6	62	70	0.001763	0.43
562	14	5	23	32	0.062265	1.69
563	14	5	32	41	0.016248	5.91
564	14	5	41	50	0.007904	4.96
565	14	5	50	59	0.004408	6.15
566	14	5	59	68	0.002653	4.33
567	14	4	34	44	0.016609	4.37
568	14	4	44	54	0.007422	4.59
569	14	4	54	64	0.004268	4.56
570	14	3	25	36	0.050017	2.75
571	14	3	36	47	0.016177	4.12
572	14	3	47	58	0.007216	5.15
573	14	3	58	69	0.003938	3.51
574	15	14	16	17	0.954332	2.19
575	15	14	17	18	0.194083	2.19
576	15	14	18	19	0.071856	1.84
577	15	14	19	20	0.029719	2.33
578	15	14	20	21	0.016357	2.17
579	15	14	21	22	0.010566	2.4
580	15	14	22	23	0.007458	1.56
581	15	14	23	24	0.005194	1.84
582	15	13	17	19	0.347206	2.07
583	15	13	19	21	0.067386	2.04
584	15	13	21	23	0.028342	2.25
585	15	13	23	25	0.014913	1.62
586	15	13	25	27	0.007591	1.86
587	15	13	27	29	0.005272	-6.46
588	15	13	31	33	0.001749	13.2
589	15	12	18	21	0.195984	1.98
590	15	12	21	24	0.04722	2.08
591	15	12	24	27	0.018795	1.24
592	15	12	27	30	0.00977	-2.82
593	15	12	33	36	0.003056	7.59
594	15	12	39	42	0.001883	2.81
595	15	11	19	23	0.132047	2.08
596	15	11	23	27	0.035244	1.42
597	15	11	27	31	0.013769	1.22
598	15	11	31	35	0.005653	10.96
599	15	11	35	39	0.004329	4.21
600	15	11	39	43	0.003036	7.11
601	15	11	43	47	0.001963	6.07
602	15	10	20	25	0.109254	2.01
603	15	10	25	30	0.02775	-0.72
604	15	10	35	40	0.006242	6.51
605	15	10	40	45	0.003873	5.25
606	15	10	45	50	0.002415	2.61
607	15	10	50	55	0.001758	3.65
608	15	9	21	27	0.093859	1.71
609	15	9	27	33	0.022177	3.15
610	15	9	33	39	0.009575	6.33
611	15	9	39	45	0.005765	5.52
612	15	9	45	51	0.003303	6.72
613	15	9	57	63	0.001638	6.0
614	15	9	63	69	0.001065	3.84
615	15	8	22	29	0.082316	0.63
616	15	8	36	43	0.009605	4.12
617	15	8	43	50	0.004932	4.54
618	15	8	50	57	0.003102	3.53
619	15	8	57	64	0.00211	3.06
620	15	8	64	71	0.001318	-0.83
621	15	7	23	31	0.071266	1.48
622	15	7	31	39	0.016578	7.61
623	15	7	39	47	0.008701	4.14
624	15	7	47	55	0.00463	4.86
625	15	7	55	63	0.00294	5.37
626	15	7	63	71	0.001759	2.59
627	15	6	24	33	0.0614	2.21
628	15	6	33	42	0.016943	5.55
629	15	6	42	51	0.007807	6.01
630	15	6	51	60	0.004384	4.43
631	15	6	60	69	0.002583	7.59
632	15	5	35	45	0.016864	4.8
633	15	5	45	55	0.007394	5.16
634	15	5	55	65	0.004185	4.29
635	15	4	26	37	0.050401	3.33
636	15	4	37	48	0.016118	4.84
637	15	4	48	59	0.007234	5.35
638	15	4	59	70	0.003861	5.21
639	16	15	17	18	0.951992	2.07
640	16	15	18	19	0.188319	1.72
641	16	15	19	20	0.061931	2.16
642	16	15	20	21	0.028931	2.39
643	16	15	21	22	0.016571	2.08
644	16	15	22	23	0.010835	2.34
645	16	15	23	24	0.00715	2.01
646	16	15	24	25	0.005173	3.29
647	16	14	18	20	0.351674	1.78
648	16	14	20	22	0.072457	2.07
649	16	14	22	24	0.03067	1.81
650	16	14	24	26	0.014956	1.6
651	16	14	26	28	0.008155	0.29
652	16	14	28	30	0.005309	-3.42
653	16	13	19	22	0.191268	1.95
654	16	13	22	25	0.050042	1.91
655	16	13	25	28	0.018267	-0.12
656	16	13	28	31	0.008948	2.69
657	16	13	34	37	0.003301	8.64
658	16	13	37	40	0.002556	8.46
659	16	12	20	24	0.141136	2.01
660	16	12	24	28	0.035691	0.69
661	16	12	28	32	0.01289	5.12
662	16	12	32	36	0.006065	7.83
663	16	12	36	40	0.004598	7.0
664	16	12	40	44	0.003018	4.63
665	16	12	44	48	0.00196	7.46
666	16	12	48	52	0.00143	6.76
667	16	11	21	26	0.11449	1.89
668	16	11	26	31	0.027275	1.12
669	16	11	36	41	0.006437	6.15
670	16	11	41	46	0.003822	5.28
671	16	11	46	51	0.002425	17.16
672	16	11	56	61	0.001306	8.55
673	16	10	22	28	0.09625	1.48
674	16	10	28	34	0.020891	5.94
675	16	10	34	40	0.009992	5.45
676	16	10	40	46	0.005621	5.21
677	16	10	46	52	0.00323	4.83
678	16	10	52	58	0.002299	3.87
679	16	10	58	64	0.001595	0.3
680	16	9	23	30	0.082515	0.17
681	16	9	37	44	0.009631	6.13
682	16	9	44	51	0.004888	7.46
683	16	9	58	65	0.002089	1.83
684	16	9	65	72	0.001284	1.97
685	16	8	24	32	0.069481	1.68
686	16	8	32	40	0.017344	6.46
687	16	8	40	48	0.008531	4.98
688	16	8	48	56	0.004611	5.04
689	16	8	56	64	0.002903	5.13
690	16	8	64	72	0.001701	-1.23
691	16	7	34	43	0.017593	4.75
692	16	7	43	52	0.007708	4.47
693	16	7	52	61	0.004495	10.04
694	16	6	26	36	0.053393	3.15
695	16	6	36	46	0.016906	3.92
696	16	6	56	66	0.004091	3.15
697	16	5	27	38	0.049698	3.68
698	16	5	38	49	0.01607	3.62
699	16	5	49	60	0.007118	4.96
700	16	5	60	71	0.003726	1.67
701	17	16	18	19	0.886392	1.36
702	17	16	19	20	0.165669	1.94
703	17	16	20	21	0.060307	1.97
704	17	16	21	22	0.029479	1.71
705	17	16	22	23	0.017494	2.47
706	17	16	23	24	0.010837	2.29
707	17	16	24	25	0.007514	2.37
708	17	16	25	26	0.004492	1.6
709	17	15	19	21	0.316687	2.01
710	17	15	21	23	0.074441	2.01
711	17	15	23	25	0.03072	1.81
712	17	15	25	27	0.013501	1.59
713	17	15	31	33	0.002423	12.04
714	17	14	20	23	0.198017	2.06
715	17	14	23	26	0.050214	1.6
716	17	14	26	29	0.019214	-3.01
717	17	14	32	35	0.004487	9.27
718	17	14	38	41	0.002724	4.26
719	17	14	41	44	0.001891	5.79
720	17	13	21	25	0.148404	2.01
721	17	13	25	29	0.034821	-1.35
722	17	13	29	33	0.011569	15.6
723	17	13	33	37	0.00664	9.25
724	17	13	37	41	0.004666	10.17
725	17	13	41	45	0.003011	9.52
726	17	12	22	27	0.117737	1.84
727	17	12	27	32	0.02678	2.67
728	17	12	32	37	0.010098	7.14
729	17	12	37	42	0.006589	5.46
730	17	12	42	47	0.003822	3.75
731	17	12	47	52	0.002454	2.52
732	17	12	52	57	0.00182	2.94
733	17	12	57	62	0.001346	2.52
734	17	11	23	29	0.096618	0.09
735	17	11	29	35	0.01959	12.43
736	17	11	35	41	0.010368	5.47
737	17	11	41	47	0.00556	5.54
738	17	11	47	53	0.003323	2.25
739	17	11	59	65	0.00157	0.92
740	17	11	65	71	0.001023	2.94
741	17	10	24	31	0.080507	1.33
742	17	10	31	38	0.017648	9.0
743	17	10	38	45	0.009706	5.35
744	17	10	45	52	0.004832	7.25
745	17	10	52	59	0.003158	6.81
746	17	10	59	66	0.00203	3.34
747	17	9	33	41	0.01833	5.83
748	17	9	41	49	0.008542	5.43
749	17	9	49	57	0.004635	4.49
750	17	9	57	65	0.002902	4.98
751	17	8	35	44	0.017989	5.04
752	17	8	44	53	0.007724	5.03
753	17	8	53	62	0.004429	4.92
754	17	7	27	37	0.053486	3.99
755	17	7	37	47	0.016929	5.12
756	17	7	47	57	0.007372	4.95
757	17	7	57	67	0.004083	4.47
758	17	6	28	39	0.048426	6.09
759	17	6	39	50	0.015748	4.21
760	17	6	50	61	0.007089	6.66
761	17	6	61	72	0.003595	3.33
762	18	17	19	20	0.876244	2.08
763	18	17	20	21	0.178208	2.19
764	18	17	21	22	0.06452	1.89
765	18	17	22	23	0.032716	2.49
766	18	17	23	24	0.018449	1.86
767	18	17	24	25	0.012002	2.22
768	18	17	25	26	0.006873	1.29
769	18	17	26	27	0.004745	4.32
770	18	16	20	22	0.332415	2.06
771	18	16	22	24	0.079521	2.07
772	18	16	24	26	0.030905	1.52
773	18	16	26	28	0.01442	-0.06
774	18	16	28	30	0.00847	-2.58
775	18	16	32	34	0.002664	11.83
776	18	16	34	36	0.002247	10.15
777	18	15	21	24	0.208056	1.95
778	18	15	24	27	0.049874	1.52
779	18	15	27	30	0.019733	-2.64
780	18	15	36	39	0.003785	7.21
781	18	15	39	42	0.002723	3.0
782	18	15	42	45	0.001887	7.83
783	18	14	22	26	0.156035	1.89
784	18	14	26	30	0.036396	-1.23
785	18	14	34	38	0.007202	7.27
786	18	14	38	42	0.00495	5.91
787	18	14	42	46	0.003055	5.59
788	18	14	46	50	0.002038	8.05
789	18	14	50	54	0.001519	8.34
790	18	13	23	28	0.120135	1.16
791	18	13	33	38	0.010894	7.51
792	18	13	38	43	0.006871	4.91
793	18	13	43	48	0.003803	4.57
794	18	13	48	53	0.002548	3.84
795	18	13	53	58	0.001831	3.6
796	18	12	24	30	0.098163	0.11
797	18	12	36	42	0.010971	4.14
798	18	12	42	48	0.005622	3.58
799	18	11	25	32	0.077493	1.95
800	18	11	32	39	0.018973	7.27
801	18	11	39	46	0.009707	6.55
802	18	11	46	53	0.004971	6.31
803	18	11	53	60	0.003172	5.83
804	18	11	60	67	0.002033	1.26
805	18	10	34	42	0.019194	5.46
806	18	10	42	50	0.008478	3.17
807	18	10	50	58	0.004679	0.24
808	18	10	58	66	0.002849	-0.17
809	18	9	36	45	0.018576	5.01
810	18	9	45	54	0.00784	4.59
811	18	9	54	63	0.004474	4.6
812	18	9	63	72	0.002465	4.56
813	18	8	28	38	0.052384	6.03
814	18	8	38	48	0.017198	4.41
815	18	8	48	58	0.007501	3.69
816	18	8	58	68	0.004059	3.85
817	19	18	20	21	1.003306	2.0
818	19	18	21	22	0.184221	1.97
819	19	18	22	23	0.067931	2.1
820	19	18	23	24	0.032635	1.59
821	19	18	24	25	0.019243	1.36
822	19	18	25	26	0.010236	1.09
823	19	18	26	27	0.006725	1.5
824	19	18	27	28	0.004944	-2.33
825	19	17	21	23	0.349233	1.97
826	19	17	23	25	0.082364	1.6
827	19	17	25	27	0.028599	1.62
828	19	17	27	29	0.015084	-5.28
829	19	17	31	33	0.00368	15.5
830	19	17	33	35	0.002927	9.96
831	19	17	35	37	0.002432	7.44
832	19	16	22	25	0.218788	1.91
833	19	16	25	28	0.047744	0.68
834	19	16	28	31	0.018151	3.5
835	19	16	31	34	0.007111	13.25
836	19	16	34	37	0.005325	8.4
837	19	16	37	40	0.003886	6.88
838	19	16	40	43	0.00272	6.44
839	19	15	23	27	0.155135	1.62
840	19	15	27	31	0.035126	1.05
841	19	15	31	35	0.011106	12.15
842	19	15	35	39	0.007575	6.24
843	19	15	39	43	0.004882	4.44
844	19	14	24	29	0.121132	-0.06
845	19	14	29	34	0.023531	13.77
846	19	14	34	39	0.011771	6.23
847	19	14	39	44	0.006897	4.02
848	19	14	44	49	0.003867	3.18
849	19	14	49	54	0.002584	5.54
850	19	14	54	59	0.001867	8.1
851	19	14	59	64	0.001358	3.99
852	19	13	25	31	0.093076	1.27
853	19	13	31	37	0.019918	9.72
854	19	13	37	43	0.011074	6.07
855	19	13	43	49	0.005589	3.72
856	19	13	49	55	0.003452	4.8
857	19	13	55	61	0.002362	8.38
858	19	12	26	33	0.076783	2.75
859	19	12	33	40	0.020373	6.44
860	19	12	40	47	0.00965	5.05
861	19	12	47	54	0.005064	5.55
862	19	12	54	61	0.003241	4.7
863	19	12	61	68	0.001987	4.05
864	19	11	35	43	0.019855	5.37
865	19	11	59	67	0.00285	1.67
866	19	10	28	37	0.057101	5.94
867	19	10	37	46	0.018534	4.47
868	19	10	46	55	0.007866	2.91
869	19	10	55	64	0.004414	1.64
870	19	9	39	49	0.017153	4.28
871	19	9	49	59	0.007517	5.54
872	19	9	59	69	0.004013	4.86
873	20	19	21	22	0.97761	2.08
874	20	19	22	23	0.180367	2.21
875	20	19	23	24	0.06412	1.69
876	20	19	24	25	0.032444	1.74
877	20	19	25	26	0.015631	0.98
878	20	19	26	27	0.009499	1.62
879	20	19	27	28	0.006557	-1.88
880	20	18	22	24	0.344885	2.01
881	20	18	24	26	0.077586	1.52
882	20	18	26	28	0.027765	0.32
883	20	18	28	30	0.013823	-3.01
884	20	18	32	34	0.003625	10.44
885	20	18	34	36	0.002939	6.71
886	20	18	36	38	0.002365	6.15
887	20	17	23	26	0.211615	1.59
888	20	17	26	29	0.047169	-1.95
889	20	17	29	32	0.015235	15.06
890	20	17	32	35	0.007327	9.45
891	20	17	35	38	0.005333	7.33
892	20	17	38	41	0.003878	3.57
893	20	17	41	44	0.002606	5.5
894	20	17	44	47	0.001758	2.19
895	20	16	24	28	0.150624	1.14
896	20	16	32	36	0.01149	9.17
897	20	16	36	40	0.007755	6.62
898	20	16	40	44	0.004711	5.64
899	20	16	44	48	0.002852	4.02
900	20	16	48	52	0.00199	7.41
901	20	15	25	30	0.112306	-0.06
902	20	15	35	40	0.011945	6.76
903	20	15	40	45	0.006584	5.25
904	20	15	45	50	0.003743	6.72
905	20	15	50	55	0.002537	5.96
906	20	15	55	60	0.001806	3.51
907	20	15	60	65	0.00129	9.66
908	20	14	26	32	0.089566	2.31
909	20	14	32	38	0.020725	8.23
910	20	14	38	44	0.01114	5.8
911	20	14	44	50	0.005504	5.54
912	20	14	50	56	0.003432	4.57
913	20	14	56	62	0.002367	6.84
914	20	14	62	68	0.001503	-0.55
915	20	13	34	41	0.020956	6.55
916	20	13	41	48	0.009402	4.4
917	20	13	48	55	0.00505	4.57
918	20	13	55	62	0.00318	4.29
919	20	12	28	36	0.061861	6.27
920	20	12	36	44	0.020125	5.78
921	20	12	44	52	0.008282	4.57
922	20	12	52	60	0.004789	5.24
923	20	12	60	68	0.002773	4.37
924	20	11	38	47	0.018416	5.12
925	20	11	47	56	0.007801	5.87
926	20	11	56	65	0.004357	5.49
927	20	10	40	50	0.016657	5.15
928	20	10	50	60	0.007454	5.5
929	20	10	60	70	0.003872	2.67
930	21	20	22	23	1.125988	1.97
931	21	20	23	24	0.2077	1.8
932	21	20	24	25	0.079618	1.89
933	21	20	25	26	0.033278	1.56
934	21	20	26	27	0.018285	2.22
935	21	20	27	28	0.011584	-0.45
936	21	19	23	25	0.383764	1.75
937	21	19	25	27	0.076754	1.81
938	21	19	27	29	0.03015	-4.23
939	21	19	31	33	0.00549	15.08
940	21	19	33	35	0.004105	9.78
941	21	19	35	37	0.003245	6.48
942	21	19	37	39	0.002463	9.68
943	21	18	24	27	0.224958	1.71
944	21	18	27	30	0.049419	-2.22
945	21	18	33	36	0.008015	9.88
946	21	18	36	39	0.005726	6.87
947	21	18	39	42	0.003883	10.43
948	21	18	45	48	0.001722	4.8
949	21	17	25	29	0.150537	-0.14
950	21	17	29	33	0.028737	14.45
951	21	17	33	37	0.012759	7.35
952	21	17	37	41	0.007943	6.4
953	21	17	41	45	0.004702	4.56
954	21	17	45	49	0.002912	6.03
955	21	17	53	57	0.001511	2.17
956	21	16	26	31	0.114536	1.5
957	21	16	31	36	0.022079	12.06
958	21	16	36	41	0.012601	6.44
959	21	16	41	46	0.006595	5.76
960	21	16	46	51	0.003804	6.46
961	21	15	33	39	0.022438	7.44
962	21	15	39	45	0.011059	5.31
963	21	15	57	63	0.002355	6.71
964	21	15	63	69	0.001485	9.92
965	21	14	28	35	0.071737	6.06
966	21	14	35	42	0.022062	5.76
967	21	14	42	49	0.009477	4.95
968	21	14	49	56	0.0051	4.91
969	21	14	56	63	0.003235	4.56
970	21	14	63	70	0.001915	2.13
971	21	13	29	37	0.059688	12.54
972	21	13	37	45	0.02037	5.47
973	21	13	45	53	0.008421	5.03
974	21	13	53	61	0.004797	6.04
975	21	13	61	69	0.002742	2.62
976	21	12	39	48	0.018474	4.12
977	21	12	48	57	0.007959	3.42
978	21	12	57	66	0.004377	1.24
979	21	11	61	71	0.003813	4.51
980	22	21	23	24	1.138383	1.62
981	22	21	24	25	0.223579	2.07
982	22	21	25	26	0.072934	1.74
983	22	21	26	27	0.03498	2.78
984	22	21	27	28	0.019945	-0.57
985	22	20	24	26	0.409043	1.94
986	22	20	26	28	0.08485	1.23
987	22	20	32	34	0.006377	12.83
988	22	20	34	36	0.00483	9.55
989	22	20	38	40	0.002897	6.81
990	22	19	25	28	0.222606	1.42
991	22	19	28	31	0.047516	2.71
992	22	19	31	34	0.013869	15.27
993	22	19	34	37	0.009096	8.05
994	22	19	37	40	0.006069	7.57
995	22	19	40	43	0.004	4.2
996	22	19	43	46	0.00259	4.19
997	22	18	26	30	0.158237	-0.06
998	22	18	34	38	0.013873	8.37
999	22	18	38	42	0.008383	6.75
1000	22	18	42	46	0.004745	5.8
1001	22	18	46	50	0.002952	2.23
1002	22	18	50	54	0.002114	3.31
1003	22	18	54	58	0.001552	3.18
1004	22	17	32	37	0.024474	9.4
1005	22	17	37	42	0.013098	6.51
1006	22	17	42	47	0.006662	5.24
1007	22	17	47	52	0.003876	6.42
1008	22	17	52	57	0.002698	4.92
1009	22	17	57	62	0.001925	3.39
1010	22	16	34	40	0.024425	6.69
1011	22	16	40	46	0.011196	4.05
1012	22	16	46	52	0.005603	5.13
1013	22	16	52	58	0.003632	5.71
1014	22	16	64	70	0.001495	6.75
1015	22	15	29	36	0.068702	13.04
1016	22	15	36	43	0.023213	6.15
1017	22	15	43	50	0.009504	5.79
1018	22	15	50	57	0.00522	5.78
1019	22	15	57	64	0.003261	7.46
1020	22	15	64	71	0.001928	1.84
1021	22	14	38	46	0.021206	4.59
1022	22	14	46	54	0.008682	4.98
1023	22	14	54	62	0.004918	3.96
1024	22	14	62	70	0.00274	2.13
1025	22	13	31	40	0.055447	10.05
1026	22	13	40	49	0.018688	4.91
1027	22	13	49	58	0.008114	5.75
1028	22	13	58	67	0.004407	4.6
1029	22	12	32	42	0.054215	8.02
1030	22	12	42	52	0.01686	5.12
1031	22	12	52	62	0.007806	5.32
1032	22	12	62	72	0.003812	3.84
1033	23	22	24	25	1.265499	2.22
1034	23	22	25	26	0.209572	2.11
1035	23	22	26	27	0.07765	2.9
1036	23	22	27	28	0.037517	0.0
1037	23	22	29	30	0.011894	6.84
1038	23	22	31	32	0.003557	23.4
1039	23	21	25	27	0.393754	2.25
1040	23	21	27	29	0.08918	-2.47
1041	23	21	29	31	0.028682	12.78
1042	23	21	33	35	0.007307	12.69
1043	23	21	35	37	0.005454	8.1
1044	23	21	37	39	0.004013	11.22
1045	23	21	39	41	0.00301	8.96
1046	23	20	26	29	0.238589	0.2
1047	23	20	29	32	0.044166	14.25
1048	23	20	32	35	0.015781	11.52
1049	23	20	35	38	0.010149	9.02
1050	23	20	38	41	0.006767	5.62
1051	23	20	41	44	0.00426	4.12
1052	23	19	27	31	0.160127	1.12
1053	23	19	35	39	0.015233	7.8
1054	23	19	39	43	0.008667	5.8
1055	23	19	43	47	0.004778	5.25
1056	23	18	33	38	0.026902	8.49
1057	23	18	38	43	0.013802	5.24
1058	23	18	43	48	0.006692	5.82
1059	23	18	48	53	0.004074	2.98
1060	23	18	63	68	0.001269	2.27
1061	23	17	29	35	0.082458	13.32
1062	23	17	35	41	0.026192	7.26
1063	23	17	41	47	0.011397	6.27
1064	23	17	47	53	0.005903	7.51
1065	23	17	59	65	0.002441	10.38
1066	23	16	37	44	0.023987	7.26
1067	23	16	44	51	0.009753	9.92
1068	23	16	51	58	0.005413	5.15
1069	23	16	58	65	0.003321	9.93
1070	23	16	65	72	0.001978	11.62
1071	23	15	39	47	0.021372	7.27
1072	23	14	32	41	0.060015	8.48
1073	23	14	41	50	0.019008	4.3
1074	23	14	50	59	0.008348	4.89
1075	23	14	59	68	0.004437	4.51
1076	24	23	25	26	1.103558	2.27
1077	24	23	26	27	0.214476	3.24
1078	24	23	27	28	0.077101	0.22
1079	24	23	29	30	0.018807	4.33
1080	24	23	30	31	0.008175	24.9
1081	24	23	31	32	0.004852	18.87
1082	24	23	32	33	0.003394	15.5
1083	24	22	26	28	0.40608	2.31
1084	24	22	30	32	0.02215	24.64
1085	24	22	34	36	0.007761	10.19
1086	24	22	36	38	0.005625	9.02
1087	24	22	38	40	0.004226	6.12
1088	24	22	40	42	0.002959	12.75
1089	24	21	27	30	0.239043	-0.66
1090	24	21	30	33	0.036491	22.2
1091	24	21	33	36	0.017237	10.56
1092	24	21	36	39	0.010918	7.7
1093	24	21	39	42	0.006826	8.1
1094	24	21	42	45	0.004259	7.3
1095	24	21	45	48	0.002763	4.04
1096	24	20	32	36	0.030088	11.01
1097	24	20	36	40	0.016533	8.02
1098	24	20	40	44	0.008874	6.57
1099	24	20	44	48	0.00492	5.8
1100	24	20	48	52	0.003219	6.93
1101	24	20	52	56	0.00237	4.04
1102	24	20	56	60	0.001715	5.28
1103	24	19	29	34	0.101384	13.46
1104	24	19	34	39	0.029123	8.08
1105	24	19	39	44	0.013889	6.57
1106	24	19	44	49	0.006805	5.45
1107	24	19	49	54	0.004135	4.79
1108	24	19	54	59	0.002804	3.79
1109	24	19	59	64	0.001963	4.49
1110	24	19	64	69	0.0013	0.98
1111	24	18	36	42	0.027397	7.2
1112	24	18	42	48	0.011335	5.85
1113	24	18	48	54	0.006006	6.18
1114	24	18	54	60	0.003775	6.76
1115	24	18	60	66	0.002395	7.7
1116	24	18	66	72	0.001516	9.71
1117	24	17	38	45	0.024742	5.78
1118	24	17	45	52	0.009786	4.96
1119	24	17	52	59	0.005609	3.75
1120	24	16	32	40	0.065862	9.64
1121	24	16	40	48	0.021398	5.45
1122	24	16	48	56	0.00915	4.67
1123	24	16	56	64	0.005069	6.17
1124	24	15	33	42	0.063993	8.19
1125	24	15	42	51	0.019041	6.0
1126	24	15	51	60	0.008608	5.55
1127	24	15	60	69	0.004445	7.57
1128	25	24	26	27	1.567528	3.85
1129	25	24	27	28	0.249787	0.87
1130	25	24	28	29	0.081363	-2.7
1131	25	24	29	30	0.036938	4.0
1132	25	24	31	32	0.007534	22.62
1133	25	24	33	34	0.003808	14.67
1134	25	23	27	29	0.442651	-0.29
1135	25	23	31	33	0.020723	19.12
1136	25	23	33	35	0.012082	12.06
1137	25	23	35	37	0.008241	8.97
1138	25	23	37	39	0.005672	11.27
1139	25	23	39	41	0.00408	13.27
1140	25	23	41	43	0.002914	10.38
1141	25	22	31	34	0.035818	17.0
1142	25	22	34	37	0.018681	9.04
1143	25	22	37	40	0.011053	8.83
1144	25	22	43	46	0.004126	7.62
1145	25	22	46	49	0.002758	6.71
1146	25	22	49	52	0.001972	9.17
1147	25	21	33	37	0.033159	10.27
1148	25	21	37	41	0.016837	8.42
1149	25	21	41	45	0.008884	7.61
1150	25	21	45	49	0.004986	7.54
1151	25	21	49	53	0.003299	8.29
1152	25	21	53	57	0.00235	10.57
1153	25	20	35	40	0.031256	8.08
1154	25	20	40	45	0.014067	7.1
1155	25	20	45	50	0.006962	6.01
1156	25	20	50	55	0.004331	5.64
1157	25	20	55	60	0.002918	7.43
1158	25	20	60	65	0.001986	3.21
1159	25	20	65	70	0.001326	9.64
1160	25	19	37	43	0.027928	7.54
1161	25	19	43	49	0.011354	5.46
1162	25	19	49	55	0.006114	5.43
1163	25	19	55	61	0.003845	2.83
1164	25	19	61	67	0.002384	-0.61
1165	25	18	32	39	0.072843	10.71
1166	25	18	39	46	0.024654	6.11
1167	25	18	46	53	0.009995	7.41
1168	25	18	53	60	0.005625	5.97
1169	25	18	60	67	0.003297	2.22
1170	25	17	33	41	0.070672	9.0
1171	25	17	41	49	0.021535	6.01
1172	25	17	49	57	0.009267	4.86
1173	25	17	57	65	0.005124	6.21
1174	25	16	34	43	0.067636	8.38
1175	25	16	43	52	0.019031	5.18
1176	25	16	52	61	0.008866	5.47
1177	25	16	61	70	0.004404	4.57
1178	26	25	27	28	1.314539	1.02
1179	26	25	28	29	0.23521	-0.7
1180	26	25	29	30	0.076927	3.75
1181	26	25	30	31	0.025013	22.44
1182	26	25	31	32	0.011142	21.79
1183	26	25	32	33	0.006454	17.02
1184	26	25	33	34	0.004696	12.86
1185	26	25	34	35	0.003651	13.71
1186	26	24	30	32	0.058068	22.89
1187	26	24	32	34	0.019909	15.99
1188	26	24	34	36	0.01203	12.2
1189	26	24	36	38	0.007922	11.1
1190	26	24	38	40	0.005586	12.32
1191	26	24	40	42	0.003752	10.06
1192	26	24	42	44	0.002629	11.77
1193	26	23	32	35	0.035243	14.43
1194	26	23	35	38	0.018139	9.54
1195	26	23	41	44	0.006237	8.91
1196	26	23	44	47	0.003776	6.66
1197	26	23	50	53	0.001901	8.6
1198	26	22	34	38	0.033426	10.48
1199	26	22	42	46	0.008299	7.08
1200	26	22	46	50	0.004746	8.45
1201	26	22	50	54	0.003192	8.25
1202	26	21	36	41	0.031407	8.52
1203	26	21	41	46	0.013474	7.54
1204	26	21	46	51	0.006779	7.74
1205	26	21	51	56	0.004229	2.43
1206	26	21	56	61	0.002898	5.22
1207	26	21	61	66	0.001889	-0.24
1208	26	21	66	71	0.001262	6.93
1209	26	20	32	38	0.079293	12.03
1210	26	20	38	44	0.028075	7.46
1211	26	20	44	50	0.011131	6.25
1212	26	20	50	56	0.006104	4.2
1213	26	20	56	62	0.003859	6.54
1214	26	20	62	68	0.002323	2.07
1215	26	19	33	40	0.075834	10.0
1216	26	19	40	47	0.023709	6.75
1217	26	19	47	54	0.009911	6.57
1218	26	19	54	61	0.005585	5.19
1219	26	19	61	68	0.00318	3.36
1220	26	18	34	42	0.072165	9.11
1221	26	18	42	50	0.020823	5.8
1222	26	18	50	58	0.009192	6.71
1223	26	18	58	66	0.004982	4.08
1224	26	17	35	44	0.068164	8.27
1225	26	17	44	53	0.018785	5.45
1226	26	17	53	62	0.008682	5.28
1227	26	17	62	71	0.004304	0.51
1228	27	26	28	29	1.386082	0.54
1229	27	26	29	30	0.249068	2.94
1230	27	26	30	31	0.060602	18.99
1231	27	26	32	33	0.01025	20.7
1232	27	26	33	34	0.00686	19.26
1233	27	26	34	35	0.00499	17.37
1234	27	26	35	36	0.003636	16.71
1235	27	25	33	35	0.020246	15.42
1236	27	25	37	39	0.007344	12.64
1237	27	25	39	41	0.004977	9.73
1238	27	25	41	43	0.003393	8.21
1239	27	24	30	33	0.161484	20.79
1240	27	24	33	36	0.036105	14.21
1241	27	24	36	39	0.018015	11.45
1242	27	24	39	42	0.009935	10.5
1243	27	24	42	45	0.005707	10.68
1244	27	24	45	48	0.003453	8.55
1245	27	23	35	39	0.033132	11.1
1246	27	23	39	43	0.015443	9.29
1247	27	23	43	47	0.007583	8.48
1248	27	23	55	59	0.002144	6.63
1249	27	23	59	63	0.001571	1.91
1250	27	22	37	42	0.030126	10.29
1251	27	22	42	47	0.012601	8.21
1252	27	22	47	52	0.006471	6.79
1253	27	22	52	57	0.004177	5.97
1254	27	22	57	62	0.002797	6.71
1255	27	22	67	72	0.001216	5.12
1256	27	21	33	39	0.082238	12.29
1257	27	21	39	45	0.026761	8.42
1258	27	21	45	51	0.010731	5.12
1259	27	21	51	57	0.005976	10.25
1260	27	21	57	63	0.003764	9.02
1261	27	21	63	69	0.002246	10.43
1262	27	20	34	41	0.077767	10.71
1263	27	20	41	48	0.022971	7.59
1264	27	20	48	55	0.009885	6.62
1265	27	20	55	62	0.005509	6.07
1266	27	20	62	69	0.003119	3.62
1267	27	19	43	51	0.02002	7.59
1268	27	19	51	59	0.009091	4.19
1269	27	19	59	67	0.004873	5.66
1270	27	18	36	45	0.067825	9.15
1271	27	18	45	54	0.018308	6.18
1272	27	18	54	63	0.008491	5.62
1273	27	18	63	72	0.00416	5.35
1274	28	27	30	31	0.260258	14.02
1275	28	27	31	32	0.061655	22.52
1276	28	27	33	34	0.012013	23.68
1277	28	27	35	36	0.005329	21.38
1278	28	27	36	37	0.004084	20.16
1279	28	26	30	32	0.403415	16.62
1280	28	26	32	34	0.050666	22.32
1281	28	26	34	36	0.021844	18.86
1282	28	26	36	38	0.012014	17.0
1283	28	26	38	40	0.007651	17.71
1284	28	26	40	42	0.004797	16.09
1285	28	26	42	44	0.003229	17.8
1286	28	26	44	46	0.002185	15.5
1287	28	25	34	37	0.037789	17.21
1288	28	25	37	40	0.017216	16.54
1289	28	25	40	43	0.009206	14.61
1290	28	25	43	46	0.00517	14.17
1291	28	25	46	49	0.003249	12.9
1292	28	25	49	52	0.002208	14.75
1293	28	24	36	40	0.033229	14.17
1294	28	24	40	44	0.014434	12.71
1295	28	24	44	48	0.007068	9.64
1296	28	23	38	43	0.029519	11.49
1297	28	23	43	48	0.011678	11.23
1298	28	23	48	53	0.00625	11.42
1299	28	23	53	58	0.003919	9.27
1300	28	23	63	68	0.001675	12.9
1301	28	22	40	46	0.025302	10.7
1302	28	22	46	52	0.010221	9.18
1303	28	22	52	58	0.005914	7.32
1304	28	22	58	64	0.003573	5.28
1305	28	21	42	49	0.022067	9.93
1306	28	21	56	63	0.005405	8.18
1307	28	21	63	70	0.003016	8.54
1308	28	20	44	52	0.019462	8.79
1309	28	20	52	60	0.009144	7.71
1310	29	28	32	33	0.052603	24.88
1311	29	27	31	33	0.373143	19.5
1312	29	25	41	45	0.012611	21.16
1313	29	25	45	49	0.006193	18.6
1314	29	25	53	57	0.002547	8.97
1315	29	24	49	54	0.005638	15.77
1316	29	23	47	53	0.009518	10.75
1317	29	23	53	59	0.005359	7.89
1318	29	23	59	65	0.003286	3.21
1319	29	22	64	71	0.002823	8.71
1320	29	21	45	53	0.018327	12.35
1321	29	21	53	61	0.008572	6.72
1322	30	29	33	34	0.079101	7.44
1323	30	29	34	35	0.03631	6.64
1324	30	29	35	36	0.01932	5.52
1325	30	29	36	37	0.012276	2.91
1326	30	29	37	38	0.007413	6.3
1327	30	29	38	39	0.005735	7.17
1328	30	28	36	38	0.027709	14.58
1329	30	28	42	44	0.005011	16.37
1330	30	27	36	39	0.045303	16.38
1331	30	27	39	42	0.018639	16.75
1332	30	27	42	45	0.009188	15.55
1333	30	26	38	42	0.034933	16.63
1334	30	26	42	46	0.013662	15.75
1335	30	26	46	50	0.006697	15.08
1336	30	26	50	54	0.004106	13.05
1337	30	25	35	40	0.106762	15.93
1338	30	25	40	45	0.027801	15.79
1339	30	25	45	50	0.01082	15.43
1340	30	25	55	60	0.003657	12.73
1341	30	24	48	54	0.00986	12.69
1342	30	24	66	72	0.001969	4.98
1343	30	22	46	54	0.018833	11.05
1344	30	22	54	62	0.008759	11.08
1345	30	22	62	70	0.004398	10.35
1346	31	30	33	34	0.271178	0.98
1347	31	30	34	35	0.090178	-1.4
1348	31	30	35	36	0.03969	-2.98
1349	31	30	37	38	0.01207	-2.56
1350	31	29	39	41	0.017879	-4.05
1351	31	29	45	47	0.003957	-6.95
1352	31	29	47	49	0.002827	-5.04
1353	31	28	37	40	0.052195	4.92
1354	31	28	40	43	0.021226	4.41
1355	31	28	43	46	0.010207	3.41
1356	31	28	46	49	0.005684	3.68
1357	31	28	49	52	0.003574	4.08
1358	31	28	52	55	0.002679	2.79
1359	31	28	55	58	0.00186	6.35
1360	31	27	43	47	0.014821	7.59
1361	31	27	47	51	0.007435	6.18
1362	31	27	51	55	0.00454	4.25
1363	31	27	55	59	0.002979	2.97
1364	31	26	46	51	0.011604	13.58
1365	31	25	37	43	0.099724	8.14
1366	31	25	49	55	0.010278	7.46
1367	31	25	55	61	0.005645	7.38
1368	31	24	45	52	0.021102	5.93
1369	31	24	52	59	0.009666	7.27
1370	31	24	59	66	0.005069	4.11
1371	31	23	39	47	0.07674	7.44
1372	31	23	55	63	0.008829	4.33
1373	31	23	63	71	0.004361	3.18
1374	32	31	33	34	1.693291	3.04
1375	32	31	34	35	0.302831	1.08
1376	32	31	35	36	0.095867	0.36
1377	32	31	36	37	0.040465	-1.64
1378	32	31	37	38	0.018872	1.89
1379	32	31	38	39	0.012488	-1.27
1380	32	31	40	41	0.005288	-3.04
1381	32	30	34	36	0.528139	0.22
1382	32	30	36	38	0.093129	-1.94
1383	32	30	38	40	0.035564	-3.71
1384	32	30	40	42	0.016936	-4.91
1385	32	30	44	46	0.005725	-5.56
1386	32	30	48	50	0.002666	-4.2
1387	32	29	38	41	0.058409	-2.61
1388	32	29	44	47	0.010643	-4.84
1389	32	29	47	50	0.006125	-5.45
1390	32	29	56	59	0.002006	-1.38
1391	32	28	36	40	0.170793	1.77
1392	32	28	44	48	0.014812	1.09
1393	32	28	48	52	0.007504	0.66
1394	32	28	52	56	0.004712	-0.42
1395	32	28	56	60	0.003061	2.27
1396	32	28	60	64	0.002058	0.69
1397	32	27	47	52	0.011742	3.54
1398	32	27	52	57	0.006527	3.19
1399	32	27	57	62	0.003963	2.5
1400	32	27	62	67	0.0024	-0.03
1401	32	26	50	56	0.010349	2.46
1402	32	26	56	62	0.005687	4.04
1403	32	26	62	68	0.003165	-1.22
1404	32	24	48	56	0.019453	3.84
1405	32	24	56	64	0.008683	4.92
1406	33	32	34	35	1.810998	1.67
1407	33	32	35	36	0.321194	1.27
1408	33	32	36	37	0.096797	0.35
1409	33	32	37	38	0.036779	5.03
1410	33	32	38	39	0.021339	3.03
1411	33	32	39	40	0.012247	1.6
1412	33	32	40	41	0.007606	3.25
1413	33	32	41	42	0.005215	0.42
1414	33	31	35	37	0.553999	0.73
1415	33	31	39	41	0.033157	-0.42
1416	33	31	41	43	0.01571	-1.38
1417	33	31	43	45	0.008417	-1.58
1418	33	31	45	47	0.004931	-6.45
1419	33	31	47	49	0.0033	-4.79
1420	33	30	36	39	0.26936	0.03
1421	33	30	39	42	0.056223	-2.44
1422	33	30	42	45	0.021174	-3.29
1423	33	30	45	48	0.009787	-4.26
1424	33	30	57	60	0.001869	-5.19
1425	33	29	41	45	0.040629	-2.79
1426	33	29	45	49	0.01509	-4.37
1427	33	29	49	53	0.007759	-3.94
1428	33	29	53	57	0.004722	-3.53
1429	33	29	57	61	0.003166	-3.34
1430	33	29	65	69	0.001404	1.97
1431	33	28	38	43	0.133448	1.52
1432	33	28	43	48	0.029448	-0.04
1433	33	28	48	53	0.011866	0.6
1434	33	28	53	58	0.006375	-0.33
1435	33	28	58	63	0.003852	0.2
1436	33	28	63	68	0.002282	1.81
1437	33	27	51	57	0.010329	3.17
1438	33	27	57	63	0.005588	3.1
1439	33	27	63	69	0.003073	2.17
1440	33	26	54	61	0.009303	0.8
1441	33	26	61	68	0.004645	-1.08
1442	34	33	35	36	1.93895	1.02
1443	34	33	36	37	0.301808	0.46
1444	34	33	37	38	0.084454	5.75
1445	34	33	38	39	0.041922	2.46
1446	34	33	39	40	0.021636	1.58
1447	34	33	40	41	0.012416	2.82
1448	34	33	41	42	0.008009	1.77
1449	34	33	42	43	0.005431	2.27
1450	34	32	36	38	0.519461	1.67
1451	34	32	38	40	0.09719	2.16
1452	34	32	40	42	0.03328	2.04
1453	34	32	42	44	0.015604	2.08
1454	34	32	44	46	0.008188	1.41
1455	34	32	46	48	0.004729	2.19
1456	34	32	50	52	0.002155	-0.27
1457	34	31	37	40	0.257645	3.48
1458	34	31	40	43	0.054579	0.6
1459	34	31	43	46	0.019695	0.69
1460	34	31	46	49	0.009124	-0.01
1461	34	31	49	52	0.005111	1.86
1462	34	31	52	55	0.00355	-1.75
1463	34	31	55	58	0.002344	-5.21
1464	34	30	38	42	0.182881	0.2
1465	34	30	42	46	0.039209	-2.01
1466	34	30	46	50	0.014347	-3.75
1467	34	30	50	54	0.007452	-4.7
1468	34	29	39	44	0.136515	-0.32
1469	34	29	44	49	0.029903	-2.85
1470	34	29	49	54	0.012091	-2.81
1471	34	29	54	59	0.006507	-2.25
1472	34	28	40	46	0.105648	1.5
1473	34	28	46	52	0.023627	-0.2
1474	34	28	52	58	0.010525	3.54
1475	34	28	58	64	0.005489	-0.21
1476	34	27	41	48	0.086931	2.46
1477	34	27	48	55	0.021028	1.58
1478	34	27	55	62	0.009197	2.4
1479	34	27	62	69	0.004551	0.43
1480	35	34	37	38	0.262229	6.45
1481	35	34	38	39	0.100494	2.31
1482	35	34	39	40	0.044357	1.71
1483	35	34	40	41	0.02296	1.52
1484	35	34	41	42	0.013753	1.42
1485	35	34	42	43	0.008836	2.19
1486	35	34	43	44	0.005791	2.83
1487	35	33	37	39	0.488742	5.21
1488	35	33	39	41	0.101397	2.01
1489	35	33	41	43	0.036095	2.21
1490	35	33	43	45	0.016352	2.25
1491	35	33	45	47	0.008441	2.46
1492	35	33	47	49	0.005097	5.61
1493	35	32	38	41	0.284876	2.16
1494	35	32	41	44	0.057356	2.03
1495	35	32	44	47	0.019849	2.16
1496	35	32	47	50	0.009317	1.5
1497	35	32	50	53	0.005316	2.34
1498	35	32	53	56	0.003439	2.13
1499	35	32	56	59	0.00237	-2.88
1500	35	32	59	62	0.001718	3.22
1501	35	31	39	43	0.186286	1.42
1502	35	31	55	59	0.004259	0.43
1503	35	31	67	71	0.001216	6.76
1504	35	30	40	45	0.138799	0.43
1505	35	30	45	50	0.029355	-1.83
1506	35	30	50	55	0.011986	-1.54
1507	35	30	55	60	0.006348	-3.21
1508	35	30	60	65	0.003707	-2.35
1509	35	29	47	53	0.0248	-2.16
1510	35	29	53	59	0.010651	-2.56
1511	35	29	65	71	0.003055	-3.04
1512	35	28	42	49	0.08883	1.71
1513	35	28	49	56	0.021143	0.14
1514	35	28	56	63	0.009278	-0.63
1515	36	35	38	39	0.278769	2.08
1516	36	35	39	40	0.096557	1.65
1517	36	35	40	41	0.043744	2.43
1518	36	35	41	42	0.024027	1.74
1519	36	35	42	43	0.014458	1.81
1520	36	35	43	44	0.009048	3.22
1521	36	35	44	45	0.005988	2.54
1522	36	34	38	40	0.519834	2.03
1523	36	34	40	42	0.104571	2.4
1524	36	34	42	44	0.038197	2.61
1525	36	34	44	46	0.017072	2.19
1526	36	34	46	48	0.008704	2.58
1527	36	34	48	50	0.0054	2.81
1528	36	34	50	52	0.00339	3.29
1529	36	33	39	42	0.287402	2.07
1530	36	33	42	45	0.060207	2.69
1531	36	33	45	48	0.020402	2.43
1532	36	33	48	51	0.009719	3.57
1533	36	33	54	57	0.003568	0.69
1534	36	33	57	60	0.002485	2.94
1535	36	33	60	63	0.001738	1.24
1536	36	32	40	44	0.191593	2.34
1537	36	32	44	48	0.038794	2.04
1538	36	32	48	52	0.014238	2.37
1539	36	32	52	56	0.007576	1.16
1540	36	32	56	60	0.004385	-0.01
1541	36	32	60	64	0.002768	2.16
1542	36	32	68	72	0.001197	3.72
1543	36	31	41	46	0.141945	1.88
1544	36	31	46	51	0.028923	-1.84
1545	36	31	56	61	0.006215	-1.8
1546	36	31	61	66	0.003499	-1.24
1547	36	31	66	71	0.002123	5.25
1548	36	30	48	54	0.024878	-1.17
1549	36	30	54	60	0.010495	0.14
1550	36	30	60	66	0.005376	-2.78
1551	36	30	66	72	0.002935	3.34
1552	36	29	50	57	0.021952	-1.52
1553	36	29	57	64	0.009483	-0.83
1554	36	29	64	71	0.004557	-4.63
1555	37	36	38	39	1.661875	2.29
1556	37	36	39	40	0.310854	1.3
1557	37	36	40	41	0.10973	2.15
1558	37	36	41	42	0.05276	2.35
1559	37	36	42	43	0.028897	2.73
1560	37	36	43	44	0.016964	2.55
1561	37	36	44	45	0.010696	3.27
1562	37	36	45	46	0.007012	2.55
1563	37	35	39	41	0.560231	1.62
1564	37	35	41	43	0.120119	2.58
1565	37	35	43	45	0.04273	2.96
1566	37	35	45	47	0.018735	2.82
1567	37	35	47	49	0.009963	2.64
1568	37	35	53	55	0.0028	6.69
1569	37	34	40	43	0.318955	2.44
1570	37	34	43	46	0.066692	2.61
1571	37	34	46	49	0.022567	3.25
1572	37	34	49	52	0.010402	4.06
1573	37	34	52	55	0.006424	2.22
1574	37	34	55	58	0.003876	2.78
1575	37	34	61	64	0.001804	1.89
1576	37	33	41	45	0.215219	2.62
1577	37	33	45	49	0.042318	2.39
1578	37	33	49	53	0.015534	3.39
1579	37	33	53	57	0.007945	1.89
1580	37	33	57	61	0.004724	0.03
1581	37	33	61	65	0.0029	2.08
1582	37	33	65	69	0.001872	3.45
1583	37	32	42	47	0.154927	2.81
1584	37	32	47	52	0.030893	2.25
1585	37	32	52	57	0.012758	2.13
1586	37	32	57	62	0.006549	0.81
1587	37	32	62	67	0.003563	-1.69
1588	37	32	67	72	0.002151	5.67
1589	37	31	49	55	0.025564	1.47
1590	37	31	55	61	0.010666	1.36
1591	37	31	61	67	0.005307	0.77
1592	37	30	58	65	0.009481	-0.6
1593	38	37	39	40	1.304645	0.85
1594	38	37	40	41	0.265407	1.72
1595	38	37	41	42	0.102465	2.0
1596	38	37	42	43	0.04948	2.81
1597	38	37	43	44	0.026812	2.76
1598	38	37	44	45	0.015946	3.09
1599	38	37	45	46	0.009979	2.55
1600	38	37	46	47	0.006356	4.77
1601	38	36	40	42	0.529966	1.94
1602	38	36	42	44	0.122154	2.82
1603	38	36	44	46	0.043679	2.78
1604	38	36	46	48	0.018919	4.02
1605	38	36	48	50	0.010368	4.63
1606	38	36	50	52	0.005967	5.38
1607	38	36	52	54	0.004315	2.54
1608	38	35	41	44	0.324752	2.47
1609	38	35	44	47	0.067818	2.82
1610	38	35	47	50	0.023403	3.45
1611	38	35	50	53	0.011104	2.67
1612	38	35	53	56	0.006413	5.01
1613	38	34	42	46	0.221041	2.91
1614	38	34	46	50	0.043451	3.17
1615	38	34	50	54	0.016332	4.86
1616	38	34	54	58	0.008293	4.06
1617	38	34	58	62	0.004852	4.72
1618	38	34	66	70	0.001893	0.39
1619	38	33	43	48	0.158183	2.97
1620	38	33	48	53	0.032609	2.55
1621	38	33	53	58	0.013018	1.62
1622	38	33	58	63	0.006665	1.75
1623	38	33	63	68	0.00363	-0.98
1624	38	32	44	50	0.12035	2.88
1625	38	32	50	56	0.026386	1.69
1626	38	32	56	62	0.010927	1.42
1627	38	32	62	68	0.005255	0.58
1628	39	38	40	41	1.234356	1.17
1629	39	38	41	42	0.288461	1.35
1630	39	38	42	43	0.11294	2.16
1631	39	38	43	44	0.054624	2.54
1632	39	38	44	45	0.030049	2.5
1633	39	38	45	46	0.017773	1.88
1634	39	38	46	47	0.01078	4.26
1635	39	38	47	48	0.007193	6.4
1636	39	37	41	43	0.553372	1.74
1637	39	37	43	45	0.127549	2.55
1638	39	37	45	47	0.044935	3.03
1639	39	37	47	49	0.020315	3.46
1640	39	37	53	55	0.004387	3.24
1641	39	37	55	57	0.002938	1.44
1642	39	36	42	45	0.346416	2.54
1643	39	36	45	48	0.07182	3.12
1644	39	36	48	51	0.025356	7.12
1645	39	36	54	57	0.006852	3.62
1646	39	36	57	60	0.004344	3.03
1647	39	35	43	47	0.233855	2.83
1648	39	35	47	51	0.046663	4.2
1649	39	35	51	55	0.017876	0.15
1650	39	35	55	59	0.008703	2.67
1651	39	35	59	63	0.005114	1.72
1652	39	35	63	67	0.003015	0.41
1653	39	35	67	71	0.001937	2.19
1654	39	34	44	49	0.168601	3.06
1655	39	34	49	54	0.034644	2.86
1656	39	34	54	59	0.013837	3.09
1657	39	34	59	64	0.006971	1.32
1658	39	34	64	69	0.003804	3.85
1659	39	33	57	63	0.011503	1.33
1660	39	33	63	69	0.005439	-0.03
1661	40	39	41	42	1.27077	1.29
1662	40	39	42	43	0.295145	1.86
1663	40	39	43	44	0.115488	1.92
1664	40	39	44	45	0.056482	2.35
1665	40	39	45	46	0.030807	1.95
1666	40	39	46	47	0.017589	4.44
1667	40	39	47	48	0.011174	4.05
1668	40	39	48	49	0.007748	3.58
1669	40	38	42	44	0.578143	1.95
1670	40	38	44	46	0.135225	2.25
1671	40	38	46	48	0.046799	3.87
1672	40	38	48	50	0.021806	3.3
1673	40	38	50	52	0.011176	5.32
1674	40	38	52	54	0.007446	4.5
1675	40	38	54	56	0.004667	5.79
1676	40	37	43	46	0.357978	2.22
1677	40	37	46	49	0.074056	3.63
1678	40	37	49	52	0.025585	4.05
1679	40	37	52	55	0.013232	3.27
1680	40	37	55	58	0.007049	3.17
1681	40	37	58	61	0.004475	0.61
1682	40	37	61	64	0.002867	3.01
1683	40	36	44	48	0.244565	2.79
1684	40	36	48	52	0.049364	3.42
1685	40	36	52	56	0.019351	2.91
1686	40	36	56	60	0.009309	3.92
1687	40	36	60	64	0.005232	2.56
1688	40	36	64	68	0.003119	-1.08
1689	40	36	68	72	0.002016	3.56
1690	40	35	45	50	0.175765	3.01
1691	40	35	50	55	0.037085	3.34
1692	40	35	55	60	0.014458	2.76
1693	40	35	60	65	0.007135	2.31
1694	40	35	65	70	0.003878	1.42
1695	40	34	46	52	0.132589	3.71
1696	40	34	52	58	0.030615	3.21
1697	40	34	58	64	0.011883	2.55
1698	40	34	64	70	0.005619	1.08
1699	41	40	42	43	1.150096	1.69
1700	41	40	43	44	0.282422	1.56
1701	41	40	44	45	0.113417	1.95
1702	41	40	45	46	0.055286	1.59
1703	41	40	46	47	0.029211	3.99
1704	41	40	47	48	0.017463	3.31
1705	41	40	48	49	0.011529	2.4
1706	41	40	49	50	0.007288	4.28
1707	41	39	43	45	0.56773	1.78
1708	41	39	45	47	0.132992	2.49
1709	41	39	47	49	0.047991	3.13
1710	41	39	49	51	0.021452	2.01
1711	41	39	51	53	0.011808	7.94
1712	41	39	53	55	0.007329	2.66
1713	41	39	55	57	0.004602	0.72
1714	41	39	57	59	0.003212	2.42
1715	41	38	44	47	0.361427	2.29
1716	41	38	47	50	0.076547	3.25
1717	41	38	50	53	0.027397	4.14
1718	41	38	53	56	0.013311	3.38
1719	41	38	56	59	0.007346	3.54
1720	41	38	59	62	0.004628	4.14
1721	41	38	62	65	0.002886	2.43
1722	41	37	45	49	0.246123	2.78
1723	41	37	49	53	0.050428	3.72
1724	41	37	53	57	0.019287	3.15
1725	41	37	57	61	0.009532	3.42
1726	41	37	61	65	0.005153	0.18
1727	41	37	65	69	0.00313	3.27
1728	41	36	46	51	0.178301	5.4
1729	41	36	56	61	0.015108	3.29
1730	41	36	61	66	0.007192	2.91
1731	41	36	66	71	0.003963	4.63
1732	41	35	47	53	0.138477	3.58
1733	41	35	53	59	0.031138	2.9
1734	41	35	59	65	0.012157	3.75
1735	41	35	65	71	0.005698	2.78
1736	42	41	43	44	1.174896	1.05
1737	42	41	44	45	0.287614	1.5
1738	42	41	45	46	0.114394	1.17
1739	42	41	46	47	0.053759	3.57
1740	42	41	47	48	0.02975	3.22
1741	42	41	48	49	0.018495	2.46
1742	42	41	49	50	0.011119	3.48
1743	42	40	44	46	0.570449	1.53
1744	42	40	46	48	0.130264	3.56
1745	42	40	48	50	0.048483	2.88
1746	42	40	50	52	0.02138	4.3
1747	42	40	52	54	0.012789	3.82
1748	42	40	54	56	0.007361	2.86
1749	42	40	56	58	0.004739	5.13
1750	42	40	58	60	0.003235	5.87
1751	42	39	45	48	0.359528	2.39
1752	42	39	48	51	0.077977	1.84
1753	42	39	51	54	0.028315	7.49
1754	42	39	54	57	0.013511	2.86
1755	42	39	57	60	0.007514	2.42
1756	42	39	60	63	0.004552	2.34
1757	42	39	63	66	0.00285	2.96
1758	42	39	66	69	0.001942	2.39
1759	42	38	46	50	0.247282	3.5
1760	42	38	50	54	0.05283	3.6
1761	42	38	54	58	0.020035	2.35
1762	42	38	58	62	0.009726	3.38
1763	42	38	62	66	0.005196	-0.9
1764	42	38	66	70	0.00313	3.92
1765	42	37	47	52	0.18193	3.48
1766	42	37	52	57	0.041069	3.21
1767	42	37	57	62	0.015396	2.9
1768	42	37	62	67	0.007153	2.01
1769	42	37	67	72	0.003887	1.68
1770	42	36	48	54	0.143772	3.5
1771	42	36	54	60	0.032303	2.86
1772	42	36	60	66	0.012228	2.59
1773	42	36	66	72	0.005743	2.44
1774	43	42	44	45	1.325272	1.03
1775	43	42	45	46	0.303996	0.83
1776	43	42	46	47	0.115421	3.24
1777	43	42	47	48	0.056809	2.86
1778	43	42	48	49	0.032423	1.78
1779	43	42	49	50	0.018273	2.66
1780	43	41	45	47	0.587322	1.65
1781	43	41	47	49	0.137538	2.61
1782	43	41	49	51	0.048727	3.96
1783	43	41	51	53	0.023398	3.17
1784	43	41	53	55	0.012974	2.98
1785	43	41	55	57	0.007485	2.59
1786	43	41	57	59	0.004893	1.68
1787	43	41	59	61	0.003392	2.75
1788	43	40	46	49	0.364803	3.15
1789	43	40	49	52	0.077571	3.78
1790	43	40	52	55	0.030912	3.71
1791	43	40	55	58	0.013728	3.66
1792	43	40	58	61	0.007645	3.25
1793	43	40	61	64	0.004482	3.42
1794	43	40	64	67	0.002866	1.24
1795	43	39	47	51	0.254664	6.39
1796	43	39	55	59	0.020266	3.75
1797	43	39	59	63	0.009856	2.43
1798	43	38	48	53	0.191136	2.9
1799	43	38	53	58	0.041913	3.15
1800	43	38	58	63	0.01571	2.86
1801	43	38	63	68	0.00719	2.35
1802	44	43	45	46	1.299213	0.87
1803	44	43	46	47	0.285704	3.24
1804	44	43	47	48	0.115074	2.75
1805	44	43	48	49	0.058265	1.74
1806	44	42	46	48	0.572837	3.07
1807	44	42	48	50	0.139183	2.37
1808	44	42	50	52	0.049193	4.02
1809	44	42	52	54	0.02557	3.5
1810	44	42	54	56	0.013197	4.92
1811	44	42	60	62	0.003381	2.67
1812	44	41	47	50	0.370342	2.73
1813	44	41	50	53	0.081572	4.06
1814	44	41	53	56	0.030664	3.19
1815	44	41	56	59	0.01403	-0.89
1816	44	41	62	65	0.00443	3.22
1817	44	41	65	68	0.002847	3.03
1818	44	41	68	71	0.00193	5.91
1819	44	40	48	52	0.258112	3.04
1820	44	40	52	56	0.059041	3.25
1821	44	40	56	60	0.020854	4.12
1822	44	40	68	72	0.003087	0.81
1823	44	39	49	54	0.191633	3.81
1824	44	39	54	59	0.042719	3.48
1825	44	39	59	64	0.015742	2.79
1826	45	44	46	47	1.23802	5.16
1827	45	44	47	48	0.297635	2.66
1828	45	44	48	49	0.12151	1.54
1829	45	44	49	50	0.055556	2.81
1830	45	44	50	51	0.031074	2.62
1831	45	44	51	52	0.018288	5.76
1832	45	44	52	53	0.013868	2.15
1833	45	44	53	54	0.008708	3.41
1834	45	43	47	49	0.592196	2.4
1835	45	43	49	51	0.13529	2.92
1836	45	43	51	53	0.052579	4.7
1837	45	43	53	55	0.025483	3.33
1838	45	43	55	57	0.013262	3.22
1839	45	43	57	59	0.007924	3.93
1840	45	43	59	61	0.00514	3.6
1841	45	43	61	63	0.003301	5.01
1842	45	42	48	51	0.37595	5.18
1843	45	42	54	57	0.031657	3.74
1844	45	42	57	60	0.014594	3.76
1845	45	42	60	63	0.007766	2.04
1846	45	42	63	66	0.004424	6.01
1847	45	42	66	69	0.00287	2.44
1848	45	41	49	53	0.259842	3.65
1849	45	41	53	57	0.059285	3.19
1850	45	41	57	61	0.021428	3.57
1851	45	41	61	65	0.009599	3.18
1852	45	41	65	69	0.005137	2.37
1853	45	40	50	55	0.199185	4.0
1854	45	40	55	60	0.043375	2.82
1855	45	40	60	65	0.015601	3.62
1856	45	40	65	70	0.007111	3.18
1857	46	45	47	48	1.290532	4.02
1858	46	45	48	49	0.313226	1.83
1859	46	45	49	50	0.114835	2.98
1860	46	45	50	51	0.057424	4.53
1861	46	45	51	52	0.030612	2.75
1862	46	45	52	53	0.022298	2.9
1863	46	45	53	54	0.013464	2.58
1864	46	45	54	55	0.009458	4.02
1865	46	44	48	50	0.604759	2.13
1866	46	44	50	52	0.137475	3.82
1867	46	44	52	54	0.058385	3.17
1868	46	44	54	56	0.026554	3.09
1869	46	44	56	58	0.014079	4.21
1870	46	44	58	60	0.008235	3.75
1871	46	44	60	62	0.005196	2.91
1872	46	43	49	52	0.367694	3.45
1873	46	43	52	55	0.093718	3.04
1874	46	43	55	58	0.032329	3.27
1875	46	43	58	61	0.014926	3.12
1876	46	43	61	64	0.007658	2.25
1877	46	42	50	54	0.270548	3.84
1878	46	42	54	58	0.061782	3.0
1879	46	42	58	62	0.02186	3.97
1880	46	42	62	66	0.009618	3.94
1881	46	42	66	70	0.005142	2.75
1882	46	41	51	56	0.207935	2.1
1883	46	41	56	61	0.045154	3.46
1884	46	41	61	66	0.015577	3.22
1885	46	41	66	71	0.007152	3.03
1886	47	46	48	49	1.318495	3.53
1887	47	46	49	50	0.282666	3.21
1888	47	46	50	51	0.113174	6.4
1889	47	46	52	53	0.036173	2.58
1890	47	46	53	54	0.020715	3.46
1891	47	46	54	55	0.014042	3.27
1892	47	46	55	56	0.009046	3.39
1893	47	45	49	51	0.567256	4.23
1894	47	45	51	53	0.143748	-0.15
1895	47	45	53	55	0.057744	3.15
1896	47	45	55	57	0.026609	3.58
1897	47	45	57	59	0.0144	3.24
1898	47	45	59	61	0.008578	3.53
1899	47	45	61	63	0.0052	3.92
1900	47	45	63	65	0.003338	6.79
1901	47	44	50	53	0.376669	3.69
1902	47	44	53	56	0.092674	2.86
1903	47	44	56	59	0.033437	4.12
1904	47	44	59	62	0.015377	3.88
1905	47	44	62	65	0.007703	3.69
1906	47	44	65	68	0.004484	3.01
1907	47	44	68	71	0.002836	1.4
1908	47	43	51	55	0.278321	1.67
1909	47	43	55	59	0.062279	3.45
1910	47	43	59	63	0.022261	3.29
1911	47	43	63	67	0.009661	3.0
1912	47	43	67	71	0.005083	2.61
1913	47	42	52	57	0.222701	3.3
1914	47	42	57	62	0.046216	3.46
1915	47	42	62	67	0.01563	2.85
1916	47	42	67	72	0.00708	2.46
1917	48	47	49	50	1.203725	5.45
1918	48	47	50	51	0.286158	5.08
1919	48	47	51	52	0.108182	2.06
1920	48	47	52	53	0.064354	2.54
1921	48	47	53	54	0.033978	2.85
1922	48	47	54	55	0.021892	2.96
1923	48	47	55	56	0.013615	2.67
1924	48	47	56	57	0.009467	5.05
1925	48	46	50	52	0.561098	4.09
1926	48	46	52	54	0.155291	2.69
1927	48	46	54	56	0.058654	2.69
1928	48	46	56	58	0.027626	4.3
1929	48	46	58	60	0.014699	3.1
1930	48	46	60	62	0.008572	3.34
1931	48	46	62	64	0.005172	3.29
1932	48	46	64	66	0.003424	2.47
1933	48	45	51	54	0.383403	1.54
1934	48	45	54	57	0.095214	3.18
1935	48	45	57	60	0.034559	3.9
1936	48	45	60	63	0.015441	3.66
1937	48	45	63	66	0.007795	4.33
1938	48	45	66	69	0.00459	4.72
1939	48	44	52	56	0.29879	2.86
1940	48	44	56	60	0.064722	3.81
1941	48	44	60	64	0.022305	3.53
1942	48	44	64	68	0.009803	3.31
1943	48	44	68	72	0.005165	0.72
1944	49	48	51	52	0.28714	0.83
1945	49	48	52	53	0.135195	2.33
1946	49	48	53	54	0.062466	2.55
1947	49	48	54	55	0.037208	2.37
1948	49	48	55	56	0.021956	2.03
1949	49	48	56	57	0.014686	5.24
1950	49	48	57	58	0.010177	3.94
1951	49	47	51	53	0.593568	-0.01
1952	49	47	53	55	0.1556	2.61
1953	49	47	55	57	0.059792	3.38
1954	49	47	57	59	0.028748	3.17
1955	49	47	59	61	0.015661	4.21
1956	49	47	61	63	0.008845	3.38
1957	49	47	63	65	0.005388	4.8
1958	49	47	65	67	0.003609	3.75
1959	49	46	52	55	0.425983	2.5
1960	49	46	55	58	0.097232	3.45
1961	49	46	58	61	0.035718	3.81
1962	49	46	61	64	0.01569	3.79
1963	49	46	64	67	0.008181	3.17
1964	49	46	67	70	0.00464	4.77
1965	49	45	53	57	0.299725	2.94
1966	49	45	57	61	0.067443	3.65
1967	49	45	61	65	0.022819	3.78
1968	49	45	65	69	0.010183	4.06
1969	50	49	51	52	1.217835	2.62
1970	50	49	52	53	0.331773	2.43
1971	50	49	53	54	0.118975	2.34
1972	50	49	54	55	0.062317	2.34
1973	50	49	55	56	0.033928	2.31
1974	50	49	56	57	0.0215	4.8
1975	50	49	57	58	0.01428	3.66
1976	50	49	58	59	0.009427	3.51
1977	50	48	52	54	0.648244	2.4
1978	50	48	54	56	0.155497	2.23
1979	50	48	56	58	0.060738	4.16
1980	50	48	58	60	0.02869	3.85
1981	50	48	60	62	0.015415	4.02
1982	50	48	62	64	0.008703	3.0
1983	50	48	64	66	0.005473	4.6
1984	50	48	66	68	0.003591	6.81
1985	50	47	53	56	0.406384	2.44
1986	50	47	56	59	0.09828	3.88
1987	50	47	59	62	0.036272	4.47
1988	50	47	62	65	0.015717	3.19
1989	50	47	65	68	0.008211	5.34
1990	50	47	68	71	0.004783	1.42
1991	50	46	54	58	0.302459	3.0
1992	50	46	58	62	0.067457	3.81
1993	50	46	62	66	0.022829	3.96
1994	50	46	66	70	0.010214	4.04
1995	51	50	52	53	1.552035	4.09
1996	51	50	53	54	0.302428	2.22
1997	51	50	54	55	0.125699	1.78
1998	51	50	55	56	0.06009	1.8
1999	51	50	56	57	0.03513	4.35
2000	51	50	57	58	0.022033	2.78
2001	51	50	58	59	0.013929	2.79
2002	51	50	59	60	0.009931	4.0
2003	51	49	53	55	0.609008	2.16
2004	51	49	55	57	0.150708	2.92
2005	51	49	57	59	0.059735	3.06
2006	51	49	59	61	0.028873	3.9
2007	51	49	61	63	0.014982	2.76
2008	51	49	63	65	0.008587	3.53
2009	51	49	65	67	0.005461	3.78
2010	51	48	54	57	0.412417	2.56
2011	51	48	57	60	0.099195	3.22
2012	51	48	60	63	0.035892	3.66
2013	51	48	63	66	0.015715	0.08
2014	51	48	69	72	0.004726	4.54
2015	51	47	55	59	0.298898	3.21
2016	51	47	59	63	0.068415	3.66
2017	51	47	63	67	0.023103	5.04
2018	51	47	67	71	0.010294	2.66
2019	52	51	53	54	1.057652	2.78
2020	52	51	54	55	0.276404	2.04
2021	52	51	55	56	0.106933	1.97
2022	52	51	56	57	0.055458	4.32
2023	52	51	57	58	0.032111	3.03
2024	52	51	58	59	0.01925	3.27
2025	52	51	59	60	0.013197	3.34
2026	52	51	60	61	0.008877	4.4
2027	52	50	54	56	0.56883	1.98
2028	52	50	56	58	0.144757	3.87
2029	52	50	58	60	0.05639	3.21
2030	52	50	60	62	0.026986	3.66
2031	52	50	62	64	0.014062	3.13
2032	52	50	64	66	0.008333	3.6
2033	52	50	66	68	0.005202	3.88
2034	52	50	68	70	0.00346	1.58
2035	52	49	55	58	0.381316	3.0
2036	52	49	58	61	0.093685	3.3
2037	52	49	61	64	0.03367	3.82
2038	52	49	64	67	0.015363	3.51
2039	52	49	67	70	0.007913	3.38
2040	52	48	56	60	0.290458	3.84
2041	52	48	60	64	0.065214	3.76
2042	52	48	64	68	0.022652	4.26
2043	52	48	68	72	0.010162	3.66
2044	53	52	54	55	1.392868	2.86
2045	53	52	55	56	0.320656	2.16
2046	53	52	56	57	0.133178	4.14
2047	53	52	57	58	0.067444	2.88
2048	53	52	58	59	0.037182	2.52
2049	53	52	59	60	0.024062	3.71
2050	53	52	60	61	0.015447	3.42
2051	53	52	61	62	0.010384	4.38
2052	53	51	55	57	0.615955	2.76
2053	53	51	57	59	0.156044	2.82
2054	53	51	59	61	0.061624	3.79
2055	53	51	61	63	0.028405	3.13
2056	53	51	63	65	0.015007	4.49
2057	53	51	65	67	0.008976	3.99
2058	53	51	67	69	0.005577	5.94
2059	53	51	69	71	0.00364	6.0
2060	53	50	56	59	0.415653	3.66
2061	53	50	59	62	0.100142	3.81
2062	53	50	62	65	0.035281	3.5
2063	53	50	65	68	0.016064	4.2
2064	53	50	68	71	0.008504	1.89
2065	54	53	55	56	1.30097	3.51
2066	54	53	56	57	0.327594	4.57
2067	54	53	57	58	0.131251	2.64
2068	54	53	58	59	0.063355	2.23
2069	54	53	59	60	0.037583	3.75
2070	54	53	60	61	0.022668	3.45
2071	54	53	61	62	0.014632	3.69
2072	54	53	62	63	0.009903	2.85
2073	54	52	56	58	0.659229	3.93
2074	54	52	58	60	0.162248	2.91
2075	54	52	60	62	0.063224	3.68
2076	54	52	62	64	0.029361	3.24
2077	54	52	64	66	0.016025	3.39
2078	54	52	66	68	0.009401	3.99
2079	54	52	68	70	0.005944	3.56
2080	54	51	57	60	0.425404	2.88
2081	54	51	60	63	0.100093	3.19
2082	54	51	63	66	0.03591	4.0
2083	54	51	66	69	0.016621	4.2
2084	54	51	69	72	0.008495	3.41
2085	55	54	56	57	1.430592	6.9
2086	55	54	57	58	0.341944	2.81
2087	55	54	58	59	0.132517	2.11
2088	55	54	59	60	0.069083	3.34
2089	55	54	60	61	0.03829	3.21
2090	55	54	61	62	0.023274	2.7
2091	55	54	62	63	0.015112	1.32
2092	55	54	63	64	0.010127	5.32
2093	55	53	57	59	0.668849	2.59
2094	55	53	59	61	0.167729	3.22
2095	55	53	61	63	0.063052	2.98
2096	55	53	63	65	0.029659	4.09
2097	55	53	65	67	0.016412	4.08
2098	55	53	67	69	0.009548	3.38
2099	55	53	69	71	0.00594	2.21
2100	55	52	58	61	0.440136	2.86
2101	55	52	61	64	0.103128	3.0
2102	55	52	64	67	0.038448	3.3
2103	55	52	67	70	0.017279	3.88
2104	56	55	57	58	1.30816	4.88
2105	56	55	58	59	0.313375	2.4
2106	56	55	59	60	0.132219	3.24
2107	56	55	60	61	0.064406	2.85
2108	56	55	61	62	0.036045	3.79
2109	56	55	62	63	0.022129	1.02
2110	56	55	63	64	0.014274	4.67
2111	56	55	64	65	0.010079	2.62
2112	56	54	58	60	0.647108	2.61
2113	56	54	60	62	0.162123	3.17
2114	56	54	62	64	0.06175	2.73
2115	56	54	64	66	0.03015	2.91
2116	56	54	66	68	0.016371	4.2
2117	56	54	68	70	0.009716	3.12
2118	56	53	59	62	0.43828	3.33
2119	56	53	62	65	0.101343	2.7
2120	56	53	65	68	0.038033	4.17
2121	56	53	68	71	0.01761	2.64
2122	57	56	58	59	1.236664	3.96
2123	57	56	59	60	0.327396	3.66
2124	57	56	60	61	0.128952	2.79
2125	57	56	61	62	0.063758	3.39
2126	57	56	62	63	0.036062	0.87
2127	57	56	63	64	0.022046	4.98
2128	57	56	64	65	0.015012	1.75
2129	57	56	65	66	0.010317	3.41
2130	57	55	59	61	0.652872	3.39
2131	57	55	61	63	0.158059	2.35
2132	57	55	63	65	0.061487	3.75
2133	57	55	65	67	0.030538	2.25
2134	57	55	67	69	0.016437	6.54
2135	57	55	69	71	0.009718	2.42
2136	57	54	60	63	0.428046	2.73
2137	57	54	63	66	0.102067	3.72
2138	57	54	66	69	0.039085	4.7
2139	57	54	69	72	0.017624	3.9
2140	58	57	59	60	1.450724	6.13
2141	58	57	60	61	0.330731	3.25
2142	58	57	61	62	0.130561	3.13
2143	58	57	62	63	0.064921	0.95
2144	58	57	63	64	0.03656	4.68
2145	58	57	64	65	0.023475	2.81
2146	58	57	65	66	0.015518	2.83
2147	58	57	66	67	0.011004	4.28
2148	58	56	60	62	0.653869	3.12
2149	58	56	62	64	0.159668	2.1
2150	58	56	64	66	0.064349	2.73
2151	58	56	66	68	0.031404	4.23
2152	58	56	68	70	0.017271	3.66
2153	58	56	70	72	0.01018	4.08
2154	59	58	60	61	1.325836	5.22
2155	59	58	61	62	0.309981	3.18
2156	59	58	62	63	0.123895	0.63
2157	59	58	63	64	0.061674	4.41
2158	59	58	64	65	0.036478	2.66
2159	59	58	65	66	0.022736	3.04
2160	59	58	66	67	0.015537	3.34
2161	59	58	67	68	0.010159	6.75
2162	59	57	61	63	0.629147	2.4
2163	59	57	63	65	0.158263	3.68
2164	59	57	65	67	0.064831	2.94
2165	59	57	67	69	0.03133	4.92
2166	59	57	69	71	0.017197	3.21
2167	60	59	61	62	1.270387	4.59
2168	60	59	62	63	0.306616	0.95
2169	60	59	63	64	0.123762	4.56
2170	60	59	64	65	0.064701	2.73
2171	60	59	65	66	0.037119	2.88
2172	60	59	66	67	0.024016	3.31
2173	60	59	67	68	0.015091	5.03
2174	60	59	68	69	0.011183	3.79
2175	60	58	62	64	0.61573	1.95
2176	60	58	64	66	0.161097	2.59
2177	60	58	66	68	0.064852	4.08
2178	60	58	68	70	0.032051	3.09
2179	60	58	70	72	0.017482	5.18
2180	61	60	62	63	1.304624	2.33
2181	61	60	63	64	0.309899	5.24
2182	61	60	64	65	0.129564	2.4
2183	61	60	65	66	0.065428	2.66
2184	61	60	66	67	0.038742	3.24
2185	61	60	67	68	0.022952	4.84
2186	61	60	68	69	0.016373	3.18
2187	61	60	69	70	0.01065	1.23
2188	61	59	63	65	0.627745	4.25
2189	61	59	65	67	0.165382	2.92
2190	61	59	67	69	0.065685	4.35
2191	61	59	69	71	0.03216	3.99
2192	62	61	64	65	0.31223	3.24
2193	62	61	65	66	0.12655	2.85
2194	62	61	66	67	0.066076	3.38
2195	62	61	67	68	0.036016	5.12
2196	62	61	68	69	0.024236	3.09
2197	62	61	69	70	0.015136	1.68
2198	62	61	70	71	0.011047	4.92
2199	62	60	64	66	0.633484	2.9
2200	62	60	66	68	0.163808	3.96
2201	62	60	68	70	0.066417	2.19
2202	62	60	70	72	0.032349	5.56
2203	63	62	64	65	1.286289	6.31
2204	63	62	67	68	0.06174	5.31
2205	63	62	68	69	0.038265	2.46
2206	63	62	69	70	0.022555	1.29
2207	63	62	70	71	0.015738	6.29
2208	63	62	71	72	0.0104	4.28
2209	64	63	67	68	0.117203	5.46
2210	64	63	68	69	0.064206	2.55
2211	64	63	69	70	0.034808	1.58
2212	64	63	70	71	0.023019	5.37
2213	64	63	71	72	0.014575	4.47
2214	65	64	67	68	0.293029	5.96
2215	65	64	68	69	0.129423	2.42
2216	65	64	69	70	0.061791	1.65
2217	65	64	70	71	0.037644	4.81
2218	65	64	71	72	0.022471	4.05
2219	66	65	68	69	0.312151	2.34
2220	66	65	69	70	0.119183	1.64
2221	66	65	70	71	0.063951	4.75
2222	66	65	71	72	0.035213	3.72
2223	67	66	68	69	1.394048	3.85
2224	67	66	69	70	0.303226	1.84
2225	67	66	70	71	0.130182	4.25
2226	67	66	71	72	0.062949	3.82
